1  0  0  
0.9260653789  0.004652793379  -0.3773344214  
-0.6882761719  0.2292418112  -0.6882761823  
-0.5935510888  -0.5435018625  -0.5935510344  
-0.377334422  0.004652787915  0.9260653787  
-0.1821473425  0.7489698307  0.6370765561  
0.07034825706  -0.7431857519  0.6653766308  
-0.7071067814  -5.849492102e-09  0.707106781  
-4.67427039e-22  2.796153899e-13  -1  
-0.6653766418  0.7431857485  -0.07034818971  
0.6370765016  0.7489698572  -0.1821474243  
-0.02991421772  -0.9991047387  -0.0299142213  
