1  0  0  
0.696880605  0.7171275537  0.009246304183  
0.1883251472  -0.6663030019  0.7215081071  
0.3399221806  -0.5834138472  -0.7376185966  
-0.05715109807  0.9925760472  -0.107361737  
0.2233770409  0.8243184442  0.5201940024  
0.312440075  0.1199236421  0.9423372642  
-0.5016329704  -0.6421993225  0.5796071025  
0.6709905539  -0.7300569424  -0.1295705885  
-0.7516203958  0.4253998769  -0.5040850378  
-0.8047578867  0.0749256252  0.5888555803  
-0.7705102952  -0.3185672109  -0.5521130475  
0.271088207  0.1268905171  -0.9541540655  
