1  0  0  
-0.8059693743  -0.2232881198  -0.5482296811  
0.6184101203  0.7796367158  -0.09866871087  
-0.4204409538  -0.7653107881  -0.4873692665  
0.2607142938  0.2067018958  -0.9430283046  
-0.6184101194  0.6267175842  -0.4741244498  
-0.1003538537  -0.7612582175  0.640636426  
0.42044095  -0.2070160625  0.8833876598  
0.2607142911  -0.8067556734  -0.530257807  
-0.7769376374  -0.3550586697  0.5199050382  
-0.7769376365  0.6172681818  0.1238866447  
0.09027197567  0.3756630676  0.9223492994  
0.6622968109  -0.2826162684  -0.6938955102  
-0.100353852  0.9922302438  -0.07354078939  
