1  0  0  
0.4719910672  -0.2847867475  0.8343386249  
0.7926621207  0.6094172141  -0.01724591234  
0.1861866559  0.1694831419  -0.9677861302  
-0.7678494574  -0.05694851731  0.6380940975  
-0.4719913132  -0.6285660487  0.6181657728  
-0.3344569779  0.9304477233  0.149684883  
-0.7926620919  -0.2485023291  -0.5567166249  
0.3344570201  -0.5380455934  -0.7737218112  
0.2463542731  0.9633879836  -0.1057977562  
0.186186482  -0.7987954758  0.5720667634  
-0.7678494115  0.5504151947  -0.32779627  
0.2463541824  0.3220610526  0.9141040943  
-0.2979519797  -0.8080952807  -0.5081403695  
0.7872306067  -0.5220291739  -0.328258303  
