1  0  0  
-0.7946545766  -0.3004277718  0.5275104338  
-0.1875919887  -0.1084276069  -0.9762441804  
0.1875928876  -0.6615416682  -0.7260657889  
0.4472132286  0.6023950786  0.6611508886  
0.4472131266  -0.4426409775  0.7772190068  
-0.1875923631  -0.9619692422  -0.1985554894  
-0.4472139496  0.09873324006  0.8889608712  
0.7946544141  -0.5531138733  0.2501787468  
-0.7946543234  -0.06701191987  -0.6033522262  
-0.7946544068  -0.5945296705  -0.1227144844  
0.4472138199  0.8149419809  -0.3686046215  
0.1875932  0.4861020958  -0.8535300486  
-0.4472137745  0.8759624781  0.1808025907  
0.1875922802  -0.8949572841  0.4047969813  
-0.7946546371  0.4088553144  0.4487330383  
