1  0  0  
0.8198680988  0.5048346666  -0.2701078674  
0.2578067155  -0.9530511705  0.1588369099  
-6.240382989e-08  0.3570460732  -0.9340867741  
-0.8198678912  0.1959528859  0.5379768651  
-0.7823320963  -0.4497392431  -0.4309189068  
0.2419380493  0.8154503694  -0.5258390204  
-0.5645167646  -0.2947132261  0.7710155231  
-0.4325533381  -0.05766231645  -0.8997625614  
0.4886511499  -0.6865315266  -0.5384185329  
0.2578071684  0.6041077865  0.7540485702  
0.8254217676  -0.2015580689  0.5273075482  
-0.4886515298  -0.8706288675  -0.05678959058  
0.432553445  -0.6431246048  0.6318926015  
1.692662678e-06  0.934086437  0.3570469551  
0.2419388606  -0.2567933298  -0.9356937392  
-0.782332257  0.6225050483  -0.02106429466  
