1  0  0  
-0.285707425  -0.7969628451  0.5321855793  
-0.7744399647  -0.6216058387  -0.1176814442  
-0.09654898037  0.3968067372  -0.912810335  
0.09654898867  -0.8107731255  -0.577343253  
0.2857074259  0.9572664029  0.04485867391  
0.8215846686  -0.1182183288  -0.5576944137  
-0.4373141464  -0.2353673852  0.8679622868  
-0.8215846667  -0.1863778695  -0.5387596173  
0.3113175496  -0.9499372032  -0.02647061007  
0.654031641  -0.3280057081  0.6816559749  
-0.6540316499  0.6326019104  0.4147980519  
0.4373141408  0.6493337683  0.6221912886  
-0.8206613503  0.5505651347  -0.1529476399  
0.7744399652  0.4718369706  -0.4214411151  
-0.2857074282  -0.1689848415  -0.9433002644  
-0.3113175521  0.8001683294  -0.5126519544  
-0.2857074441  0.3417797806  0.8952976254  
