1  0  0  
-0.468891245  -0.6690158372  0.5766791222  
-0.1394835185  -0.9589713341  0.2468163862  
0.04847781157  0.07444276471  -0.9960462723  
-0.08682327923  -0.8893225959  -0.4489621796  
-0.8104635266  -0.3796724761  -0.4460915634  
-0.04828933329  0.5982833408  -0.7998282218  
0.575331521  0.1590755369  -0.8023020718  
0.3571315328  0.5026483409  0.7872748654  
-0.3368668227  0.9415373702  0.005303231712  
-0.8374732197  0.2335507613  -0.4940573329  
0.8175777707  -0.575809057  -0.00324325979  
0.5706531251  0.8094785633  0.1382008188  
0.4860313492  -0.07433190677  0.8707745375  
-0.8546110539  -0.4553166029  0.2496532349  
-0.229096185  0.4293228203  0.8736113861  
0.4902794146  -0.7065758996  0.5102710982  
-0.8277203967  0.221673687  0.5154994873  
0.4993936099  -0.707986615  -0.4993605665  
