1  0  0  
-0.1006229024  -0.9896716832  0.1021028449  
-0.3643396809  -0.3926056097  0.8444628068  
-6.069122965e-07  -0.1026236282  -0.9947202576  
0.548538646  0.06056308076  0.8339289341  
0.4316670785  -0.874688394  -0.2204172107  
0.2667851493  -0.4379635049  0.8584949927  
0.1026117678  0.8986251728  0.4265485013  
-0.8576516627  -0.3222830056  -0.4007084847  
-0.85765158  -0.2336840882  0.4580671503  
0.5485378878  -0.1109706141  -0.8287289716  
-0.431667192  0.8112635361  -0.3943537883  
-0.6273269162  -0.7551486129  -0.190293228  
0.7910431699  -0.3078852391  0.5286372886  
-0.2667847347  0.6040119986  0.7509962788  
0.7910429381  -0.4093285516  -0.4546440443  
0.1026116072  0.7926115244  -0.6010306393  
0.6273270189  0.7003914451  -0.340459447  
-0.3643401344  -0.5567446617  -0.7465196904  
-0.8241359587  0.5634016484  -0.05812490109  
