1  0  0  
0.4999999988  0.1624598468  -0.8506508093  
0.4999999984  -0.6881909633  0.5257311096  
-0.8090169952  -0.2628655517  -0.525731113  
-0.5000000007  0.1624598524  -0.8506508071  
0.8506508083  0.2763931993  -0.4472135974  
-0.8506508082  0.2763932067  -0.447213593  
2.396985592e-09  -4.932994283e-10  1  
-4.424142518e-09  -0.8506508076  -0.5257311134  
-0.8090169933  0.2628655585  0.5257311125  
-0.5000000017  -0.6881909589  0.5257311122  
-2.727184286e-09  -0.8944271915  0.4472135945  
0.3090169922  -0.425325404  -0.8506508092  
0.5257311161  0.7236067951  0.4472135951  
-0.5257311083  0.7236067994  0.4472135974  
0.309016997  0.4253254023  0.8506508083  
-0.3090169911  0.9510565173  1.70540927e-09  
0.809016993  -0.5877852542  -3.062982444e-09  
8.492886854e-10  0.525731113  -0.8506508078  
-0.8090169962  -0.5877852498  1.039380274e-09  
0.3090169974  0.9510565153  8.225878378e-10  
