1  0  0  
0.5709676994  0.8206726407  -0.02218790282  
-0.07263554741  -0.987106802  0.1426332316  
-1.317113188e-08  -0.5862674273  -0.8101175863  
-0.2225660979  0.7897979027  -0.5715624244  
-0.8547288329  0.06201169293  -0.5153573248  
0.4631589166  -0.8859515139  0.02395272656  
-0.3811444896  -0.7489662384  0.5420133318  
-0.07263565118  -0.06488015503  -0.9952460136  
-0.07263563121  0.9250950339  0.3727240847  
0.7094577299  -0.5709287412  0.4131707904  
-0.8547288343  0.5089170143  0.1021865564  
0.5709676673  0.2776027366  -0.7726141621  
0.5337692533  0.3004158831  0.7904686467  
0.07263551664  0.444036878  -0.8930595348  
0.5337692457  -0.6569548577  -0.5324478447  
-0.8443034106  0.1369852608  0.5180606038  
0.4256965248  0.7586609197  0.4931694209  
-0.8449724585  -0.4332588249  0.3135416002  
-0.8443034227  -0.4492821597  -0.2920569661  
-0.4256965075  0.2313142886  0.8748006535  
0.4631589224  -0.2996840964  0.8340702938  
