1  0  0  
-0.4914617782  0.6199888335  -0.6116201166  
0.1751564038  0.6671595341  -0.7240292744  
-0.6284716548  -0.4885579652  0.6052557259  
0.1622884787  -0.356549633  0.9200732628  
-0.8486600322  -0.5182897398  0.1056025348  
0.368339849  0.1074780404  -0.9234577556  
0.8651420245  -0.3708814804  0.3376036211  
0.4240959836  -0.7951670059  -0.4334189999  
-0.1201235575  -0.8054835605  -0.580315918  
-0.1751565353  0.4830445506  0.8578975174  
0.6489427174  -0.08795745809  0.7557359559  
-0.4240959335  -0.873452463  0.239214201  
-0.1622884512  -0.1357134198  -0.9773660145  
-0.8486600595  0.4801831415  0.2218113029  
-0.8651420348  -0.283433252  -0.4137569955  
-1.532676645e-08  0.9932951264  0.1156061928  
0.5654773928  0.7777036989  0.2746129549  
0.8651262012  0.0579828274  -0.4981913766  
0.4914618152  0.4629508878  0.7376596503  
-0.5654774409  0.8199841596  -0.08866364419  
0.1201236016  -0.9172299129  0.3798152278  
-0.6284717452  0.3364946644  0.7012806901  
