1  0  0  
-0.009208319584  -0.9897499266  0.1425141738  
0.858354029  -0.3339477235  0.3894961859  
-0.5539754165  0.04180230907  -0.8314828951  
0.1172594843  -0.348788306  0.9298370454  
-0.4894328797  -0.7310145713  0.4754715057  
0.8583540283  0.1912118606  0.4760949343  
-0.009604107095  0.7828230853  -0.6221702165  
-0.1547707373  -0.8838655009  -0.4413930167  
-0.813326235  0.5774793879  0.07083778701  
0.3781294838  0.3687133011  -0.8491575796  
0.1293056636  -0.6084472348  -0.7829891493  
0.4766483976  0.8790832628  0.004349947271  
0.3781294447  0.4499472167  0.8090523007  
0.4894328676  -0.8361384831  0.2476447156  
0.511998665  -0.1365790722  -0.8480586796  
-0.3335157594  0.9072459563  0.2562655127  
-0.8633787271  -0.5020817377  0.04991094319  
0.8738418017  -0.1909860245  -0.4471295607  
-0.6396897044  -0.6405224052  -0.4248860206  
-0.795789901  -0.2987987264  0.5267236036  
-0.5792952048  0.5919350558  0.5603837573  
-0.009208352767  0.1334774615  0.9910090683  
-0.5006707116  0.5553625826  -0.6640039461  
