1  0  0  
-0.06246406724  -0.9748078793  -0.2141210845  
-0.875072407  0.2153578976  -0.4334388752  
0.4712215555  -0.3924630686  0.7898879575  
0.2499261263  0.4308400134  -0.867129641  
-0.5524258785  -0.6467999542  0.5258093458  
0.6206529748  0.08706752876  0.7792362481  
0.1840099566  0.9232314691  -0.3373188259  
-0.2904928504  -0.4303535725  -0.8546401035  
0.8386198598  -0.5439676167  -0.02856506096  
0.5319568239  0.8466033186  0.01687478459  
-0.5524260254  -0.02837469344  0.8330788457  
0.2904924121  -0.9410643439  0.1732398893  
0.4839974386  0.7200526873  0.4972631165  
-0.6206530453  0.6736187425  -0.4012824281  
-0.1162153621  0.1051688507  -0.987640371  
0.5319565932  -0.5248133098  -0.6645247721  
-0.8621169538  -0.5033177407  0.05852870985  
0.8392406119  0.2419524709  -0.4869642668  
-0.8386198592  -0.3513317219  -0.4162724503  
-0.06246389613  0.759450111  0.6475598742  
-0.8621168871  0.2573675948  0.436481837  
-0.4839971847  0.8312293544  0.273504087  
0.1162144791  -0.7235958507  0.6803699286  
-0.1840095224  0.2888158904  0.939534926  
