1  0  0  
-0.1498562074  -0.6232338962  0.7675432416  
-0.8807312316  -0.1737793495  -0.4405828359  
0.6859936557  -0.2654644524  0.677452086  
-0.2691025362  0.2771998504  -0.922357885  
0.7619115521  0.6023859304  0.2379537301  
0.45034717  0.6204899943  0.6420121443  
-0.03674935732  -0.9113405292  0.4100096641  
0.429621757  -0.8391422725  -0.3335646751  
0.8501927235  -0.4956858249  -0.1773919272  
-0.8748038107  -0.4343282522  0.2146561486  
-0.197156557  -0.1895781797  0.9618676654  
0.530812592  0.7496155037  -0.3953663981  
-0.1075505134  -0.8866558434  -0.4497491549  
-0.1027030545  0.9946291602  0.01284197681  
-0.08316766671  -0.2530148936  -0.9638810107  
0.4750445937  -0.1591330107  -0.8654532448  
-0.8707396893  0.03870510374  0.4902186333  
0.5439243763  0.1894704928  0.8174638862  
-0.4235792901  -0.9041659254  -0.05535850756  
-0.6270560335  0.4972673439  0.5996048028  
0.6270028142  0.35071129  -0.6956069738  
0.5574243735  -0.8117319753  0.1742678057  
-0.38149599  0.6883714723  -0.6169323511  
-0.1472793033  0.6211942183  0.7696925035  
-0.8647654601  0.4115708109  -0.2877328044  
