1  0  0  
0.4872749618  0.6293742579  -0.6053520919  
-0.1047593672  0.7668657046  -0.6332001786  
0.4872749169  -0.4309877666  0.7594818631  
0.1592717922  -0.07861832391  -0.9840994133  
-0.588921256  -0.2162224206  0.7787294903  
-0.8620314824  0.2369216362  -0.4480735003  
-0.1047593923  -0.4239845714  0.8995902139  
-0.6122556788  -0.6243694764  -0.4850832308  
-0.5645222545  0.8239385403  0.04939540426  
-0.8620315066  -0.3756022393  0.3403301919  
0.5645223262  -0.2515355298  -0.7861580124  
-0.2907449837  -0.9032721108  0.3155421498  
0.6972905817  0.1372954113  0.703516748  
0.1592718786  -0.9729927107  0.1670857669  
-0.28581923  -0.3900960015  -0.875289939  
-0.6450460258  0.6034303585  0.4688149176  
-0.2095870157  0.575608722  0.7904099455  
0.2095868578  -0.9081676397  -0.3623601624  
-0.9011831292  -0.342278236  -0.2659221253  
0.2858195993  0.9445555119  0.1616231467  
-0.8852922646  0.1250035722  0.4479193156  
0.6972909661  0.7156220605  -0.04087022207  
-0.2907443107  0.08246637581  -0.9532402859  
0.1849931317  0.7760516088  0.6029273934  
0.8852922243  -0.4649188053  -0.01040106635  
0.588921186  -0.7011134071  0.402009735  
