1  0  0  
-0.1173646622  -0.8523019513  0.5097125856  
0.5081072965  -0.2154034865  0.8339234457  
0.8716472949  0.3581284498  0.3346266677  
-0.4804021862  -0.07893285199  0.8734891782  
0.6408451549  -0.7673451449  -0.02233642813  
0.6239117327  0.7613169308  0.1764388864  
0.2198051083  -0.6060521693  0.7644517529  
0.1594562464  -0.2804933397  -0.9465184583  
-0.8220810922  0.02592586803  -0.5687798583  
-0.3070151276  0.902323387  -0.3025792734  
0.8770702734  -0.002987306387  -0.480352799  
-0.03503940441  0.1677066321  -0.9852140507  
0.03033558074  0.6452981122  0.7633283035  
-0.6870803172  -0.4168139963  0.5951358922  
-0.2182448614  0.9563566138  0.1942967003  
-0.6279234137  0.5869997224  -0.5110220273  
-0.1910508129  -0.9803710935  0.04870427092  
0.5499643701  0.773668774  -0.3146042273  
-0.2189147546  -0.8774250802  -0.4268507454  
0.4110423491  -0.73271716  -0.5423741796  
0.8980797833  -0.3864991476  0.2099312074  
-0.8414182649  0.4509146834  0.2978107651  
0.2695786946  0.5192665532  -0.810980625  
-0.5991314651  0.3554574677  0.7174200138  
-0.5515510155  -0.5376763052  -0.6377269542  
0.3566086675  0.2301278906  0.9054675103  
-0.8844251551  -0.4424728631  0.148357374  
