1  0  0  
0.05134339693  0.03848381537  0.9979393025  
-0.2547864775  -0.7095972418  0.6569289195  
-0.6760785504  -0.4616550804  -0.5742755266  
-0.6367122815  0.4333932799  -0.637783455  
-0.2067587531  -0.9445060425  0.2552629111  
0.88209818  0.4454409108  0.1532488036  
-0.5412651935  0.02137597012  -0.8405801914  
-0.8922520478  -0.3307403771  0.3074037835  
-0.201571381  0.8055086554  -0.5572475074  
0.6213159795  0.3787911009  -0.6859181843  
-0.4436615127  0.1087863516  0.889567306  
0.6281649421  0.7236437146  -0.2859170856  
0.8132475825  -0.05978552311  -0.5788385447  
0.2454031188  -0.967769372  0.05656635027  
0.317724068  0.3882595411  0.8650467879  
-0.6164738681  0.7638704834  0.1909498742  
0.2241197425  0.3231105969  -0.9194399835  
0.148199548  -0.5088712235  -0.8479899598  
-0.5840560362  0.5108202548  0.6308258189  
0.1366063629  0.9687451384  0.2070544819  
0.8853322844  -0.3883488014  -0.2556793983  
-0.5719843536  -0.7984569104  -0.1878841705  
-0.8872924844  0.403754212  -0.2229228196  
0.8738068174  0.02390558605  0.485685257  
0.226687862  -0.4381610398  0.8698433861  
0.5897633723  -0.7536218458  0.2902296991  
0.2524090742  0.7583538681  0.6009900749  
0.2391939915  -0.8404161446  -0.4862992272  
