1  0  0  
-0.8709725223  -0.1211133662  0.4761705766  
0.1199099602  -0.970337887  0.2099189999  
-0.2134795549  -0.1315209244  -0.9680540925  
-0.1908828388  0.3724275704  -0.9082188319  
-0.8877750722  -0.4389026813  0.138635701  
-0.2010734275  0.7550578869  -0.6240649519  
-0.6310283191  -0.6025071903  0.4886597448  
-0.633000212  -0.3336338326  -0.6985693933  
0.03558013197  -0.825294936  -0.563579917  
0.1908828593  0.9704444099  0.1476529084  
-0.3113193109  0.9267227146  0.2103931958  
0.6022152413  0.7980652316  -0.02070481268  
0.5749217237  -0.1128241008  0.8103923333  
0.2394066498  0.56031113  0.7929286813  
-0.1976996601  -0.07317998052  0.9775272553  
0.4944170905  -0.6402867188  -0.5878644898  
-0.4944171324  -0.7490113411  -0.441059758  
0.5571760682  0.2572329849  -0.7895479849  
-0.6255434778  0.5011002353  -0.5979915649  
-0.6137868122  0.2122306205  0.7604103583  
-0.7065276365  0.6877224607  0.1669027138  
-0.8863733823  0.03736035574  -0.4614611911  
0.2785892083  0.8790575914  -0.3868407993  
0.2010734152  -0.413944122  -0.8878174055  
0.8863733795  -0.4249001945  0.1838533568  
0.5477477745  -0.7968013288  0.2551078556  
-0.2160020555  -0.585834627  0.7811151655  
0.8773254294  -0.3221713547  -0.3556764108  
0.8491362772  0.4311552777  0.305078202  
