1  0  0  
-0.7015243843  -0.5171979435  -0.4902752547  
-0.06652573544  -0.9946931114  -0.07848528974  
0.3405165685  0.5367156278  0.7720005191  
-0.2660633188  -0.08836391613  0.9598969365  
0.3388745776  -0.6075386981  0.7183736847  
-0.06384887316  0.8776610376  -0.4750099205  
-0.8972759451  -0.4364038933  -0.06668973088  
-0.09459174836  -0.2201762372  -0.9708629284  
-0.2660647594  -0.8519496242  -0.4509893364  
0.5927518275  0.7948840523  0.1296326132  
0.5863942814  -0.5896244213  -0.5554140694  
-0.7214160431  -0.6090268353  0.3296137234  
-0.5863969176  -0.1425318993  -0.7973852975  
0.3513778195  0.9057354171  -0.2370168394  
0.3405189485  -0.3527876607  -0.8715432933  
-0.2924877998  0.8880405878  0.3547320135  
-0.6991356733  0.2976013408  -0.6501098002  
0.592755312  0.3261827827  -0.7363735006  
0.8938951043  0.08054533416  0.4409807156  
-0.7015275444  0.1276101892  0.7011239149  
-0.8938943278  0.3251448942  0.3085996249  
-0.8991342695  0.3849161038  -0.2083198467  
0.06651801633  0.4782878039  -0.8756803813  
-0.09459464468  0.6923923362  0.7152934405  
-0.6991290781  0.7070358078  0.1063903125  
0.3388629015  -0.9336868389  0.1157619147  
-0.3513840999  -0.6937652658  0.6286644337  
0.8972770351  0.1828335823  -0.4018280771  
0.292491843  -0.1886801744  0.9374691001  
0.6123349591  -0.6953001356  0.3763025635  
