1  0  0  
-0.516259041  -0.7026909963  0.4895936747  
-0.1518980235  -0.9636776431  0.2196642682  
0.2077105882  -0.09691846522  -0.9733771739  
-0.6016458115  0.008332001522  0.7987195348  
-0.2489568592  -0.7179744712  -0.6500254925  
-0.159751614  0.1620336353  -0.973768208  
0.1306042419  0.7594921666  -0.637270885  
-0.8990147797  -0.2916275988  -0.3266891022  
0.6047303859  -0.7949998274  0.04771199771  
-0.6684384793  -0.6854031975  -0.2888121471  
-0.5575346899  0.7378059329  0.380522634  
0.8802776222  0.4516747846  -0.1452625104  
-0.6289815851  -0.07660267522  -0.7736369923  
0.5737308725  0.8138494837  -0.09209725167  
-0.1465815707  0.5331817581  0.8332052904  
-0.2030889111  0.9768065904  0.06785115485  
0.7027586539  0.3676920819  -0.6090425333  
0.5572963524  -0.4296611343  -0.7105012915  
-0.6507224278  0.6081665519  -0.4546358621  
0.1558823472  -0.8499799878  -0.5032243179  
-0.8932639031  0.441583505  -0.08416417069  
0.2501414244  0.936635258  0.2452420464  
-0.2803768284  -0.3781713237  0.8822557928  
0.2378356462  0.2929348331  0.9260795803  
-0.2774696064  0.8719900901  -0.4032913343  
0.2081450345  -0.5781704865  0.7889198522  
-0.9032359722  -0.0288296329  0.4281747665  
0.8490502884  -0.3939284821  -0.3520425525  
0.880322585  -0.1557288091  0.448085577  
0.5986157199  0.468627861  0.6496515588  
0.5534502419  -0.3286703405  0.7652899039  
