1  0  0  
0.5164846366  0.7508087544  0.4117400083  
0.2773775423  -0.9316611192  -0.2346684  
0.4139886735  -0.3342479513  0.8466945644  
-0.01605415313  0.1338731005  -0.9908684358  
-0.9045956472  -0.02156020547  0.4257251139  
-0.7102841558  0.4619418955  -0.5311366145  
-0.6765377161  -0.7363238364  -0.01113223132  
-0.2760745948  -0.5878704272  -0.760388834  
0.4681739361  -0.618384734  -0.6312000367  
-0.06917422737  0.7822389583  0.6191261086  
-0.1391321773  -0.8358095588  0.5310975603  
0.5709096223  0.6833827837  -0.4550276631  
0.6478390582  -0.002844249332  0.7617719244  
0.317383413  0.938520426  -0.1358203932  
0.283734187  0.1950759615  0.9388505101  
-0.6471683853  0.7262175437  0.2319076546  
-0.6736956013  -0.3962272228  -0.6238094458  
-0.3416354305  -0.470234074  0.8137353061  
-0.9060579151  0.04584478258  -0.4206629415  
-0.6533867839  0.2430079726  0.7169608329  
0.8641353864  -0.3853094175  -0.3237386086  
-0.1631156358  -0.9497482569  -0.2671545204  
-0.06318847863  0.5664019567  -0.8217031335  
0.3817226803  0.006316369131  -0.9242553212  
-0.5814348368  0.7915838308  -0.1879589566  
-0.141525759  0.9730089884  -0.1822744308  
0.3473841453  -0.7585498275  0.5512952157  
0.6866247313  0.2760121321  -0.6725799441  
0.8877265307  0.3935606639  0.2388547897  
-0.1534220111  0.3879810065  0.9088082444  
0.8899603937  -0.4389635942  0.1236182051  
-0.8784622828  -0.419582217  0.2285930463  
