1  0  0  
0.07519230346  -0.2724989552  0.959213447  
-0.1316718603  0.6668588114  -0.7334588243  
-0.2377752258  0.5493434253  0.8010522724  
-0.2199024433  -0.5119128988  -0.8304144143  
0.1926214368  -0.9766908623  -0.09472033316  
-0.9026164733  -0.2631972876  -0.3406034204  
0.01006875131  -0.1933158827  -0.9810849045  
-0.25716964  -0.7781315987  0.5730401306  
-0.6679392202  0.6035367692  -0.4354314714  
0.002530545518  0.8502875944  0.5263122677  
-0.8847443437  0.4658133246  -0.01566502259  
0.5383304677  0.8231773531  -0.1804975147  
0.8656462389  0.4953540633  -0.07267008416  
0.3175527907  -0.863165306  0.3925632174  
0.3926772664  0.05385762781  0.9180979906  
-0.8929286381  0.1988703887  0.4038923319  
0.3176460231  0.4377982944  -0.8410907546  
-0.2726541999  -0.9495928693  -0.1547031672  
-0.9007514027  -0.224630575  0.3717364863  
0.597096813  -0.3323657156  -0.7300742612  
0.6817686535  0.1329437985  -0.7193868567  
-0.5848633806  0.8107618466  -0.0244960012  
-0.4096671541  -0.7432648031  -0.528895316  
0.7249514717  -0.5829392111  -0.3669158485  
0.482944394  -0.4081666595  0.7747029691  
-0.7295111553  0.04831701537  -0.6822601706  
-0.3543319412  0.0005205644862  0.9351195669  
-0.6427852168  -0.5586979885  0.5241027788  
0.6349548123  0.3855232769  0.669480537  
0.07963916062  0.9656199175  -0.2474586412  
0.6919660084  0.6787777187  0.2458533135  
0.9013394942  -0.229782296  0.3671337803  
-0.4012595481  0.7974598659  0.4506090736  
