1  0  0  
0.5711930911  0.6071327079  -0.5523842211  
0.03455138345  0.6425498969  -0.765464455  
-0.8898436263  0.1322562919  -0.4366767614  
-0.1095432215  0.3688086064  0.9230278948  
0.2265308039  -0.885771255  0.4050840391  
-0.5872665649  0.2344375099  -0.7746980287  
-0.3353654421  -0.3779659726  0.8629436504  
-0.007324754935  -0.9256367883  -0.3783422843  
-0.2139917668  -0.8607665214  0.4618317002  
0.1174015253  0.03862127505  -0.99233325  
-0.915178486  0.3984408023  -0.06077224613  
-0.8527205178  -0.484808612  0.1944950598  
-0.6129457091  -0.536227745  -0.58030799  
-0.5486437965  -0.820149773  0.1623093784  
-0.1600688467  0.709770227  0.6860059688  
-0.6095511985  0.7834995711  -0.1207301065  
-0.9205135347  -0.133156846  0.3673201421  
0.7671299861  -0.5838694799  -0.2657216869  
-0.4031206039  -0.8476804703  -0.3448646098  
0.250467719  0.6015330241  0.7585670324  
0.720358641  -0.5369373005  0.4390692014  
-0.2422416924  0.9702137113  0.002077707005  
-0.5054906761  0.1248113617  0.8537571671  
-0.3112926517  -0.1718240234  -0.9346514805  
-0.3895861636  0.6220196185  -0.6792011597  
0.1978980559  -0.2930399364  0.9353950797  
-0.8365051323  0.2392595707  0.4929645235  
0.4412676577  -0.8255754043  -0.3517216315  
0.9105674753  0.2862121172  0.2982440223  
0.1772584069  0.9832694734  -0.04195950327  
0.685603886  0.1630677843  0.7094760103  
0.7406525219  0.648145598  0.1770342501  
0.5377765316  -0.5061051722  -0.674280325  
0.6903760354  0.2123175989  -0.6915939321  
