1  0  0  
-0.02332102312  0.6322575314  -0.7744072209  
-0.8731867319  -0.3991403511  -0.2796996806  
0.9197994761  -0.01612044228  0.3920574639  
-0.03139832172  -0.1852425453  -0.9821910938  
0.9051412964  -0.4247226756  -0.01816266672  
-0.527615995  -0.6705907085  -0.5214685642  
-0.03390569211  -0.2394743547  0.9703104851  
0.6308118216  -0.7492609277  -0.2017040108  
-0.2509756947  0.966379066  -0.05588113735  
0.5835394858  -0.3383208292  -0.7382551626  
-0.8936069842  -0.4255502401  0.1427359483  
-0.419503486  -0.05904904296  -0.9058311298  
0.1866140539  0.9701169915  -0.1550748776  
-0.693399212  0.1953810273  -0.6935587841  
0.1817513628  -0.5135968606  -0.8385610931  
-0.359212513  0.03901151791  0.9324400635  
-0.5777520582  -0.7786403848  0.2447891141  
-0.692026243  -0.09045707467  0.7161823767  
0.1379224109  -0.8833767753  0.4479094567  
-0.4388380795  0.7021380931  0.5607345523  
0.475654774  -0.6511173986  0.5914377983  
0.3481237323  -0.3628249555  0.8643887543  
-0.2687143097  -0.9317014083  -0.244387204  
-0.823550009  0.3865452531  0.415148347  
0.6981940145  0.2828642571  0.6576571524  
0.3050576694  0.4786056477  0.8233325284  
0.1726348454  -0.9297225579  -0.3252893719  
0.3956363874  0.4244341891  -0.8144491808  
0.9196542642  0.03759461631  -0.3909254138  
-0.812538236  0.4454717769  -0.3759474843  
0.08146846977  0.780721445  0.6195457317  
-0.5963880905  0.7758574063  -0.2058313158  
0.7086937223  0.476108378  -0.5206476931  
-0.3065795915  -0.7740159927  0.5539929577  
0.6562991234  0.7418873777  0.1373847861  
