1  0  0  
0.6418879264  0.5298577763  -0.5542838864  
-0.379591535  0.8784095145  -0.2903566622  
-0.01002050157  0.4700726917  -0.882570821  
-0.3937252029  -0.5358435422  -0.7468950147  
0.03875248573  -0.9956061444  -0.08524464812  
-0.4174240802  -0.1122256785  -0.9017552519  
-0.3766277464  -0.320990686  0.8689744071  
-0.238634558  0.8512108605  0.4674330097  
-0.7258412065  0.6797464964  -0.1053529479  
-0.01953409653  0.07928051727  -0.9966609346  
-0.8930938829  0.3483836808  -0.2846262941  
-0.4468168762  -0.8314803102  0.3301441699  
0.01002058649  0.6720575868  0.7404310825  
-0.2386341604  -0.7106747231  0.6618120394  
0.01953742897  0.3211503237  0.9468266781  
-0.9160311843  0.04953727296  0.39803634  
-0.8965645601  -0.352839854  0.2677237885  
0.7025730109  -0.301884202  -0.6444044483  
-0.2228332192  -0.8681351147  -0.443493832  
-0.8930938361  -0.4075210089  -0.1905519015  
-0.9157733647  -0.04960937198  -0.3986201886  
-0.6418883281  0.6495530477  0.4075048618  
0.3766275474  -0.524190511  -0.7637905464  
0.7112821704  0.3176130822  0.6270563006  
0.6169869311  -0.5724428961  0.5400335707  
-0.3937249997  0.3364279911  -0.8554512443  
-0.3820754379  0.1141287848  0.9170566941  
0.4468179686  -0.8870368866  -0.1162723734  
0.7112821958  -0.1542276071  0.685778013  
0.03875171858  0.9443422488  -0.3266741825  
0.6169869754  0.6873476739  0.3832495887  
0.3795912727  0.9227830814  0.06619554624  
0.8965644326  -0.407698556  -0.1730725444  
0.7025736509  0.1347284258  -0.6987406646  
0.7258411756  0.6848341769  -0.06447276963  
0.2228336964  -0.7329499849  0.6427514787  
