1  0  0  
0.4358321968  0.8164701798  -0.378717232  
-0.02492262169  -0.9008402147  0.4334348515  
0.006911554094  -0.01059322957  -0.9999200038  
-0.3978549702  0.1152253119  0.9101838002  
0.7605931334  0.5884708328  -0.2742264838  
-0.7262109069  0.1501524421  -0.6708740291  
-0.212340569  -0.6576263689  0.7227994478  
-0.4233979066  -0.5958433984  -0.6824257156  
-0.4162907006  0.8384200314  -0.3517867302  
-0.3506721266  -0.8596353606  -0.3715590215  
0.7263909426  -0.6656178315  0.1711990093  
0.2574620524  0.9659016684  -0.02733603031  
0.7286364434  0.5444006628  0.41559217  
0.1511041613  -0.986074845  0.06945453576  
0.1731381922  -0.4535834103  -0.874234097  
-0.4841032284  0.8649471884  0.1323269643  
-0.6291783839  -0.774245814  -0.06839576512  
0.5978703367  -0.399489037  -0.6949529263  
-0.9118456917  -0.4054744818  -0.06424857224  
0.3683505515  -0.738970946  -0.5641274786  
-0.8943374743  0.3000160589  -0.3318898108  
-0.07067034249  0.9417115406  0.3289149996  
0.3284424418  0.2919259426  -0.8982788022  
0.2380601157  0.3140535687  0.9190743916  
0.597178556  -0.5225816332  0.6085114698  
-0.236645874  0.6771619461  -0.696742728  
-0.7020727577  -0.07394010466  0.7082561004  
-0.7126326092  0.6110433779  0.3446458395  
0.9033027791  0.1409429359  0.4051902986  
-0.9083668255  -0.2141478926  0.3591801642  
0.4035254938  -0.1340778276  0.905091328  
0.0433648808  0.7316164003  0.680335895  
-0.9164914802  0.3933846235  0.07274547928  
0.6046570979  0.4777784534  -0.6372735233  
0.877915836  -0.1981014495  -0.4359123773  
0.09334671147  -0.3896728507  0.9162103802  
-0.6262490494  -0.2378148648  -0.7424663078  
