1  0  0  
-0.434025888  -0.6580028572  0.6153484935  
-0.6128078262  0.6684892516  -0.4214127296  
0.1973935065  -0.01926462093  -0.9801350305  
-0.4332089422  0.3192499739  0.842857916  
0.05066458956  -0.9959974472  0.07363548458  
-0.4207318903  0.206030147  -0.8834796291  
0.04600796705  0.6789876109  -0.7327066884  
-0.3643667834  -0.496467453  -0.7878812825  
0.449989099  -0.8903376346  0.06934484226  
-0.3969441242  -0.9178323658  0.00437157153  
-0.9146787513  0.3497130451  0.2026414764  
0.2088267048  0.9008359897  -0.3806388406  
0.70890605  0.4570353846  0.5371879275  
-0.2234270538  0.8679358329  -0.4435851008  
0.04689145269  -0.4449915096  -0.8943062943  
-0.6388632866  0.6934658008  0.3331049146  
0.7147002083  0.6855905933  0.1384527015  
-0.634634534  -0.02604821836  0.7723732897  
-0.9176143935  -0.3407757529  -0.2045866836  
0.3644945992  -0.6683933085  -0.648378032  
-0.9113729507  0.3221582398  -0.256151153  
-0.2791988212  0.9070578558  0.315109607  
0.3721527179  0.3426113828  -0.8626237853  
0.04600807068  0.7618624814  0.6461027913  
0.7678663531  -0.6388504926  0.04744799083  
0.3552779376  -0.5809470194  0.7323101445  
-0.7278920943  -0.3758877674  0.5734818963  
0.7344737275  -0.361792312  -0.5741556118  
-0.8818011712  -0.03646185855  -0.4702097695  
0.7141527342  -0.3144120631  0.6254046105  
0.6128078786  0.1358061587  0.7784749137  
0.1236980188  0.947842365  0.2937578106  
0.9040560006  0.01440631746  -0.4271711668  
-0.6446624011  -0.7139190638  0.273367809  
0.9001607655  0.3878405431  -0.1982178331  
0.0380098251  -0.3251865603  0.9448856831  
0.2088270103  0.1293686687  0.9693580491  
-0.4499890665  -0.7683000428  -0.4552196001  
