1  0  0  
0.7045371069  0.7093483157  -0.02127044737  
-0.2619322108  0.7372421102  -0.6227885579  
-0.4280009266  0.02395762386  -0.9034607015  
-0.4917109948  -0.5518485495  0.6735602987  
0.3025348118  -0.8191449775  -0.4873132396  
-0.2696042276  -0.3565658589  -0.8945246496  
-0.1472525266  -0.8645613604  0.4804688831  
-0.003070159763  -0.6736649831  -0.7390304896  
0.7045503407  -0.5294965781  0.4724851227  
-0.4918587908  0.8637743755  0.1094018199  
0.3024577744  0.2594512052  -0.9171719396  
-0.4782026395  -0.8365513853  -0.2674023474  
0.4279641646  0.6389161423  0.6392439573  
0.5069226249  0.7899014548  -0.3450871543  
0.4636809047  -0.1133794304  -0.8787178861  
-0.5070222533  0.8106990163  -0.2927380052  
0.1473377105  -0.9580166014  0.2459589203  
-0.7933194801  -0.4715933706  0.3850245385  
-0.7549537997  -0.535185977  -0.378973258  
-0.919208143  0.3252020236  0.222036109  
0.7934191991  -0.607018902  0.04487791344  
0.6840923232  -0.6202897873  -0.3837424568  
0.1054247419  0.6163942604  -0.7803484731  
-0.1533397478  0.3658658417  0.9179483142  
-0.7549770716  0.1277079063  -0.6431953918  
0.4782578587  -0.4232009908  0.7695260503  
-0.6840234353  -0.1864165089  0.7052381337  
-0.7593819455  0.240807168  0.6044426926  
-0.924396293  0.2728836194  -0.2665070801  
0.2617787444  0.9635570692  -0.05504237728  
0.6506583481  0.2811930201  0.7053893956  
-0.4637361643  0.5220354637  0.715840586  
0.9191899404  0.08346434551  -0.3848682326  
0.9243903575  0.3814057849  0.005665176166  
0.1319679781  0.8909782757  0.4344446627  
0.1320396746  -0.3478159707  0.9282184952  
-0.9102566141  -0.1533382941  -0.3846040353  
0.105612401  -0.9841546422  -0.1424277392  
0.003128454537  0.01939977041  0.9998069122  
