1  0  0  
0.2593050848  0.9540459205  -0.1501907275  
-0.6610029183  0.07706821368  -0.7464151877  
0.2593050681  0.07074880166  -0.9632006482  
0.4505888873  0.3970328732  -0.799583987  
0.1931932911  0.8423284993  0.5031491345  
-0.4382346442  -0.2689206173  -0.8576899779  
-5.073738904e-09  -0.8989216246  0.4381094759  
-0.1931933047  -0.5711092077  -0.7978161567  
-0.7261090807  0.4656470078  -0.5059036144  
-3.920735023e-09  -0.9877295837  -0.156173844  
-0.9266185556  0.2766532924  0.2546389763  
0.4505888921  -0.7639970301  0.4618205153  
0.5330196858  0.6225410618  0.573003177  
0.6610029159  -0.7374807901  0.1385540668  
-0.1931932878  0.5711092189  0.7978161528  
-0.7487342045  0.6191046868  0.23686806  
-0.7261090775  -0.4656470036  0.5059036229  
-0.4382346249  0.2689206241  0.8576899857  
-0.438234634  -0.876997385  -0.1970431228  
0.533019683  -0.6225410595  -0.5730031822  
-0.9031249478  0.4072007873  -0.1362088377  
-0.2593050736  0.9540459232  -0.1501907291  
-0.193260491  0.6644589798  -0.7219034886  
0.1931933053  -0.842328505  -0.5031491195  
0.9031249488  -0.1020546934  0.4170733345  
0.2593050828  -0.07074881088  0.9632006436  
-0.6610029096  -0.07706820728  0.746415196  
0.7487342031  -0.2872738892  -0.5973866467  
-0.9266185568  -0.2766532956  -0.2546389684  
0.748734206  0.6191046876  0.2368680532  
0.7487342091  0.287273889  0.5973866393  
-0.4382346368  0.8769973867  0.197043109  
0.9031249459  0.1020546932  -0.4170733409  
0.1932604905  0.6644589749  -0.7219034932  
0.9031249464  0.4072007875  -0.1362088464  
0.4505888937  -0.3970328822  0.7995839789  
-3.577497137e-09  -0.2373521872  -0.9714236662  
-0.4505888941  -0.7639970253  0.4618205213  
7.676478921e-09  -0.3622409646  0.9320844831  
-0.6610029142  -0.7374807915  0.1385540676  
