1  0  0  
0.4301779722  0.8953297442  -0.1154623811  
-0.444870025  0.8147139339  -0.3719299218  
0.3136676928  -0.5943312098  0.7405288594  
0.2828926241  0.2823651424  -0.916646982  
0.1133094269  -0.6854753614  -0.7192249319  
-0.1114877154  0.280976416  -0.9532170492  
-0.3383621712  -0.7959692764  0.5019401878  
0.6330425818  0.2634710982  0.7279011403  
0.482692667  -0.6569456914  -0.579163317  
-0.1114872153  -0.9809394168  -0.1591491794  
-0.5810083549  0.7971916463  0.1640572174  
-0.4826923095  -0.8212847847  -0.3041372005  
-0.7578876228  0.09933818391  -0.6447776953  
0.05765489857  0.9724945404  -0.2256773839  
-0.4803421988  0.02787667365  0.8766380457  
-0.6827831803  0.2884557844  0.6712677477  
-0.7270197566  -0.6862252251  -0.02317787508  
-0.9161661341  0.1119022378  0.3848603693  
-0.9078478656  -0.1532616895  -0.3902859304  
0.3136675616  -0.3870466597  -0.8670683618  
-0.9215623911  0.3849154529  0.05062463228  
0.08966564098  -0.8385303523  0.5374262005  
0.112961526  0.6068735756  -0.7867300406  
0.1323855651  0.4325589385  0.8918334076  
0.2890951519  -0.956365777  0.04229058632  
0.7367833704  -0.6555400913  0.1655821665  
-0.5345505611  -0.4840553797  0.6927814136  
0.7742414927  -0.5188790423  -0.3623736336  
0.9078478643  -0.2703375606  0.3205149896  
0.1626381458  0.8359438858  0.5241628119  
0.4819399117  -0.2498069497  0.8398395141  
-0.2332728105  0.9012305196  0.3651949431  
0.7433312383  0.1560095502  -0.6504765103  
0.6903951708  0.6257703098  -0.3629959057  
0.9244695665  0.3759833365  0.06318663948  
-0.6643835253  0.509206634  -0.54708604  
-0.3412591054  -0.1043673963  -0.9341571975  
-0.89917592  -0.2977245055  0.3206911032  
-0.06887824535  0.08435685028  0.9940521662  
0.7386373065  0.5246778064  0.4232353115  
-0.4241690029  -0.5916625242  -0.6855772126  
