1  0  0  
0.3034941241  0.9448254253  0.1232729991  
-0.1385553018  0.8642263828  -0.483647793  
-0.6008399687  0.3211946841  -0.7320008927  
0.7932768793  -0.4559882163  0.4034681392  
-0.7175489197  0.6904154456  -0.09192420968  
0.925892423  -0.3777487994  0.005391245218  
0.793352644  0.5233927779  -0.310888376  
-0.6009954203  -0.7950264614  0.08208185225  
-0.2558540226  -0.9191053187  0.2996400043  
0.6495756036  0.4479394843  0.6143303293  
0.3600672928  -0.7679432127  -0.5297308437  
0.3601615532  -0.2696647951  -0.8930646975  
0.734925735  0.03379598911  0.6773049499  
0.5130860617  0.70709653  -0.486577014  
0.3033176099  -0.1714170449  0.9373444534  
-0.05688894836  0.9940273041  -0.0931309094  
0.7348891891  0.6345525219  0.2393344454  
0.06738485074  0.02276128716  -0.9974673958  
-0.9233721664  0.1166816209  -0.3657447767  
0.07988832112  0.307905501  0.9480569912  
-0.4454964832  -0.7802217267  -0.4390750968  
0.4119739665  -0.8864774655  0.2107964755  
-0.2557619  0.5662777634  -0.7835275012  
-0.0569768542  -0.3925410385  0.9179679576  
0.4120461139  0.4716724965  -0.7795787684  
-0.1386365133  -0.7246820583  0.6749932085  
0.07985538447  0.8084906672  0.5830659985  
-0.5943791319  0.4738958946  0.6497200387  
0.5130077605  -0.6794723634  0.5245382207  
0.7193139708  -0.6237813428  -0.3057519383  
-0.4404251236  0.881518923  0.1701472857  
-0.1561191666  0.5819404512  0.7981053296  
0.7193786252  -0.1006008437  -0.6872945976  
-0.9233585757  -0.3839379711  -0.0007582978581  
-0.8871120427  0.2720305191  0.3728694415  
-0.4405677024  -0.1074222867  0.8912690682  
-0.4455591895  -0.1794720466  -0.8770785558  
-0.8905247915  -0.2680330006  -0.3675920379  
0.06717711216  -0.9566928037  -0.2832421489  
-0.3103493449  -0.5600692675  -0.768118285  
-0.9259176195  -0.1204713043  0.3579989201  
-0.7175990544  -0.2984493468  0.6292690875  
