1  0  0  
0.06248555701  0.9654092549  -0.2531413158  
0.5871314622  -0.8056984671  -0.07827276796  
0.6726535544  -0.01740404375  0.7397528608  
-0.4680514159  0.3203818535  -0.8235795894  
-0.7410404127  0.2932045256  0.6040614315  
-0.6594174678  -0.6101906826  -0.4391308848  
-0.3579932273  0.8936549622  -0.2705950069  
-0.4603443153  -0.8755317586  0.1467216789  
0.9288735809  -0.07322649132  -0.3630864244  
0.4567953669  -0.5553285031  -0.6949447794  
-0.364673211  0.2661466806  0.892288851  
-0.8902348049  0.4217761278  0.1720084017  
-0.9182216349  -0.3485590014  0.1880841616  
-0.7185400574  0.6576561697  -0.2262488637  
0.3314586768  0.05101942093  0.9420892549  
-0.6801169467  0.6214585528  0.3888832805  
-0.3435114776  -0.7856614195  0.5145250224  
0.06307196463  -0.09159163794  -0.9937972123  
-0.8078458521  -0.243080548  0.5369328883  
0.3119254557  0.6952784381  0.6475263729  
0.623440989  0.01721829473  -0.7816807939  
-0.04271845063  -0.8907789047  -0.4524246644  
-0.4843394496  -0.3798989464  -0.7880939589  
-0.1026708994  0.6622398531  0.7422244023  
0.9206739807  -0.3455450098  0.1815435692  
-0.7524987907  0.3720012325  -0.5434709312  
-0.3256794686  -0.1996800014  0.9241540893  
0.1852865759  0.5659898386  -0.8033208496  
-0.9184795418  0.02738067161  -0.3945194927  
0.447064764  0.8515275427  0.2739232389  
-0.9157531338  -0.3496838598  -0.1977811826  
0.6899025609  0.622910319  -0.3688050853  
-0.1063958515  -0.4133758981  -0.9043231113  
-0.2026301282  0.5791140728  -0.7896631698  
0.5424649402  0.4598281892  -0.7030574835  
0.4947226199  -0.6698191011  0.5537074147  
0.7442559122  0.6669928554  0.03469391974  
0.06922299499  -0.8259559172  0.5594684975  
0.07093424498  -0.2656048368  0.9614688781  
-0.1521553847  -0.9831409616  -0.1014030996  
-0.2263268459  0.9704486818  0.08369895346  
0.7794154742  0.2883104331  0.5562271234  
0.3414506898  -0.8358964308  -0.4297540964  
