1  0  0  
-0.1489062097  -0.9714728485  0.1845736854  
-0.505181888  0.7214547314  -0.4735972241  
0.4900711605  -0.3692946848  -0.7895895728  
0.001917198071  -0.0002120629824  -0.9999981397  
-0.6619591689  -0.2533852909  -0.7054119032  
-0.6580209429  -0.2505816499  0.7100825835  
0.2485239748  0.819275201  -0.5167436298  
-0.9341944106  -0.3567643299  0.0001266198559  
0.1197790974  -0.868786773  0.4804815406  
-0.2891569584  -0.8512413463  -0.4379228515  
-0.9302092876  0.2401299771  0.2775757111  
0.4221522721  0.9017185301  0.09322634633  
0.782617551  -0.4412095033  0.439140004  
-0.148897213  0.3224774411  -0.9347929824  
0.2344568103  -0.6360077604  -0.7352034636  
0.6580092343  -0.738765804  0.1457701426  
0.7826247053  0.4980682708  -0.373398672  
-0.4150823323  0.03496980388  0.9091115279  
-0.9156536933  0.3907137342  -0.09445153189  
-0.4900664183  0.728219794  0.4790937667  
-0.7586033316  0.6253090958  0.183056057  
-0.286755857  0.9433260575  -0.1670539668  
0.2867698136  0.3010890158  -0.9094550448  
-0.1045055382  0.8753347307  0.4720886588  
-0.7454376509  0.09667155843  -0.6595281028  
0.4221431617  -0.03753734295  0.9057516762  
-0.1197850833  -0.6005221254  0.7905850433  
0.7317589839  -0.4459116334  -0.5154528152  
-0.5335119588  0.3906958868  -0.7501477947  
0.934194324  -0.05149777698  0.3530282483  
-0.5051906104  -0.5725037178  0.6457723595  
0.4150685345  -0.8946185369  -0.1654562938  
0.7586106292  -0.09115309968  -0.6451364396  
0.5335147252  0.7985688448  -0.2786572054  
-0.9156583982  -0.1497028443  0.3730398857  
0.001900768091  -0.9895543594  -0.1441476912  
-0.6619738735  -0.6615788477  -0.3522840034  
-0.7454380164  -0.6665745433  0.0007361262087  
0.24851951  -0.6292811158  0.7363717339  
0.8634407864  0.3300202373  0.3815188741  
0.4909955704  0.5699500356  0.6588477114  
-0.1045152038  0.3411827824  0.9341685507  
-0.2891452665  -0.3108364346  -0.9054146706  
0.1369900547  0.6480733119  0.7491559966  
