1  0  0  
0.1572820835  0.6287201762  -0.7615597719  
-0.694615946  0.3874317026  -0.6061397227  
-0.2249725884  0.01860333209  -0.9741874822  
-0.2637960643  0.3673278743  0.8918979029  
-0.4641971481  -0.8770559552  -0.1236683434  
-0.7733554689  -0.03545840328  -0.6329802685  
0.1411755819  -0.7674764877  0.6253393446  
-0.3411583321  -0.5970086442  -0.726079659  
0.4772330655  -0.8702631422  0.1220273107  
0.207979457  0.8755174153  -0.436135072  
-0.9154077791  0.2247821382  0.3339185354  
-0.1529217958  0.9822916104  0.1082502495  
0.5369212409  0.7144497146  0.4486392608  
-0.1514847376  0.9448366849  -0.290406634  
0.4040440186  -0.6527558199  -0.6408262405  
0.7363482095  -0.6729022198  -0.07066765164  
-0.4918539945  -0.6457413053  0.5840357992  
-0.6099696913  0.3475265472  0.7121532663  
-0.7594786601  -0.6341607349  -0.1450252637  
0.1439477449  -0.8723282191  -0.4672499598  
-0.9296710895  0.3682697051  -0.009438731968  
-0.4749123014  0.8321649241  0.286286299  
0.1451235176  -0.002972582213  -0.9894090804  
-0.01862910316  0.6629626269  0.7484206784  
-0.7646993551  0.5740410044  -0.2927658135  
0.9179122101  -0.1820615134  0.352548975  
-0.4960688292  0.01210427841  0.868198827  
0.7305766402  -0.5404545265  -0.417332814  
-0.9198872984  -0.2266358215  -0.3200680595  
0.9270045838  0.3744304629  -0.02154831934  
0.7171487839  0.4222064617  0.5544721142  
0.2000252897  0.8942568581  0.4003680247  
0.7820436404  -0.03301518979  -0.6223485693  
0.3597155365  0.3361562235  -0.8704043464  
0.9185457595  0.1843306329  -0.3497083149  
-0.3524085809  0.4971327079  -0.7928854033  
0.4965866877  0.2530140803  0.8302924405  
-0.6826942092  -0.3309999361  0.6514350766  
0.04120690221  -0.3524515605  0.9349223972  
-0.7723533209  -0.5521208137  0.3140588397  
0.5352782437  0.8142813771  -0.224550753  
0.521242601  -0.156342585  0.8389655219  
-0.1713529082  -0.9834743432  0.05844995463  
-0.1163063656  -0.3409278964  -0.9328670853  
0.4836908972  -0.7282653519  0.4854613199  
