1  0  0  
0.1162353866  0.4141112564  -0.9027741701  
-0.7571523474  0.5109232641  -0.4070353068  
-0.1527819447  -0.2902055116  -0.944689599  
-0.2079466757  0.2758985306  0.9384232419  
0.800028814  0.5737912318  0.1752641407  
-0.7386643132  -0.1209783106  -0.6631284044  
-0.03602143092  0.06402812863  -0.9972977766  
-0.442863178  -0.7361025625  -0.5118839937  
0.5329456191  -0.8021547626  0.269289257  
0.1159575665  0.9373348958  -0.3285683124  
-0.9167346976  0.3251366337  0.23212855  
0.08461511991  0.8649531888  0.4946678306  
0.7167481809  0.4768354789  0.508822141  
0.5014879785  -0.8562775941  -0.1236870621  
-0.5097297427  0.5087900334  0.6937638585  
-0.7716280824  0.6360263879  -0.007780510602  
-0.5107767993  -0.7069850211  0.489161774  
-0.701886371  -0.1383593043  0.698721851  
-0.9281967008  -0.2242432786  -0.2969273254  
0.69378419  -0.6149056295  -0.3749060744  
0.9340039552  -0.3298143046  0.1373285698  
-0.1968822392  0.9729423375  -0.1209156389  
0.5386545513  -0.1676921891  -0.8256697912  
-0.3512660173  0.7932079079  0.4974267785  
-0.4876497663  0.6012974261  -0.6329605918  
0.3038367411  -0.3250522135  0.8955580904  
-0.3418946995  -0.1192462542  0.9321418054  
-0.7863398939  0.2535607768  0.5633617876  
0.8912879995  -0.1265630959  0.4354164497  
-0.9317882643  -0.3458142471  0.1103772488  
-0.4875553473  -0.3889680967  -0.781660798  
0.156566389  -0.9582061386  -0.239432583  
0.7769044601  0.42031381  -0.468781144  
0.4744489041  0.4463914926  -0.7587047336  
0.9228651327  0.05781303367  -0.3807592414  
-0.1418097771  0.629701006  -0.7637844134  
0.1937220932  0.6178387654  0.7620675893  
-0.7256711925  -0.6661838397  0.1720477029  
-0.1883459631  -0.7372645437  0.6488195364  
0.5244379363  0.8310723311  0.1851583956  
0.4262833478  0.8885878306  -0.1693935499  
0.4351343917  0.02242327071  0.9000862504  
-0.1813318024  -0.9775512689  -0.1072953594  
0.1583444435  -0.6179910101  -0.7700741189  
0.2166338639  -0.8500138394  0.480152311  
0.649432789  -0.260518363  0.7143999126  
