1  0  0  
0.09987941063  0.3996824752  -0.9111959297  
-0.4636790453  -0.4132208428  0.783741206  
0.5136401792  -0.4727774244  0.7159994925  
-0.5097820227  0.262855972  0.8191636145  
0.5457962673  0.7941291202  0.2673300863  
-0.7237188501  0.1824684227  -0.6655345977  
0.007777766391  -0.05782866506  0.9982962245  
0.1028150428  0.5650887724  0.8185986479  
-0.4636466645  0.7511760138  -0.4698578155  
-0.2614790928  -0.8875306917  0.3793652006  
-0.9297097716  0.2717180692  0.248614222  
0.3261804198  -0.9313640775  0.1617630643  
-0.4870409547  -0.4115434312  -0.7703396087  
-0.1028119366  0.877948566  -0.467585309  
0.623744736  -0.5480466396  -0.5573036741  
-0.5160935933  0.8434144737  0.1493299321  
-0.7666973493  -0.4052051331  0.4979798938  
-0.7853229249  0.2242788529  0.5770328411  
-0.7002674993  -0.5230670862  -0.4858253315  
0.007766715568  -0.8267609471  -0.5624997907  
-0.9132202981  0.3953865182  -0.09847938047  
-0.371709249  0.7959793918  0.4777541648  
0.3604318466  0.07513694421  -0.9297544426  
0.3603762434  0.7257878329  0.5859701228  
-0.765250147  0.4789668499  -0.4300964649  
0.9268632866  -0.1109396829  0.3586318931  
0.6816033501  0.1045998555  -0.7242069755  
0.7714255009  -0.5965663604  -0.2213849006  
-0.9256084536  -0.3530006049  0.1365267871  
0.7017804593  0.6806686664  -0.2102245311  
0.7697758039  0.1796152007  0.6125223191  
-0.1600763468  0.9645757457  0.209688326  
0.91667942  0.08120876738  -0.391285033  
0.5183641232  0.6767885072  -0.5227388949  
0.9268579786  0.2610588253  0.2697824627  
0.1828648062  -0.6316120375  0.7534100456  
-0.2178738938  -0.2324659157  -0.9478874218  
-0.8026805468  -0.5833855734  -0.1239564944  
-0.1801824192  -0.6939214227  0.6971422773  
-0.4390308052  -0.8962197187  0.06357804648  
0.0489277113  0.9940436618  -0.09738212122  
0.4995462885  0.01965726902  0.8660641416  
-0.2078463535  -0.9418371169  -0.2640885051  
0.2785928605  -0.5823967706  -0.7636753366  
-0.1600258229  0.2801489499  0.9465243271  
-0.284654839  0.277269259  -0.9176564611  
0.6820326237  -0.7149284107  0.1539768417  
