1  0  0  
-0.5608353723  -0.6929090987  0.4531453037  
-0.1802667686  -0.604025357  -0.7763100285  
-0.05633182482  0.1064783165  -0.9927180333  
0.51684656  -0.237006695  -0.8226162289  
-0.6830034967  -0.6982304049  -0.2144306999  
-0.4176065976  0.006646575939  -0.9086036279  
-0.2652060195  -0.6924301956  0.6709740616  
0.4909754112  0.6785842892  0.5463208838  
-0.8346647069  0.199821876  -0.5132309858  
-0.09824796326  0.9620580199  0.2545421458  
-0.9346722988  0.3058655055  -0.1812015076  
-0.1364039802  -0.9899435017  0.03749423347  
-0.7556633905  -0.4196766458  -0.5028363087  
-0.5037379785  0.8078511075  -0.3059814328  
-0.5041123495  0.5672226653  0.651252015  
-0.7272858329  0.5390740133  -0.4247993944  
-0.7793197371  -0.3795656106  0.4985887029  
0.9236386944  -0.3293717028  -0.1959740891  
-0.9013816743  -0.4046000567  -0.1543044761  
0.7196918386  -0.6134802576  -0.3250932652  
0.9299752681  0.103785007  0.3526679358  
0.4120832555  -0.8239560864  -0.3889521284  
-0.3914359241  -0.1305572442  0.9108966589  
-0.1558620376  0.7618165599  0.628762717  
0.2163709046  -0.9709728826  0.1019573092  
0.4336665712  -0.6394295099  0.6348725911  
-0.7722388797  0.3082643124  0.5555359812  
0.7832651496  -0.6193812028  0.05350356076  
0.7114675998  0.09254156859  0.6965988175  
0.7702231091  0.6196031546  -0.151156518  
0.1659461269  0.2737238657  0.9473843615  
-0.5217379646  0.8510011384  0.05988788509  
0.7081096301  0.06718206359  -0.7028992261  
0.2066907145  0.9005360748  -0.3825097731  
0.9364791671  0.2950658542  -0.189586158  
-0.1855896431  0.1527940943  0.9706752542  
-0.4902498805  -0.3761550414  -0.7862330695  
-0.9169198961  0.004974476783  0.3990402972  
0.1507806276  -0.8813129581  0.4478310755  
0.4925307029  0.8614258586  -0.12393142  
0.3757614485  0.8992645864  0.2238895655  
0.2602947509  -0.3846075315  0.8856205109  
-0.16054186  -0.8547492122  -0.4935889945  
0.182337847  -0.4856567231  -0.8549213162  
0.1428206587  0.4081173953  -0.9016886664  
-0.08186765109  0.6737662552  -0.73439548  
0.5883047571  -0.3060212735  0.7484974903  
0.5144813563  0.4262712742  -0.7440441753  
