1  0  0  
0.2193117539  0.6663959324  -0.7126140722  
0.02794477119  -0.4639839415  0.8854027286  
0.05722775007  0.02344815824  -0.9980857521  
-0.4259863053  0.4071331873  0.8079469261  
-0.6613992709  -0.7202303057  -0.2093306265  
-0.54910437  0.05809554268  -0.8337321505  
0.2882088079  0.2900669966  -0.9125770217  
-0.2301616029  -0.5382251183  -0.8107646752  
0.5305147489  -0.8280795657  0.181213504  
0.3608001524  0.8968802335  0.2557911195  
0.5293770978  -0.8141368776  -0.2386232027  
-0.2661986536  0.9632879463  0.03485124469  
-0.5550613797  -0.3387823936  -0.7596929344  
-0.1619696883  -0.8889730845  0.4283604499  
0.7178557937  -0.244291236  -0.6519239615  
0.7605712393  -0.6485048417  -0.03119070777  
-0.4494260372  -0.8871728526  0.1045971642  
-0.8591766572  -0.09013923974  0.5036768698  
-0.7595965696  -0.446848531  -0.4725880254  
-0.7838040452  0.5012549636  0.3665988  
-0.9382061094  -0.1647252041  -0.3043598256  
0.1437227893  -0.7430001661  0.6536776828  
-0.3982301224  0.08074713518  0.9137246137  
-0.245237728  0.8514285453  0.463603159  
-0.9349147896  0.3540913971  -0.02352910187  
-0.2017585682  0.9197596585  -0.3366536066  
0.6329906575  0.1281663919  -0.7634763936  
0.9319135482  -0.1861955024  -0.3112368448  
0.7871197097  0.06840513124  0.6129953513  
0.8854313719  0.4524809275  0.1061710691  
0.2712929065  0.1893757024  0.9436826809  
-0.01613737972  -0.9663185532  -0.2568424393  
0.7624556301  0.4492602745  -0.4656464515  
0.5002630276  0.7431888137  -0.4443054021  
-0.9387257415  -0.2806474045  0.2000775262  
-0.4011678115  0.4718547426  -0.7851225949  
-0.07545607018  0.3382679554  0.9380198142  
-0.737488396  -0.6558267457  0.1612518075  
0.2465645157  -0.1894677488  0.9504251216  
0.1012689364  0.990670978  -0.09118999858  
0.1410248602  0.8094455913  0.5700086171  
0.6986944294  -0.3346103678  0.632346421  
0.4852624242  0.67399358  0.557003621  
0.5259829724  -0.6328287017  -0.5682162854  
-0.4914840017  0.6978915349  -0.5209518994  
-0.7686614216  0.5466064899  -0.3322363077  
0.9116896053  -0.1986856141  0.3596471748  
-0.5192809136  -0.471978561  0.7124489952  
0.1439392649  -0.6473053473  -0.7485167168  
