1  0  0  
-0.3091864749  -0.9204025921  0.2392964527  
0.6684432798  0.1953277692  0.7176563552  
-0.122218233  0.07365586574  -0.9897663951  
-0.2668524315  0.04993888662  0.9624426671  
0.7650436372  0.6197246532  0.1750702357  
-0.762964442  0.1363949613  -0.6318873909  
0.2847838016  0.7703719617  -0.5704605394  
-0.4755583646  -0.5379033582  -0.6960633729  
0.5649122679  -0.7239927449  0.3958644148  
0.04084838651  -0.9345618205  -0.3534481759  
-0.9230034892  0.3643314177  0.1238029763  
0.02032576957  0.9977486709  -0.0639097242  
0.7629644612  0.4378246379  0.4755994295  
0.02032575802  -0.8925094809  0.4505704052  
0.4257794533  -0.8154488376  -0.3921161186  
-0.7242164508  0.6279732751  0.2848861142  
-0.7242164588  -0.3969690854  0.5638493292  
-0.5590985266  0.2177393694  0.7999990028  
-0.9101831559  -0.1087791582  -0.3996670081  
-0.5194165755  0.5726711358  0.6342351231  
-0.808573293  0.5745232626  -0.1270127973  
-0.3091864615  0.914719436  -0.2601770272  
0.5194165906  0.1722433236  -0.8369818653  
-0.1638947537  0.7410362361  0.6511557467  
0.765043621  -0.445513587  0.4650009696  
0.2858980354  -0.7178486765  0.6347878315  
-0.7755325433  -0.03824751837  0.6301479204  
0.7755325351  -0.3523340939  -0.5238415535  
0.9399082802  -0.2274533698  0.2546318704  
-0.9399082871  -0.3251273521  -0.1042334726  
0.4755583418  -0.1109365316  0.8726610737  
-0.2847837887  0.9532197199  0.101342781  
0.9336128357  -0.09409277633  -0.3457074233  
0.5864305158  0.6997633059  -0.4079590248  
0.9230034948  0.2513316589  -0.2913708047  
0.2858980639  0.9405428843  0.183415866  
-0.3626771532  -0.2447403624  -0.8992037798  
-0.8085733154  -0.5596445336  0.181678809  
0.04084840778  0.6265193295  -0.7783347206  
-0.5649122947  -0.8247517427  0.02566441471  
0.2147211961  0.7998425622  0.5604878978  
0.2147211708  -0.4054543252  0.8885390306  
-0.1222182589  -0.5651148129  -0.8159092753  
0.2668524256  -0.4447208691  -0.8549930594  
-0.525063979  -0.7547903841  -0.3931911674  
-0.5250639542  0.4514035379  -0.7214864447  
0.5864304988  -0.8099941464  0.002958508465  
-0.4257794612  -0.5042396162  0.7513017103  
0.01566084893  0.262588755  0.9647807438  
0.1638947652  0.3088087475  -0.9368968264  
