1  0  0  
-0.2360116485  -0.8740643982  0.4246291672  
-0.7639883633  -0.4858102665  -0.4246294451  
3.002675709e-07  -7.383998645e-08  -1  
-0.3187631502  0.1740212268  0.9317224193  
-0.9317226128  -0.1740216334  -0.3187623627  
-0.762639654  0.1740215864  -0.6229745144  
0.1413463322  0.6895365166  -0.7103242968  
-0.5307233035  -0.3967822109  -0.7489303388  
0.2366466617  -0.9692437232  -0.06756450672  
0.06756450313  0.9692434877  0.236647627  
-0.9376831806  0.221537581  0.2677150592  
-0.5395742566  -0.8277242912  0.1540523266  
0.7626402665  0.1740208678  0.6229739653  
0.2366466979  0.9692437449  -0.0675640686  
0.4246294795  -0.4858104711  -0.7639882142  
0.7851239783  -0.5773504176  -0.224158056  
-0.7851237002  -0.5773505127  0.2241587849  
-0.6229744957  0.174021627  0.76263966  
0.9317224906  -0.1740208101  0.3187631694  
-0.5286220241  0.6895365492  0.4950738359  
-0.916245152  0.3967824376  -0.05530387662  
-0.5395743285  0.8277242627  0.1540522281  
0.6229743838  0.1740208341  -0.7626399324  
-0.141345873  0.6895364268  0.7103244754  
0.4246292755  -0.8740643673  0.2360115679  
-0.495074045  0.6895365569  -0.5286218182  
-0.748930312  -0.3967824895  0.5307231329  
0.7489304979  -0.3967827927  -0.5307226439  
-0.7639883863  0.4858102103  -0.424629468  
0.9162450099  0.3967828765  0.05530308135  
0.2677151562  -0.2215372567  0.9376832296  
0.2360117002  -0.8740642018  -0.4246295426  
-0.8492589518  1.421188677e-07  0.5279765457  
0.528621782  0.6895365352  -0.4950741139  
0.9376831294  0.2215374912  -0.2677153131  
0.1540523328  -0.8277240184  0.5395746734  
0.2677152559  0.2215372516  0.9376832023  
0.7103243179  0.689536567  0.1413459809  
-0.05530355906  -0.3967825624  0.916245117  
-0.424629405  -0.8740642486  -0.2360117747  
0.1540525656  0.8277238185  0.5395749135  
0.5307226571  -0.3967827773  0.7489304967  
0.4950741231  0.6895363562  0.5286220068  
0.0553035419  -0.396782418  -0.9162451806  
-0.06756448809  0.9692435911  -0.2366472082  
-0.2241582516  0.5773502794  -0.785124024  
0.7103243065  -0.6895365443  0.1413461485  
-0.4246296413  -0.4858100437  0.763988396  
-0.224158749  -0.57734986  -0.7851241905  
0.3187629055  0.1740211755  -0.9317225126  
-0.5279768043  -1.544613261e-08  -0.849258791  
