1  0  0  
-0.9373312678  0.312355345  0.154415779  
-0.0814260245  -0.9592451701  0.2705891835  
0.4959792522  -0.6850418857  0.5335936621  
-0.05349289553  0.1093337915  -0.992564674  
-0.7520064173  0.5861133548  -0.3015915842  
0.7424521161  0.05297599978  -0.667801167  
0.8753284123  -0.1741196771  -0.4510903554  
-0.1439127645  -0.8005796826  0.5816883083  
-0.7057501089  0.07062052509  -0.7049322842  
0.4063265556  -0.1121386584  0.9068206281  
-0.2411175096  -0.7391060242  -0.6289551904  
0.7521122379  -0.3620625942  0.5506703728  
0.1910303832  0.5331330609  -0.8241823415  
-0.9144827472  0.03626058478  -0.4029968672  
0.2037773338  0.1983866182  0.9587061844  
0.03237988535  0.9972299248  0.06696282569  
0.5442309526  -0.8118989279  -0.2112647654  
-0.3561716544  0.4625032051  0.8119313628  
-0.4742608994  -0.6315507901  0.6133679147  
0.4886433279  0.804744788  0.3370660534  
-0.9409466635  -0.1430024299  0.3068707894  
-0.9429989531  -0.2663018663  -0.1995903064  
0.5423653708  -0.8213986702  0.17647671  
-0.4738282043  0.4270470012  -0.7701413452  
0.7975848674  0.2757118753  0.5365084726  
-0.7804212508  -0.5637936406  -0.2703320218  
0.3378683736  0.4795391219  0.8098686268  
-0.1361291179  -0.9177416583  -0.3731207739  
-0.6975254001  -0.6392883221  0.3236800233  
0.4687873573  -0.6873622302  -0.554771645  
-0.7749810618  -0.3717382179  0.5110920183  
-0.2813226185  0.9592133827  -0.02769965146  
0.1688627784  -0.1855060853  -0.9680252344  
0.9308807932  -0.3081711194  0.196192533  
-0.7466302003  0.535516799  0.3946708781  
-0.1251723134  0.7543929262  0.6443781536  
-0.2319039521  0.889376453  -0.3939924896  
-0.1704869049  0.6975400995  -0.695968408  
-0.230981858  0.9103124817  0.3434800823  
0.4167524456  0.8507759394  -0.3201526198  
0.7868425845  -0.6155153332  -0.04494020391  
0.8937406997  0.4365426148  -0.1032381095  
0.01006937451  -0.5035882142  -0.8638851302  
-0.5912010437  -0.5626813965  -0.5778156903  
-0.2651949484  -0.199946038  0.9432355068  
0.6678304113  0.7443122224  0.001362856323  
-0.3681517755  -0.929453535  -0.02409141899  
0.6514361122  -0.3393233372  -0.6785946246  
0.137058039  -0.4208546725  0.8967142458  
-0.4877033631  0.07914793093  0.8694141905  
0.5346265532  0.3260217075  -0.7796693497  
-0.5566425164  -0.2198665373  -0.8011290874  
