1  0  0  
0.0289331728  0.8176562855  0.5749791912  
0.8127489684  0.5349670968  -0.2307581412  
0.1467722518  0.3250173603  -0.9342492288  
-0.1855855696  0.01160381402  0.98255959  
0.9265515349  0.1063131317  0.3608320541  
-0.1117641002  -0.6423390174  0.7582277842  
-0.2335557411  -0.9180126456  -0.3204754255  
-0.7432174632  -0.1149913774  -0.6590939126  
0.4166135623  -0.9029716404  -0.1052395187  
0.5247335285  -0.7331381438  -0.4326236079  
-0.9340261279  0.2297014035  -0.2735552187  
-0.2845857891  0.6804940708  0.6752323661  
0.4628831599  0.123007621  0.8778429845  
-0.002273256139  0.9969465773  0.07805353447  
0.7499353366  -0.11510461  -0.6514199258  
-0.7248233324  0.6681177981  0.1680766036  
-0.8216186366  -0.4438918965  -0.3576350098  
-0.9256009661  0.09686850612  0.3658952638  
-0.5164166444  0.2008527591  -0.832449409  
0.7891878273  -0.4349944619  -0.4335462967  
-0.8363213452  0.5315838827  -0.134108848  
-0.9254676242  -0.2279358884  0.3025804146  
-0.4982705777  -0.1826281947  0.8475690968  
-0.5623617877  0.4573501352  0.6888977235  
-0.2189122564  0.9571998454  -0.1893300819  
0.009734155356  -0.8868172486  0.4620177636  
-0.4234407441  -0.4972137678  0.7572822495  
0.9358997623  -0.3326573414  -0.1158910187  
0.7126105421  -0.5442136683  0.4427388604  
-0.9394785119  -0.3386801  -0.05172925161  
0.1958291482  -0.421063094  0.885639213  
-0.5946741571  0.7884148349  -0.157368024  
0.7559695613  0.236993155  -0.610200186  
0.5782182043  0.7294820243  0.3654034542  
0.6461449395  0.558389494  -0.5202863541  
0.3349050802  0.786842694  -0.5183793612  
0.6344226992  0.4437656983  0.6329137728  
-0.3558641647  -0.7049749889  -0.6134907997  
0.439046742  0.8964948118  0.05945595583  
0.2032461174  -0.9110740137  -0.3586574374  
-0.2410853036  0.3835456715  0.8914990714  
-0.5027753911  0.5099263985  -0.6979913855  
-0.09010603838  -0.237213695  -0.9672696443  
0.4885279661  -0.1529985065  -0.8590296173  
-0.2069106367  -0.9576866209  0.2000608023  
-0.2077038845  0.7035535398  -0.6796112956  
0.4190603488  -0.7946132282  0.4392928882  
-0.7383821347  -0.67067242  -0.07064225474  
0.3549993946  0.43190259  0.8291173515  
-0.5543087123  -0.7943564762  0.2484746268  
-0.1768653173  0.09689063719  -0.9794543705  
-0.04001096159  -0.5730732537  -0.8185268284  
0.777995685  -0.2221953104  0.5876665365  
