1  0  0  
0.1521314496  -0.8821160684  0.4457883622  
-0.1906710356  0.9725321038  -0.1335135321  
-0.01974191565  0.008710463751  -0.9997671652  
-0.2852576913  0.08864137693  0.9543431017  
-0.9327016024  -0.2877105033  0.2174635306  
0.5732618582  -0.3394907498  0.7457324404  
-0.03536544088  0.7013438139  -0.7119453212  
0.5725112696  0.3788594287  0.7271151074  
0.09320657166  0.9769438581  0.192076113  
-0.1602088393  -0.9760989484  0.1468467595  
0.8509952946  -0.3683553862  -0.3743278215  
-0.4186158215  -0.8888872048  -0.1861191314  
0.7875294684  0.1534308617  0.5968721028  
-0.2801622044  0.4863068325  -0.8276562111  
-0.4580464955  0.33431222  0.8236678624  
-0.7349900975  0.6446653538  0.2102287758  
-0.7591885665  -0.6357356618  0.1395452929  
-0.7412280274  0.1858645119  0.6450080578  
-0.9462244395  -0.09459354908  -0.3093725434  
-0.465637137  0.7861035541  0.4064766401  
-0.9348578077  0.3512586703  0.05155798603  
0.1176298532  -0.8590144941  -0.4982542689  
0.5765000091  0.05369273193  -0.8153311168  
0.06659209284  -0.3691955187  -0.9269628699  
0.5282945097  -0.8485538181  -0.0293484043  
-0.4986168599  0.8130637384  -0.3005138671  
-0.8065499512  -0.1674757249  0.5669471384  
0.625709121  -0.5304051399  -0.5719776948  
0.9211678142  -0.2788081489  0.2715066741  
0.7555423073  0.4879333166  -0.4371234384  
-0.8039029518  0.1790474003  -0.5671702324  
0.00663066267  0.6574512529  0.7534679053  
0.9412502482  -0.04749304043  -0.3343536772  
0.4872535846  0.8593560011  -0.1552134263  
0.5673233049  0.4109979605  -0.7135999889  
-0.5082879763  -0.7187806731  0.4743392005  
0.307378734  -0.1551349388  0.9388564665  
0.6960299052  0.6948016707  0.1810884023  
-0.0162636837  -0.3775174938  0.9258596192  
-0.5341499622  -0.6794363914  -0.5030407617  
0.2318055539  0.832852826  0.5026155145  
0.418318474  -0.6833872996  0.5983238697  
-0.3052333415  -0.5571775909  -0.7722601501  
0.3181090197  -0.6244272961  -0.713370313  
0.2436647057  -0.9504596628  -0.1930127992  
-0.7101630547  0.5267662265  -0.4671036056  
0.775232594  -0.6152398886  0.1431583203  
0.2001008585  0.860897586  -0.4677766485  
0.2735713317  0.2387493772  0.9317496774  
0.3149622051  0.2627151622  -0.9120194915  
-0.5624806566  -0.02738616086  -0.8263567687  
-0.789152446  -0.4485109062  -0.4196145661  
0.9149716772  0.3903182018  0.102364698  
-0.2838737824  -0.6043121809  0.7444611902  
