1  0  0  
0.3489371781  0.9199879966  -0.1785075121  
-0.8123864739  0.495168421  -0.3079552756  
-3.212689889e-06  4.593632403e-06  1  
0.338871274  -0.06601780642  -0.9385136701  
-0.9465104295  -0.238876968  0.2169234912  
-0.7652251555  0.2865068505  -0.5764930928  
0.3006424938  0.8072345456  -0.5079236944  
0.7526935148  0.4275356765  0.5006652755  
-0.5780504271  0.7864498821  0.2176104011  
-0.01277318154  -0.9428431485  -0.3329919565  
0.5804484699  -0.6001522735  -0.5503606294  
-0.04384325862  -0.999038422  6.006973186e-06  
-0.9465102959  -0.2388787255  -0.2169221389  
-0.2920650187  0.9429775137  -0.1596603692  
0.4828478896  -0.3565903301  -0.7998132607  
0.3253526096  -0.8152162402  -0.4791327177  
-0.623311056  -0.7819739941  4.529552638e-06  
-0.7652255818  0.2865148145  0.5764885688  
-0.8288327853  -0.5345332954  -0.1652584949  
-0.2574104974  0.5936976123  0.7624060473  
-0.8123865497  0.4951727072  0.3079481838  
-0.2574102153  0.5936880967  -0.7624135524  
-0.2578544452  -0.2627444552  0.9297722497  
-0.0129510854  0.7770072294  0.6293584311  
0.5780504051  -0.7864470363  0.2176207439  
0.4828472966  -0.3565802527  0.7998181116  
-0.6367537938  0.04250428792  0.7698947925  
0.9397482687  -0.1456125166  -0.3093059754  
-0.9408737449  0.3387574297  -2.563884937e-06  
-0.7526939177  -0.4275296039  0.5006698553  
0.9397481028  -0.1456083173  0.3093084563  
-0.292064992  0.9429794951  0.1596487151  
0.8413694094  0.1004086756  -0.5310514238  
0.8288322715  0.5345321417  -0.1652648032  
0.5682305384  0.2735407057  -0.7760731522  
0.1065412261  -0.3346842978  0.9362880903  
-0.3388692383  0.06600682694  -0.9385151773  
0.4649013139  0.5690591031  0.6782613844  
0.01295149647  -0.7769998157  0.6293675755  
0.348937147  0.9199902007  0.1784962131  
-0.3006425847  -0.8072409284  -0.5079134964  
0.6367520957  -0.04249424105  0.7698967516  
-0.1480546691  -0.556770063  -0.8173658373  
0.1065426059  -0.3346954865  -0.9362839337  
-0.01277331431  -0.9428391619  0.3330032391  
0.5804483871  -0.6001450152  0.5503686315  
0.7701951865  -0.6378082586  4.410192805e-06  
0.5998472301  0.7158249036  -0.3574604984  
0.2578529381  0.2627550674  0.9297696687  
0.1480550223  0.5567606836  -0.8173721622  
-0.841368399  -0.1004150911  -0.5310518116  
-0.5682291245  -0.2735508589  -0.7760706087  
0.5998475658  0.7158290023  0.3574517272  
-0.4649019085  -0.5690503662  0.678268307  
-0.3253528467  0.8152102089  -0.4791428184  
