1  0  0  
0.5082819487  0.09723150289  -0.8556842265  
-0.9392127592  -0.02487821066  0.3424331579  
0.2421883491  -0.08144455752  -0.9668048343  
0.05646125492  0.2477703202  0.9671721642  
-0.935370183  -0.3188165737  0.1530967445  
-0.6614870285  0.02158490044  -0.7496459185  
-0.2371557803  -0.2802110111  0.9301822  
-0.316259752  -0.4691301506  -0.8245584704  
0.2126132853  -0.8682505156  0.4482595599  
0.304360827  -0.9332066363  -0.191023195  
-0.9366262257  0.3009931076  0.1792608784  
-0.2873101104  0.9479306701  -0.137405768  
0.6127583067  0.3390202623  0.7138574923  
-0.4929562042  0.6846476516  -0.5368908399  
0.257608334  -0.7009204797  -0.6650927961  
-0.5995673785  0.7951573345  0.09079522079  
-0.5161408571  -0.6645690289  0.5403208505  
0.8166535684  -0.2747043966  -0.5075573305  
-0.7632642292  -0.4925335905  -0.4181367941  
-0.5774575205  0.5201579478  0.6292682428  
-0.946184797  0.2719151918  -0.1754891973  
0.1641927749  0.8289980859  -0.5346053744  
-0.3177617502  0.39718213  0.8609726045  
0.1556653764  0.7491849477  0.6438091369  
0.7714056229  -0.5096054864  0.381097905  
0.3738921984  -0.5070808663  0.7765781474  
0.01897101819  -0.5445218193  -0.8385321036  
0.7583593677  -0.5692015063  -0.3176487284  
0.8761318265  -0.1464292359  0.4592945695  
0.7992775569  0.3477233247  -0.4901467907  
0.8372684582  0.1694719433  0.5198661264  
-0.4792815556  0.7694031533  0.4222652936  
0.8387400767  0.5376219911  0.0864735704  
0.7468967131  0.5982330242  -0.2902801211  
0.588743576  -0.2166171003  -0.7787541548  
0.0778319009  -0.08954635461  0.9929368789  
-0.3840103362  -0.1373153349  -0.9130610935  
-0.6280442479  -0.7765036772  0.05101433102  
0.09711698416  -0.6986312329  0.7088601356  
0.2721990908  0.8925203376  0.3596040906  
-0.06157194414  -0.9703956034  0.2335407214  
0.3947843146  -0.2008050977  0.896561575  
-0.3367041827  -0.9411975364  -0.02788352337  
0.08170736317  -0.8924213619  -0.4437431912  
0.2468326345  0.5871266251  -0.7709448597  
-0.6623674856  0.3530423351  -0.6607801628  
0.8218420639  -0.5682978887  0.04016381085  
-0.5538660951  -0.3985182167  0.7310373312  
0.01505444624  0.9939938824  0.1083952282  
0.4065254047  0.8634899236  -0.2985334943  
-0.9493986058  -0.2234178164  -0.220741402  
-0.585451425  -0.7624732194  -0.2754654581  
0.4861325736  0.6534053894  0.5802900292  
-0.7676437615  -0.05424501725  0.6385769597  
-0.06736756504  0.4193726264  -0.9053111131  
0.5756487299  -0.7821634541  0.2384300125  
