1  0  0  
-0.3059749255  -0.9519074889  0.01585804177  
-0.001481491003  -0.6248518972  -0.7807418983  
-0.03574380342  0.3150880235  -0.9483891174  
0.3061914405  -0.6986808331  -0.6466002592  
-0.5846651192  -0.6120525656  -0.5325019768  
0.5929218232  -0.03388501602  0.8045467775  
-0.7571309927  -0.3556464795  0.5479673727  
0.5856430583  0.3359560056  0.7376691471  
0.572429008  -0.7726099775  0.2745885167  
0.21658805  -0.9420100807  -0.2563330343  
-0.8085579716  0.3095792259  0.5003945538  
0.4129630457  0.8551681408  -0.3132873663  
0.8204700816  0.3932258466  0.4149726241  
-0.02751333721  0.9985829757  -0.04555279268  
-0.3158868943  0.4229546  0.8493084695  
0.6188471472  -0.7818463648  -0.07579228379  
-0.9370357796  -0.3404164666  -0.07797805426  
0.5865929176  -0.5254656264  -0.6162747963  
-0.9469586611  -0.06488049213  -0.3147376938  
-0.4850551611  0.787332518  0.3805640507  
-0.8138962147  0.5717718779  -0.1031982142  
0.1373891579  0.5600634205  -0.8169780807  
0.01978519405  0.009834767387  0.9997558819  
0.3135710542  0.5097568828  0.801137388  
0.7307918453  -0.5191027935  0.4432556471  
0.2505033834  -0.5311715692  0.8093854576  
0.3085578555  -0.09732647619  -0.9462132988  
-0.7634260988  0.5744460699  0.2952834306  
-0.9319857261  0.2755699735  -0.2355075285  
-0.9459751881  0.07201937791  0.3161394514  
0.8071695108  -0.2103445631  0.5515727926  
-0.3559224367  0.9333885279  -0.04588109591  
0.8014759547  0.02838106218  -0.5973531697  
0.6239128101  0.6402380228  -0.4481384603  
-0.594175383  0.209835931  0.7764821287  
-0.07325188926  0.7705095764  -0.6332054591  
-0.327962007  -0.1767399701  -0.9280107246  
0.8151461274  0.5504770975  -0.1803101664  
-0.08791112305  -0.9295810165  0.3579815192  
-0.6138425108  -0.787280821  0.05819175949  
0.4828624179  0.8305234621  0.2776232417  
0.3333255037  -0.1834988882  0.9247822807  
-0.1494930721  -0.9496482141  -0.2753544821  
-0.008003433274  -0.3336527198  -0.9426620856  
-0.04353889088  0.8499602232  0.5250447447  
-0.5615949594  0.386557278  -0.7315631022  
0.9329347597  -0.341250409  -0.1148080679  
-0.4816089037  -0.4771669107  0.7350949621  
0.2861389652  0.7698300363  0.5705139857  
-0.2930920312  -0.7452366487  0.5989318815  
-0.7923490135  -0.1209662334  -0.5979550243  
-0.7570955154  -0.6247848952  -0.190919395  
0.9283947899  0.2543671989  -0.2708882468  
0.5731585176  0.1418374966  -0.8070758566  
-0.4380920608  0.6878014885  -0.5787956968  
0.2493499112  -0.8971641175  0.3645835543  
-0.2849780539  -0.2438362614  0.9270012872  
