1  0  0  
-0.2344744305  -0.8377303655  0.4931831061  
-0.07731059175  -0.9916932867  -0.1027983343  
0.5962897996  -0.732357842  0.3287711456  
-0.3038105961  -0.1077996402  0.9466141554  
0.3374670421  0.6297560649  0.699659413  
-0.5756287613  0.03970196026  -0.8167467683  
0.4613754017  0.6137580607  -0.6406510608  
0.6483409625  0.5069976048  0.5679854092  
-0.8082633311  0.5744161758  -0.129446686  
-0.004193333326  -0.9702342239  0.2421321264  
-0.839220491  0.4062479264  0.3614852552  
0.3275910802  0.9274085823  -0.1805475164  
0.795263499  -0.163982456  0.5836657616  
-0.3144009019  0.9026567795  -0.2938755032  
0.3160909025  -0.725390191  -0.611470042  
0.612099491  -0.5959583618  -0.5197767253  
-0.8148982445  -0.5523745476  0.1755654016  
0.2430498446  -0.2289761898  -0.9426010172  
0.8606440104  0.3541636009  0.3658688715  
-0.4490450502  0.8372510192  0.3120405002  
0.9424403952  -0.3288385484  -0.06059134088  
0.009594197563  0.3183602743  -0.9479212452  
0.3053020214  0.4243979892  -0.852453531  
0.2076121804  0.8722395945  0.4428264585  
-0.7326626268  0.4781451795  -0.4843373438  
0.2146574921  -0.5429531064  0.8118645733  
0.7463961943  -0.2386950044  -0.6212225173  
-0.1662882677  0.5216021162  0.8368270099  
0.921711079  -0.2779712956  0.2705192149  
-0.9438681341  -0.3269629679  -0.0469910964  
-0.3043084695  -0.1214135686  -0.9448042658  
-0.2421778916  0.9691350887  0.04611993737  
-0.9394190147  0.08665371341  0.3316369232  
0.9268343011  0.243676469  -0.2856570614  
0.557772882  -0.06658839468  -0.8273181963  
0.009088387756  0.0310718383  0.9994758337  
0.4891075057  0.3391507666  0.8035860908  
-0.941912402  -0.04305604502  -0.3330873818  
-0.09678392171  -0.6538923195  0.7503717126  
-0.3860645706  -0.9091830471  -0.156013891  
0.6170574219  0.7862047621  -0.03349940529  
0.3018999809  -0.2198695955  0.9276388104  
-0.5257681391  -0.7491354142  -0.4029441587  
-0.02534280179  -0.7330202741  -0.6797345218  
-0.4861301653  0.4132610634  0.769995296  
0.5415438408  -0.3853075335  0.7471735897  
0.7294350279  -0.6580823203  -0.1866874385  
-0.8042496209  -0.09993194818  0.5858294573  
-0.1321812624  -0.4082476676  -0.9032507712  
-0.1139357651  0.824033966  -0.5549654622  
-0.7549829738  -0.1734346078  -0.6323931894  
-0.5688715185  -0.7387552262  0.361422068  
-0.7645728993  -0.6144664795  -0.1945744771  
-0.5876726105  -0.276930444  0.7602305124  
-0.4225603899  0.6801301198  -0.5990540351  
0.543942817  -0.8388738607  0.02041709312  
0.7400341696  0.4493275333  -0.5004539896  
-0.122729653  0.9145597411  0.3853802177  
