1  0  0  
0.193165465  0.727994467  -0.6578078436  
-0.9469534418  0.117304794  0.2991968654  
0.3255423483  0.4566655683  -0.8279364337  
-0.3333419984  0.254503822  0.90780555  
0.8578246262  0.5045226604  -0.09794792396  
-0.5162212857  0.08861168908  -0.8518588808  
-0.3269223903  -0.8597037928  0.3924680106  
-0.9469577573  -0.2846028478  -0.1492388187  
0.009380169547  -0.9244065  0.3812933715  
0.07057543608  -0.975865472  -0.2066535469  
0.9480588575  -0.291831198  0.1265660088  
0.1125753797  0.9898098229  -0.08719689387  
0.7729505156  -0.05361418857  0.6321969782  
-0.1393856768  0.7622651948  -0.632078639  
-0.5590016408  0.4116517391  0.719763858  
-0.7983117067  0.5915323116  -0.1130837886  
0.5415853214  0.7681555108  0.3415002942  
-0.611474811  0.05749973819  0.7891719303  
0.8284635218  0.2582855164  0.4969273439  
-0.8941326459  0.4140783287  0.1704873875  
-0.9396978841  0.01915713353  -0.3414687261  
0.2754026649  -0.5800358294  -0.7666236422  
0.3697578474  0.1042123446  -0.9232653581  
-0.396019817  0.8913979568  0.2204041451  
-0.653635904  0.6427112446  -0.3996027541  
0.4345982594  -0.633186043  0.6404684128  
-0.6076921605  -0.2978826453  0.7361903067  
0.7440447722  -0.5012023159  -0.4418072153  
-0.6336555553  0.3664741166  -0.6813056282  
-0.9437866319  -0.2258182512  0.2413978271  
0.2830762757  0.1812337353  0.9418185363  
0.5482046656  -0.8302573856  0.1007190063  
0.7957469347  -0.2107138255  -0.5677908943  
0.4345982601  0.8963860811  -0.08727167833  
0.8260452641  0.1218220093  -0.5502804918  
0.03229315948  -0.5378250849  0.8424377306  
0.7939214755  0.5339796106  0.2907825067  
-0.6230841952  -0.5117973277  -0.5914639305  
-0.08735296295  -0.2632118042  0.960775211  
-0.2941939362  -0.933663862  -0.2042589549  
-0.0426072546  -0.6747000293  -0.7368612436  
0.2065013529  -0.1347265432  0.9691263848  
-0.004038122807  0.3984890947  0.917164181  
-0.4966119867  0.70285626  0.5092834303  
0.06324275682  -0.07998199836  -0.9947880345  
-0.3325053434  0.4065599008  -0.8509695903  
0.8336042585  -0.3522735392  0.4254495197  
-0.639221029  -0.7095257901  0.2965967452  
0.3577513033  0.7150709626  0.6005726629  
-0.3346855236  -0.4712001686  -0.8160612731  
-0.5953683706  -0.2281451802  -0.7703806072  
0.1155991522  0.8770741934  0.4662378097  
-0.6778696991  -0.733634035  -0.04768410439  
0.7747729011  0.4427157613  -0.4513642725  
0.6779412613  -0.710300012  -0.1893925528  
0.3614183284  -0.8513080857  0.3803305604  
-0.5147722886  -0.6166598632  0.5956006246  
0.2032857757  -0.8311106109  -0.5176195958  
-0.2326910469  0.9682129902  -0.09175228723  
