1  0  0  
0.3354725924  -0.9408727919  -0.04708002986  
-0.3147016574  0.2005216799  0.9277682484  
-0.02453674876  0.5883813547  -0.8082111911  
0.08872239892  0.06211635979  -0.9941176458  
-0.3140904971  -0.3271210988  -0.8912569475  
0.5980643566  0.4176363735  0.6840313479  
-0.2991362555  -0.9510044491  0.07815394058  
0.4968219323  0.7295972563  0.4699529882  
-0.5874023683  0.7996244641  -0.1247364185  
-0.2502160416  -0.008747684501  -0.9681505103  
0.7604452841  -0.5182307627  -0.3913564186  
0.0289896078  0.5658311142  0.8240113791  
0.9313032888  0.2877167444  0.2233679906  
-0.9392185218  -0.04701664576  0.3400852882  
-0.3281359195  0.8731616305  0.3604380465  
-0.8194812684  0.5707626912  0.05177258997  
-0.5855880468  -0.7939371035  -0.1635558472  
0.8165121825  0.3523203391  -0.4573600709  
-0.809952226  -0.2048306875  -0.5495650836  
-0.7581939534  -0.104765302  0.643557426  
-0.9452282251  -0.3044536735  0.1176926643  
0.293616525  0.9231495782  0.2481616259  
-0.42037846  -0.1335980246  0.89745948  
-0.4917044896  0.6746561732  0.5505140715  
-0.84681829  0.3072138109  -0.4341871234  
0.3522794609  -0.5420908304  0.7629133064  
-0.3418596693  -0.6067240919  0.7176474363  
0.5969078015  -0.11678901  -0.793764073  
0.5585934289  0.1102276025  0.8220847017  
-0.01825928327  0.9998329325  -0.0008400218669  
0.7419761073  -0.1039178778  0.6623235847  
-0.8222848576  0.2121697355  0.5280450892  
0.5786310784  0.8000400841  -0.1584990188  
0.1076598852  0.7957180647  -0.5960219045  
-0.7859308797  -0.5742878495  0.2291421352  
0.1499281168  -0.3083387189  0.9393874569  
-0.9414954411  0.01724588647  -0.3365841853  
-0.5948513896  0.4117005439  0.6904016848  
0.5183773981  -0.717066586  0.4659403229  
0.2965589305  -0.5045778273  -0.8108353821  
-0.001961559757  0.2673076612  0.9636092396  
-0.4753866954  0.2274455189  -0.8498682403  
-0.3350806136  -0.6041387032  -0.7230058158  
0.1589514338  -0.7622507243  -0.6274617717  
0.6069191083  -0.7652087822  -0.2147200868  
-0.6330564912  0.4482978648  -0.6310851791  
0.9436860072  -0.3091528165  0.1178187414  
0.5978074098  0.6253232321  -0.5015946135  
0.1607933289  0.8165677445  0.5544029437  
-0.2941864726  0.9148798041  -0.2764945993  
-0.7489452439  -0.5229688534  -0.4069208768  
0.02574858342  -0.9480522507  -0.3170708761  
0.2040692388  0.3717058974  -0.9056436781  
-0.03362289413  -0.9475563675  0.31781509  
0.2163160163  -0.7893709625  0.5745440494  
0.7639546077  -0.578592073  0.285665137  
-0.3630035782  -0.839567345  0.4041720865  
0.9365879832  -0.2767162788  -0.2150140711  
0.8143666849  0.5732875805  0.09026767187  
0.5729965716  0.3694692442  -0.7315513698  
