1  0  0  
0.005780724281  -0.9961200716  0.08781449869  
-0.6372409618  0.7702721823  -0.02459109245  
0.0204198986  0.7573402636  -0.6527011206  
0.00227202164  0.2309326748  -0.9729670794  
-0.7528444885  -0.6276115608  0.1983151654  
-0.7855295959  -0.01877909609  -0.6185390848  
-0.2103294227  -0.9501738709  -0.2300677053  
0.5163617628  0.799266546  0.3074792976  
-0.7840643632  0.571939661  -0.2410976949  
0.1401227398  0.6278623907  0.7656072336  
0.644447688  -0.6868711257  -0.3359988602  
-0.9419146283  0.2483954308  0.2260454447  
0.6951150778  0.5681310184  0.4405021845  
-0.1160041765  0.9680519656  0.2223025481  
0.6621330364  0.1176457447  -0.7400941297  
0.3449003395  -0.7994067061  -0.4919275089  
-0.5851666968  -0.8108623236  -0.009068028721  
-0.8078733083  -0.2971334661  0.5089719256  
-0.8024654121  -0.5811577949  -0.1352955275  
-0.7849298539  0.4203631593  0.4551702305  
0.8370776436  -0.5365372627  -0.1069054924  
-0.3290435355  0.938545379  -0.104225349  
0.1202663044  -0.5182519204  0.846729569  
-0.6362740587  0.2728935989  0.7215846491  
-0.8377121917  0.299355475  -0.4567544016  
0.6388339018  -0.2419421883  0.7303117303  
-0.4268280351  0.4781300202  -0.7675998386  
0.8335295607  -0.08910629142  -0.5452417265  
0.9460176713  -0.0162441997  0.3237077256  
0.6515058547  0.5743840375  -0.4956037719  
0.8533340096  0.2920576359  0.4318835552  
-0.5181947007  0.5663216893  0.6409009256  
-0.5236479783  -0.4175210004  0.742609594  
0.3095454114  0.9481038515  -0.07266859704  
-0.329301161  -0.2190573193  0.9184631926  
-0.1407519649  0.07997636961  0.9868093355  
-0.6434373656  -0.314438096  -0.6979377052  
-0.4629485276  -0.5869298393  -0.6642228727  
0.5096739122  -0.7904252933  0.3397945835  
0.02857995037  -0.8530710593  -0.5210114722  
0.1874356251  0.08010064103  0.9790055024  
0.5155037084  0.05277795286  0.8552604365  
0.2023202851  0.5115309462  -0.8351063365  
0.4518637019  -0.07347715754  -0.8890558487  
0.3139167807  -0.7298875674  0.6072235122  
-0.324889208  0.2138712656  -0.9212524542  
0.4244675661  -0.8842428278  -0.1947868241  
0.4855235804  0.8116968091  -0.3246769825  
0.2813558096  0.8069716113  0.519264602  
-0.1608001291  0.9083759406  -0.3860006074  
-0.9478471784  -0.2919265601  -0.1279242353  
-0.3401324465  -0.353712223  -0.871319449  
0.9123970525  0.3664497416  -0.1823354203  
-0.3534422883  -0.7054534421  0.6143402884  
0.6367965241  -0.5547468096  0.5354868478  
0.9438183851  -0.3060407175  0.1246833399  
-0.1696183382  -0.9063499229  0.3869876439  
0.3279771814  -0.3758670774  -0.8666919341  
-0.1856760533  0.6403871524  0.7452708892  
-0.9487964043  -0.07754291624  0.3062229242  
-0.001605068068  -0.3765293189  -0.9264033116  
