1  0  0  
0.005253027453  -0.8643696076  0.5028295806  
0.3467639834  -0.7713104789  -0.5336992458  
-0.6025028474  -0.3138783243  0.7338056394  
0.3452192603  0.429616914  0.8344177428  
-0.4366303408  -0.8972326782  -0.06578348296  
-0.6643570275  0.05013817161  -0.7457317908  
0.03844233653  0.6667507248  -0.7442886925  
-0.2980586213  -0.7063877996  -0.6420103853  
-0.9497216854  -0.1905026872  -0.2484702122  
0.538216904  -0.8412870037  0.05058400546  
0.9456690038  -0.1407534961  -0.2930846098  
0.6522968335  -0.7046072793  -0.2793517906  
0.5805868313  0.5568360551  0.5940139216  
0.7614688203  -0.3176645868  0.5650260578  
-0.3729168347  0.07103039265  0.9251419987  
-0.7783229575  0.6277195339  -0.01347443983  
0.2887555927  0.9282273606  -0.2345510066  
0.640070512  -0.007073903767  -0.7682836062  
0.7871919967  0.5387457692  0.3001362299  
-0.8360057368  0.4508398916  0.3127903454  
-0.5388100245  -0.7658321877  -0.3509769476  
-0.3246453443  0.8940202179  -0.3087608306  
-0.1312859218  -0.2142980669  -0.9679051324  
-0.283901762  0.5739133666  0.7681297008  
0.8621946756  -0.001288777083  0.506575444  
0.2468091348  -0.5148864466  0.8209611429  
-0.845602684  -0.0518644419  0.5312872863  
-0.9484847086  -0.2114699263  0.2359178411  
0.5651294115  0.7835485665  -0.2582254678  
-0.5859569674  -0.6065875665  0.5373136482  
-0.5994504729  -0.2613178549  -0.7565527802  
0.9388337066  -0.344017565  -0.01559443175  
0.9130012648  0.4073120341  0.02292590865  
0.3115256719  0.7871933783  -0.5322389885  
-0.7972910541  -0.5540376745  0.2395187471  
-0.07113464959  -0.04028545277  0.9966528703  
0.2406097173  0.8925692605  0.3813490252  
0.1248028821  0.9885612772  0.08468082335  
0.2969804086  -0.7465684522  0.5953471115  
0.08653106346  -0.9363805535  -0.3401526628  
-0.4021873292  0.8809147568  0.249468522  
0.3975295177  0.05416089527  0.9159895632  
-0.5997814375  0.5621816219  0.5693979726  
-0.1729630714  0.3144712508  0.9333764559  
0.3443126675  0.2419386435  -0.9071463387  
0.4899490293  -0.3000062664  0.8185024061  
0.8178397328  -0.4899843612  0.3017507203  
0.05755478748  0.3884604113  -0.9196662195  
-0.02219386432  0.7839437821  0.6204349917  
-0.20707062  0.1957829087  -0.9585357641  
-0.7981500821  -0.3103801148  -0.5163532035  
-0.220446533  0.9752537174  0.01683784028  
-0.7043973071  -0.7086249536  -0.04092809414  
-0.3441918889  -0.5440430355  0.7652118133  
-0.5545201451  0.5550011  -0.6200654705  
-0.944753878  0.1877089893  -0.2687107094  
0.01662492266  -0.9761144169  0.2166200756  
0.5124593803  -0.3353767284  -0.7905111217  
0.7687253697  -0.2692518309  -0.580142015  
0.7956550737  0.3595636903  -0.487490468  
-0.04635491279  -0.5461465944  -0.8364060733  
-0.6004610827  0.7190634943  -0.3498487949  
