1  0  0  
0.329965749  0.7820237453  -0.5287357244  
-0.2164953409  -0.5754726235  0.7886450577  
-0.09272902223  -0.2234255986  -0.9703001238  
-0.1531071214  -0.01359924857  0.9881160204  
0.8162335111  0.5411879379  -0.2021842506  
-0.4881848189  0.5548528657  -0.6736570939  
0.02753636716  0.7767419085  -0.6292167799  
-0.9523422679  -0.09960753603  -0.2883098047  
0.2397259356  -0.8629273402  -0.4448459075  
-0.5218079327  -0.8329561072  -0.184121169  
-0.2176457783  0.3323385793  0.9177044099  
-0.5667759774  -0.8128493612  0.134316445  
0.1359297514  -0.106463457  0.9849815404  
0.265966558  0.9613342253  0.07140236251  
0.2001891003  -0.6134062674  -0.7639745252  
0.5141836606  -0.4005419055  -0.7584071104  
-0.9498803618  0.09836107797  0.2967362408  
0.4261263938  -0.07595729934  -0.9014692369  
-0.3343353656  0.3358819042  -0.8805698211  
-0.5284541632  0.8043534857  0.2715725822  
-0.7856341407  0.2887761233  0.5471629991  
0.2925789786  -0.7920709974  0.53574348  
-0.3437445471  -0.2731499855  0.8984591097  
0.03182109961  0.7901653328  0.6120671241  
-0.7614662131  0.6410953518  0.09573900092  
0.8006102803  -0.5593435784  0.214843991  
0.8429063134  0.08453952892  -0.5313774692  
-0.6693011136  0.09425831281  0.7369880527  
0.9224216172  -0.2333665008  0.3076986131  
-0.8175833707  0.0965540686  -0.5676572414  
0.605583014  -0.2330912153  0.7608795558  
0.2955823845  -0.949025571  -0.1094601274  
0.8766164082  -0.4029953646  -0.2629418357  
0.7599210477  0.6438816117  0.08908687522  
0.6196066222  0.2221180576  -0.7528288001  
0.008996626994  -0.9306145764  0.3658901076  
0.6061546705  0.4455359127  0.6588431269  
0.9371464576  0.3433255872  0.06232221227  
0.1687432824  -0.5917474547  0.7882643304  
-0.8139426172  -0.4697332228  -0.3418305359  
0.2887504033  0.8604119353  0.4198982093  
0.7415452387  -0.4320286546  0.5132853987  
-0.3374402234  -0.6521492653  -0.6788486071  
0.09027616002  0.52555902  0.8459538589  
0.02493721704  -0.99811644  0.0560509365  
-0.5759236148  0.719000246  -0.3890380908  
0.6838360139  -0.5751810135  -0.4489266174  
0.5093109102  0.5197665853  -0.685890001  
0.3755674807  0.3484080834  0.8588136438  
0.02777367162  0.3669766225  -0.9298154557  
-0.6366079228  -0.1191687697  -0.76192464  
-0.5839561421  -0.6782150782  -0.4461160519  
0.5671266877  -0.8202084427  0.07500287094  
-0.7679526197  -0.4001273049  0.5001468922  
-0.31277739  0.9205116318  -0.2341551624  
-0.9452745526  0.3256146018  -0.02076418107  
-0.6052682578  -0.6802666707  0.4133855257  
-0.4399981515  0.6741810609  0.5931960247  
0.01043479655  0.9593429677  0.2820499696  
-0.9399572496  -0.2366284291  0.2459417727  
-0.4007508248  -0.01758959755  -0.9160182217  
0.2904283171  0.9242403801  -0.2478530056  
0.8155763055  0.2303023455  0.5308447227  
