1  0  0  
0.1236364328  -0.8780657916  0.4622926542  
0.2003857553  0.809198088  0.5523078883  
-0.4270785421  -0.2423357461  -0.871135641  
0.3969626832  -0.2314861745  -0.8881637119  
-0.8147909926  -0.5653496222  -0.1284345865  
-0.7896478378  0.4670903877  -0.3978477875  
-0.2641587165  0.6832725582  -0.680704623  
-0.1421871887  -0.1519787871  -0.978102884  
0.4705230524  -0.7727245419  0.4260338479  
0.3363019222  0.9392649306  -0.0684281175  
-0.9473026535  0.2634240395  0.1822785177  
-0.007371530543  -0.9867740158  0.1619342528  
-0.4304258651  -0.6294324338  -0.6469531559  
0.5254623886  -0.8508144043  0.002031651415  
-0.08362780111  0.3783442502  0.9218796121  
-0.5430806012  0.6484755954  0.5334255926  
-0.6505123644  -0.5655368373  0.5069533997  
-0.6544195142  0.07772770042  0.7521259895  
0.3661696764  0.8840544295  0.2904608987  
0.3363018515  -0.5258942069  -0.7812402626  
0.9336290836  -0.3245503039  0.1516701502  
-0.6916873806  0.6904992697  -0.2116112619  
0.4515434587  0.1117677374  -0.8852211463  
-0.2427354301  0.7657617722  0.5955572342  
-0.9496153067  0.05915366343  -0.3077850118  
0.8129765302  -0.1951088901  0.5486362022  
0.5799154436  0.3564060877  -0.7325795376  
-0.8474534858  0.1715440973  0.5023895024  
0.6225652403  0.3861211345  0.6806783315  
-0.9411444767  -0.3274015978  0.083995641  
0.3899500555  -0.08064121983  0.9172981783  
-0.6643819288  0.7096577538  0.2344835285  
0.848550204  0.3650073574  -0.3830563671  
0.3926729191  0.7212527155  -0.5706158945  
0.767701199  0.6140212475  -0.1833378756  
0.5686954763  -0.5488322247  0.6126733586  
-0.1582524627  0.04494609413  0.9863751856  
-0.5289910065  -0.8005613648  0.281549314  
0.3273961478  -0.4133707663  0.8496683894  
-0.1100118664  -0.9825542584  -0.1499483861  
-0.2106400084  0.972956447  0.09479735823  
0.6565702742  0.04403336327  0.7529784446  
0.05260458852  -0.9137325529  -0.4028964867  
-0.001236177386  -0.6597727151  -0.7514641949  
0.5967077517  0.7039000803  0.38531096  
-0.8365384656  -0.1546387426  -0.5256331941  
0.7962402971  -0.464695012  -0.3873757027  
-0.07850017459  -0.7406193025  0.6673235882  
0.2317740888  0.4796179988  0.8463139766  
-0.1014203782  0.1886784442  -0.976787772  
-0.5968679749  0.275946106  -0.7533938991  
-0.5995162638  -0.7981926059  -0.05889663227  
-0.7798258093  -0.4591281918  -0.4255267448  
-0.3174084716  -0.5212142134  0.7922042704  
0.8354566681  -0.5484426131  -0.03496935693  
0.9491057903  0.06028447162  -0.3091342449  
0.2099509428  0.8987928221  -0.3848273179  
0.6297731524  -0.3827128164  -0.6759561204  
0.390608197  -0.8623510803  -0.3221425939  
-0.7846473338  -0.1560903755  0.5999702961  
-0.02315213502  0.508790737  -0.8605788543  
-0.3116345811  0.9264502065  -0.2111253248  
0.9404021458  0.2576571454  0.2219382788  
-0.1985422078  -0.2785176283  0.9396855444  
