1  0  0  
-0.934335439  -0.3291461033  0.1366752725  
0.6048738657  -0.222971132  0.7644681032  
-0.09250545781  0.2670808686  0.959223931  
-0.02759895184  0.08919562493  -0.9956316781  
0.9345849404  -0.3138987857  0.1673873992  
0.08869508787  0.6417149877  -0.7617972538  
0.618857953  0.5685283386  -0.5420243188  
-0.6767188531  0.4728871606  -0.5642954255  
0.3077253868  -0.9184892479  -0.2483597949  
0.5660685641  0.7770182129  0.275334483  
0.5198306459  -0.5654883323  -0.6403116785  
-0.9447829424  0.2968134219  0.1388775878  
0.4888293243  -0.7031298043  0.5163858732  
0.7969369266  0.6011268524  0.05948144532  
0.2886030326  0.6760514416  0.6779843198  
-0.2913596021  0.7846000782  0.5472771689  
-0.9398684013  -0.3016406398  -0.1601883664  
-0.145374511  -0.3478928892  0.9261947901  
-0.2720017213  0.8831174298  -0.382254717  
-0.002387856819  0.7510196618  0.6602755226  
-0.5584536853  0.7402807321  0.3743179384  
0.143885178  -0.4327054509  0.8899792404  
0.3291354702  -0.1685860937  0.9291117109  
0.6560229423  0.3370656285  0.6752930188  
-0.321663652  0.9446888091  -0.06399647638  
0.2770410296  0.9350314507  -0.2212791318  
0.2698897393  -0.02070981954  -0.9626684954  
0.2258999824  -0.55828896  -0.7982998403  
-0.7696942602  0.5233691808  0.3655891771  
0.8129096107  -0.5806638976  -0.0448040491  
-0.03625520548  -0.8660387957  0.4986605703  
-0.2961199572  -0.949186232  -0.1065761136  
-0.8726807286  0.2359326855  0.4275091974  
0.95259265  0.0450061687  -0.3009014589  
0.8027077103  0.02427819834  -0.5958782601  
0.3199930758  0.7698454253  -0.5522159474  
-0.4199861848  0.482597996  -0.7685771132  
0.8456235625  -0.2466112722  0.4733958924  
-0.3879212287  -0.5255644346  0.7571652035  
-0.7708174737  -0.526746429  -0.3582996256  
0.8551480642  0.2435946892  0.4575843262  
0.02221496902  -0.978671725  0.2042257326  
-0.515601265  -0.08985542561  -0.8521040652  
-0.3934842404  -0.4028032151  -0.8263895706  
-0.5662492105  -0.8237584919  0.02799604616  
-0.01247054805  0.9951293219  0.09778608321  
0.008442370583  -0.9190711156  -0.3940012828  
-0.6566249162  -0.2906755416  0.6959536256  
0.2162240294  0.1656642476  0.9621863261  
0.4218485574  0.2293011177  -0.8771914227  
-0.2030588702  0.7115565195  -0.6726473183  
-0.9522464549  0.01033733456  -0.3051554172  
-0.7768475935  0.5660148649  -0.2759256949  
-0.5800416639  0.04316954058  0.8134421054  
-0.5282175698  -0.7837816924  0.3266074978  
0.5940772137  -0.8004313897  -0.07988651002  
-0.8372960248  -0.3262552378  0.4387401129  
-0.5538227911  -0.6172059858  -0.5588712616  
0.2952644973  0.8596135623  0.4169932854  
-0.4111228583  0.3127674699  0.856244419  
-0.09031638602  -0.4933217254  -0.8651454362  
0.7683128607  0.5905294102  -0.2469217767  
0.569186176  -0.7908806113  0.2247998124  
0.6849417604  -0.3105117175  -0.6591185463  
-0.7655961353  -0.01269759555  -0.6431961821  
