1  0  0  
-0.3104172986  0.2791985715  -0.9086744513  
0.2315006222  -0.3666028404  -0.9011158745  
-0.02374651577  -0.1943193407  -0.9806508537  
-0.2886330082  0.07156335817  0.9547615788  
0.7836805303  0.6211479512  0.004477619242  
-0.004414436642  0.6868719307  -0.7267650676  
0.01979654804  -0.1174253119  0.9928843804  
0.6375778516  0.5980733819  0.4855952152  
-0.1014246205  -0.8947965481  0.4348013154  
-0.2124098113  -0.6925467564  -0.6893918061  
-0.6207247474  0.5195246467  0.5871924126  
-0.267955546  -0.3630959771  -0.8923906862  
0.796044175  -0.2642968026  0.544482205  
0.2315873132  0.9632110012  -0.1363520573  
-0.5181849553  0.3020502676  0.8001562272  
-0.8053449655  0.5908236053  0.04844537112  
0.3331021242  0.9266040345  0.1744933756  
-0.8021827277  -0.0777423271  0.5919957787  
0.8730211217  -0.4328956504  0.2245784425  
0.6603626053  -0.6814808854  -0.3154441828  
-0.8372392703  0.4259747871  0.3428934018  
-0.02626606358  -0.9936717445  -0.1092087816  
0.2876869609  0.2216354012  -0.931726334  
-0.1048856488  0.7753440317  0.622768523  
-0.5464148998  0.8330974297  0.08590360838  
0.2872836806  -0.9571400965  -0.0367548979  
0.5378350078  0.8398829287  -0.07300801721  
0.5764882238  0.003224792916  -0.8170990935  
-0.9440175654  -0.1553797495  0.291011975  
0.9283310837  0.1625459855  0.3343354626  
0.2874907059  -0.5740194695  0.766714251  
-0.2077858368  0.9209723241  0.329598277  
0.9321497544  -0.1346504153  -0.3361043007  
0.003502544462  0.54060689  0.8412680445  
0.8697702508  0.4384257401  -0.2264565769  
0.5503161702  0.5794706065  -0.6011371966  
-0.797497011  -0.0272620049  -0.6027066455  
0.7711458502  0.3718754332  -0.5167617826  
0.1931626165  -0.8350488982  0.5151519594  
-0.3939369208  -0.7918624549  -0.4666557135  
0.4714781004  0.5076905297  0.7210816368  
0.4675589116  -0.7061870094  0.5316846546  
-0.4202793715  -0.8303571506  0.3658855728  
0.340970442  -0.5985756039  -0.72487682  
-0.2900857554  -0.4974156126  0.8175744387  
-0.4037635107  0.8778220014  -0.2576888847  
0.6621729601  -0.7220512577  0.2004219356  
-0.8365580563  -0.4703514181  -0.280962919  
0.3171690872  0.03713201303  0.9476418014  
0.2804378666  0.7299707637  -0.6232955054  
-0.5563685469  0.4170764343  -0.7186802404  
-0.612061774  -0.7587618922  -0.2228469782  
-0.9530656085  -0.2999525829  -0.04116301525  
-0.6785365194  -0.6614863682  0.319411923  
-0.0951429676  0.9731746634  -0.2094728866  
-0.9528947154  0.2987999036  0.0520603402  
-0.01314206514  0.4195170506  -0.907652318  
0.4204035602  -0.7773330523  -0.4679895002  
-0.1023266202  -0.9017815412  -0.4199039351  
0.7626038207  -0.2274777841  -0.605548735  
0.5845053784  -0.1163999724  0.8029972037  
-0.7049206093  0.5436346253  -0.4555747237  
-0.9478201334  0.1384625478  -0.2871674032  
-0.5660740992  -0.3034618998  0.7664665613  
-0.5583908898  -0.2020769512  -0.8045896594  
0.749286734  0.3257499877  0.5765902668  
