1  0  0  
-0.4977106323  -0.8526308736  0.1590745733  
0.4219751729  -0.04257830438  -0.9056070016  
0.4257478863  0.1016036057  0.8991192605  
-0.1875297619  0.2848575473  0.9400472149  
-0.7367384292  0.5214876041  -0.4304267251  
-0.1680098454  0.69046217  -0.7035870121  
0.198754906  0.9795675018  -0.03072453034  
-0.8434383649  -0.1138471714  -0.5250243292  
-0.7898949477  0.4230828172  0.4439221794  
0.3999270731  -0.8928042959  -0.207265109  
0.8447343059  0.3809519774  -0.3758983151  
0.1265003368  0.9454383576  0.3002398654  
0.6845109703  -0.05723787759  0.7267520602  
-0.3525415621  0.9278301155  -0.1218430288  
-0.2591111455  0.5905960809  0.7642366672  
-0.9438509387  -0.3232233037  0.06835277185  
-0.7861676563  -0.5956906413  0.164599745  
0.4614639183  -0.3430436342  -0.8181516468  
0.6097059699  -0.3895431689  0.6903004779  
-0.3795239802  0.7576999079  0.5308977285  
-0.9418431677  -0.2348888163  -0.2403303797  
-0.6816211039  0.1557127029  0.7149449103  
-0.1156327615  -0.02287739564  0.993028544  
0.5293885509  0.560370455  0.6369715185  
-0.6185363407  0.7854417074  0.02222879921  
0.5575000335  -0.7708595847  0.3081707536  
-0.7953494061  -0.1407923624  0.589573433  
0.5790633763  -0.5266262327  -0.6223748206  
0.1234954441  0.200968493  0.9717821464  
-0.9318249362  0.3344112688  -0.1409659233  
0.3010164313  -0.4603630636  0.8351376879  
0.153945088  -0.908829687  -0.3877234968  
-0.9515905689  0.2505079154  0.1781043891  
0.6071952442  0.6859239014  -0.4010266038  
0.9517679511  0.09047320845  -0.293176339  
0.01051500059  -0.3825559958  0.9238724722  
-0.4481812107  0.2007409468  -0.8711123204  
0.662268715  0.7461008971  0.06880116606  
-0.04642005858  -0.839233691  0.5417859264  
-0.6145505324  -0.6952283159  -0.3728072315  
-0.4146778142  -0.8926347399  -0.1767640563  
0.2716375891  -0.8571229777  0.4376679349  
-0.3629280772  -0.73019901  0.5788718482  
-0.02164269094  -0.5017457045  -0.8647443795  
0.6301376632  -0.6984795219  -0.3391944617  
0.1263467065  0.6140104097  -0.7791198409  
0.9535951874  -0.07451018888  0.2917266707  
-0.6566322686  -0.4535121368  0.6026282483  
0.3297277961  0.812454085  0.4808304694  
0.2793602472  0.268226992  -0.9219610258  
-0.4692267196  0.6515109321  -0.5961206178  
0.8377019406  0.5188971979  0.1702972597  
-0.8305768251  0.2426092259  -0.5012812594  
-0.5777132286  -0.1912710656  0.793512952  
-0.04570742287  0.9680808136  -0.2464353259  
0.8310495359  -0.5359480708  -0.1487156155  
0.2656234371  0.9034260202  -0.3365495739  
-0.235522452  -0.6585051921  -0.7147727517  
-0.02572250544  0.7794130057  0.6259822037  
0.8696257683  -0.1425882334  -0.4726728455  
-0.173562983  0.1243508729  -0.9769405055  
0.1082204553  -0.9915081469  -0.07211052347  
-0.3460628876  -0.3976227995  -0.8497862009  
0.4111802256  0.4888165627  -0.7694083377  
0.6347535356  0.2691744509  0.7243155832  
-0.7751427876  -0.4232485525  -0.4690568427  
0.787951264  -0.5974589235  0.1489148757  
