1  0  0  
-0.4005879889  -0.91152059  -0.093056312  
0.5541147689  0.7367808088  -0.3874414311  
-0.02974488906  -0.152277523  -0.9878900736  
-0.1626601128  -0.09510468  0.9820879734  
0.8043806798  0.4851391853  0.342945612  
-0.648529876  0.6057972023  -0.460889086  
0.3608997347  0.9065976169  -0.2187056069  
-0.7058846333  -0.3743295962  -0.6013353789  
0.4158838524  -0.9094107055  0.003576324718  
0.1789838871  -0.8748967354  -0.4500227445  
-0.939707737  0.3227815739  -0.1129664753  
-0.4514401383  0.8397372788  0.3017334984  
0.6411441786  0.1224796197  0.7575835828  
-0.1222720556  -0.9561364611  -0.2661815399  
-0.6368830195  0.4665467044  0.6137704718  
-0.6643554657  0.7446618255  0.06411381177  
0.6397414085  0.7320640498  0.2341220991  
0.6012281735  -0.2089046307  -0.7712869366  
-0.7809082507  0.117509946  -0.6134930452  
-0.4839001947  -0.05865165116  0.8731555333  
-0.948778358  0.07812052483  -0.3061320157  
0.3806561088  0.8324703705  0.4026090028  
0.337609437  0.3412501206  -0.8772503766  
-0.1109973589  0.4275919574  0.8971313752  
0.4155301678  -0.6343994926  0.6518220336  
-0.1469154807  0.5993508217  -0.7868890862  
-0.7783792013  0.01096577499  0.6276986305  
0.8445856367  -0.5116831723  -0.1576560608  
0.8344335362  -0.3579792652  0.4190125527  
-0.9509459659  -0.2505863947  -0.1814062533  
-0.5088185776  0.1293348378  -0.851102905  
0.6760011586  -0.6332150666  -0.3769099533  
0.9394222777  0.00684011528  -0.3426937365  
-0.8434009917  -0.5352804773  -0.04636354084  
0.9493227399  0.2788786155  -0.1449587984  
0.009882010926  0.3640622185  -0.9313222036  
-0.3508217915  -0.1445960618  -0.925211354  
-0.5537738035  -0.6325468834  -0.5414970128  
-0.1611466375  -0.6080634045  0.7773613428  
0.1031643822  0.9938046575  -0.04134504693  
-0.1627482339  0.9753252405  0.1491766994  
0.1863683386  -0.1234747167  0.9746901234  
0.1894970003  -0.9623655616  0.1947906893  
-0.3881515214  0.469540267  0.7930134514  
-0.2835256492  -0.7943279496  0.5372674518  
0.3382299424  -0.3793984401  0.8611952913  
0.7907039627  -0.586923857  0.1740908656  
-0.8011783435  -0.5427480204  0.2520671502  
-0.2719211517  -0.6537849111  -0.7061332575  
-0.4498108806  -0.5651019242  0.6916140448  
0.6206673111  -0.3795464599  0.6860878761  
0.4665015071  0.4077240306  0.7849442392  
0.866293618  0.1562890684  0.4744566308  
-0.8494555519  -0.2632217305  0.4573178172  
-0.04406665787  0.8034972398  -0.5936752608  
-0.5444200541  0.7994865627  -0.2538267928  
-0.6365840371  -0.7670795623  0.07968505998  
0.4012445707  -0.7017079577  -0.5887348611  
0.832411509  -0.2953278903  -0.4689056588  
-0.9517708246  0.24296696  0.1873482153  
0.3064392167  -0.1860722948  -0.9335267043  
-0.3109603778  0.8378625633  -0.448653506  
-0.07087563997  -0.9343610429  0.3492077965  
0.6847619367  0.5006575743  -0.5295687711  
0.1000841228  0.8298979556  0.5488647845  
0.1781530606  0.4279459213  0.8860721051  
0.09686401144  -0.6775141705  -0.7291034989  
0.637273187  0.2643601609  -0.7238760878  
