1  0  0  
-0.4110281399  -0.8635736997  0.2920553601  
-0.3926544325  0.6812694538  -0.6178142341  
0.09352555112  0.01864762053  0.9954422321  
-0.166108602  0.2532030895  0.9530457113  
0.715240149  -0.2685565661  0.6452200401  
-0.4812012133  0.4120175611  -0.7737486166  
-0.4100217795  -0.5261064639  0.7450463939  
0.8497291478  0.2958713006  0.4363720304  
-0.6384725154  0.7692643739  -0.02419029031  
-0.6521123994  -0.525158611  -0.5467703831  
0.2463311071  -0.7178533439  -0.6511586307  
-0.2434242107  -0.8955238075  -0.3725342452  
0.8247916664  0.00519671919  0.565412859  
0.3843105389  0.9187781275  0.0902893244  
-0.5459094523  0.6063869067  0.5781676134  
-0.3096051251  0.9393660434  0.1474316891  
-0.8421642329  -0.5373104842  0.04535248947  
-0.8412599241  0.1813026252  0.5093241582  
-0.9555807481  -0.002533709732  -0.2947185337  
0.09825832015  -0.9113697413  -0.3996879997  
-0.2541806091  0.8783910089  -0.40474863  
-0.7953128015  -0.4699450792  0.3829218854  
-0.4593120008  0.1391652341  0.8773058324  
0.06455664212  0.7841693175  0.6171798129  
-0.7956824839  0.5623660749  -0.2250195161  
0.666518775  -0.5360795823  0.5180457547  
-0.8432832912  -0.1810096211  0.5060719395  
-0.394538796  0.8239417832  0.4067666116  
0.8319090534  -0.5477087549  -0.08912040552  
-0.9345899199  0.2867257297  0.2105469961  
0.3341078482  -0.1870305883  0.9237919164  
0.1962684116  0.9724649541  -0.1256607484  
0.9550563785  0.002642881408  -0.2964124305  
0.6614316825  0.7119927564  -0.2357423259  
0.9425089642  0.2818463175  -0.1795536289  
-0.0693499779  -0.914706513  0.3981238195  
-0.6712977382  -0.2349313702  -0.7029698415  
-0.6358004442  -0.770417769  -0.04705588494  
0.07878567516  -0.7677302357  0.635911238  
-0.547398482  -0.7652068039  -0.3388413334  
0.3917519101  0.7061493688  0.5898165053  
0.9500089208  -0.2966130345  0.09748722031  
0.7751607145  -0.4798872899  -0.4108942147  
0.3856133195  -0.4488230555  -0.8061390901  
-0.1410264787  -0.3189012765  -0.9372371675  
-0.873644534  0.2938546752  -0.3878075012  
0.402680346  -0.9064268227  0.127432155  
0.6576027352  0.3651274051  -0.6589693625  
0.3892747961  0.1434846198  0.9098776275  
0.1016373364  0.592040176  -0.7994737531  
-0.5894670603  0.0539180484  -0.8059909608  
-0.9460711122  -0.2917471758  -0.1408298123  
0.7863552748  0.5597971613  0.2612901068  
-0.2391156977  -0.3401892437  0.9094476134  
0.5565620952  -0.7556798516  0.3452341177  
0.6307171088  -0.7284759161  -0.2674299317  
0.5563453119  0.6533888309  -0.5133838033  
-0.09127510235  0.5379376271  0.8380286183  
0.03983808596  0.9885152715  0.1457754605  
0.6461944409  -0.3248139847  -0.6906001882  
0.2031638893  -0.5246178311  0.82674093  
0.2665331803  0.7708660423  -0.5785547586  
-0.04981009034  0.2925513233  -0.9549516627  
0.2121083763  0.04660368944  -0.9761342801  
-0.2015934812  -0.579002521  -0.7900102208  
0.4550736245  0.4249342911  0.7825208269  
0.1118954475  -0.9853914088  0.1283868384  
-0.6984065671  -0.005017185479  0.7156836556  
0.4925931914  0.1838056658  -0.8506276653  
