1  0  0  
-0.1553279805  -0.9837583969  0.08995907411  
-0.9525578442  0.2854514874  0.1055983044  
-0.1466097208  0.3244726558  -0.9344640632  
0.3360451282  -0.06306584741  -0.9397320739  
0.6461336048  0.7632221214  0.001832544887  
-0.6487605738  0.4559318627  -0.6092912722  
-0.4043637663  -0.7631594582  0.5040610935  
0.8626721336  0.3028624834  0.405056917  
-0.3673798686  0.8469520166  -0.3843231892  
0.3049631483  0.8435840216  0.4419994081  
0.7439438011  -0.6333156155  -0.2132110505  
-0.03872394734  0.1512211037  0.9877411775  
-0.6260589625  0.172444811  -0.7604689097  
0.1581158558  0.8997417864  -0.4067727792  
-0.5310896315  0.273697396  0.8018937203  
-0.4946645492  0.8486250788  0.1874632215  
-0.0972137741  -0.9658077447  -0.2403432594  
-0.6103718481  -0.02031520859  0.7918544686  
-0.9459441861  -0.03160240435  -0.3227861287  
0.6700468628  -0.4579788512  -0.5842025106  
-0.6552883714  0.750864588  -0.08245920698  
-0.1356515622  0.9902303448  0.03228804668  
-0.3702553605  -0.236935282  0.8982052327  
-0.2947697582  0.7820642457  0.549077686  
0.6149644861  -0.6921252779  0.3778641034  
0.4176833925  -0.4066813552  0.8124966824  
-0.8280094178  -0.1287546321  0.5457312972  
0.7808323446  -0.1697582712  -0.6012345457  
0.947987372  -0.2442377198  0.2041271142  
-0.9525386038  -0.2874846931  -0.100113733  
0.3439438244  -0.1133597825  0.9321224197  
-0.8479092473  0.3886708297  0.3605341794  
-0.9523824845  -0.2117190022  0.2194143735  
0.380182335  0.9179942975  0.11290643  
0.853450878  0.5063819414  -0.1232839331  
0.1391272699  -0.5997575078  0.787993994  
-0.6512026734  -0.3507894052  -0.6729649852  
-0.5663274144  -0.76679872  -0.3021472862  
0.1139243557  -0.8175010409  0.5645469771  
-0.007412622829  -0.8500153161  -0.5267058149  
-0.4698335205  -0.6348258277  -0.6133943524  
0.8328269093  -0.2095190764  0.5123486076  
-0.08173595608  -0.4332107125  -0.8975788055  
0.2372493743  -0.3712744074  -0.8977015366  
0.1077459192  -0.9566953478  0.2704160283  
-0.1288398574  -0.4461289833  0.8856462169  
0.2249005907  -0.9259658749  -0.3033264295  
-0.6632196109  -0.6896980756  0.290613682  
-0.2481920803  -0.1584606004  -0.9556625604  
0.1487498368  0.7110860912  -0.6871899715  
0.5392785101  0.117280621  0.8339208263  
0.704107354  0.5485102545  0.450964893  
-0.8116534771  -0.5584479167  -0.171331718  
-0.8172740615  -0.4006167545  0.4142092761  
-0.4042855904  0.661650507  -0.6314837828  
0.8510205574  -0.5230854562  0.04632079777  
0.4253155849  0.8809292239  -0.2075339871  
0.4136732343  -0.5563914657  -0.7206268051  
-0.5610083106  0.6990157014  0.443448672  
0.9393342611  -0.0743613621  -0.3348455371  
0.06765163547  0.1351260339  -0.9885161664  
-0.8096790423  0.4768373822  -0.3421198027  
-0.7841466829  -0.07399848124  -0.6161478755  
0.3899070539  0.5253467749  -0.756295746  
0.1921266615  0.6727067121  0.7145299332  
0.3842379949  0.4147935659  0.8248075297  
-0.1105078356  0.6397615917  0.7605873547  
0.629672062  0.3045162765  -0.7146907945  
0.6144947304  0.5586409369  -0.557060616  
0.3986355577  -0.9123896734  0.09292349573  
