1  0  0  
-0.2565384467  -0.9622264024  0.09115029245  
-0.2660759048  -0.4099151038  -0.8724524174  
0.1580238555  -0.07170870308  0.9848280677  
0.1626693897  -0.008808708075  -0.9866413109  
-0.8492943573  -0.4321040906  -0.3032905366  
-0.2322420612  0.36026433  -0.9034784101  
-0.164860312  -0.904146635  0.3941318814  
-0.5728700713  -0.3118430925  -0.7580064426  
-0.6763659717  0.6897212023  0.2584835303  
0.3352514215  0.9165349135  0.2181060219  
-0.805179332  0.3037941096  0.5093087299  
-0.04894633196  0.9820899435  -0.1819439457  
0.6615975383  0.02324250524  0.7494988214  
-0.1471822186  0.874301509  -0.4625302866  
0.3181035404  -0.5741010478  -0.7544654562  
-0.5318777121  0.3748362648  0.7593443711  
0.8035755147  0.592637493  0.05520139521  
-0.648141704  -0.1630313331  0.7438636407  
-0.8526239712  0.08348340245  -0.5158128393  
0.4480818959  -0.07287083254  -0.8910176521  
0.8520062465  -0.4566888936  -0.2559699403  
-0.04180008874  -0.9899368515  -0.1351953499  
-0.3818673986  -0.2309764231  0.8948894802  
0.1695428551  0.6982184174  0.6955186998  
-0.8451272438  0.427703629  -0.3206704656  
0.4417982165  -0.7444416698  0.5006205512  
-0.8573109566  -0.02143701902  0.514352387  
0.6863888332  -0.1298738383  -0.7155439579  
0.9521663995  -0.1651043441  0.257137518  
-0.9465477198  -0.1399268229  -0.2906336153  
0.4616900556  -0.4814443382  0.7450192224  
-0.1625883578  0.9187035996  0.3599287733  
0.9508430053  0.1647006482  -0.2622427803  
0.536904659  0.8435071091  0.01513750465  
-0.8572712373  -0.4541514415  0.2425541049  
-0.08438460024  -0.7575157275  0.6473400666  
0.3818550831  0.1233099294  0.915959255  
0.9501981764  0.3107648534  0.02342288207  
0.01062029203  -0.5437360103  0.8391891089  
-0.418664641  -0.7740654052  -0.4749133255  
-0.1265672128  -0.8865002408  -0.4450820865  
0.6973339716  -0.279365866  0.6600606373  
0.4366709399  -0.8627094505  -0.2550507679  
0.02655870743  -0.5207207787  -0.8533138377  
0.3686838205  -0.8975634143  0.2417688107  
-0.6643206359  0.533195331  -0.5238137376  
0.6389483353  -0.5533089651  -0.5344101551  
-0.6874107113  -0.700046929  0.1933928937  
0.05545538993  0.2238865939  0.9730362238  
-0.2808246758  -0.5185010473  0.8076473026  
-0.4661581622  0.1754100391  -0.8671377549  
-0.6382121714  -0.7184852995  -0.2765214254  
0.8002858273  0.2317310007  0.553031046  
-0.6473324054  -0.6012265607  0.4684948022  
-0.6535962893  0.7051737219  -0.2748488903  
0.8023999553  -0.5958341562  0.03370415468  
0.4480181122  0.838832237  -0.3092575775  
0.1157264871  -0.767996856  -0.6299112711  
-0.4126371434  0.7452997894  0.523697252  
-0.9512351138  0.155547194  0.26637723  
-0.2321221408  0.6764163755  -0.6989851205  
-0.2564837688  0.965780146  0.03853292132  
-0.2499374744  0.3101003583  0.9172617002  
0.7930864494  0.3244018243  -0.5155359737  
0.4376604224  0.5724436714  0.693369741  
0.672306863  0.5267869222  0.5200952034  
0.08309622909  0.2800864305  -0.9563715848  
0.550975068  0.4459198011  -0.7053949287  
0.3819979233  0.7154032777  -0.5850433632  
0.5671727967  -0.8234747016  0.01429805961  
-0.9451535973  0.3265592481  -0.00661324437  
