1  0  0  
0.425715035  0.8066378352  -0.4100025754  
-0.4212263913  -0.897414125  0.1312105769  
-0.2219892894  -0.1515275819  -0.9632030665  
-0.4092651159  0.09260306734  0.907704102  
-0.6475289305  -0.7611963327  -0.0358667983  
-0.2838481495  0.6599902417  -0.6955883186  
-0.2260265147  -0.75417756  0.6165453938  
-0.6261927961  -0.3519344754  -0.695718842  
0.4145466332  -0.9018455663  0.1217606811  
0.3796066829  0.9106096827  0.1633669859  
-0.6945196959  0.4729241938  0.5422039274  
-0.1031083097  -0.9593717087  -0.2626301603  
0.6411353255  -0.122511896  0.7575858563  
0.563988778  0.7539108228  0.3369497433  
-0.2838481493  0.3770303215  0.8816339177  
0.5784084595  -0.7136598106  -0.3951371011  
-0.8476715728  -0.5212567817  0.09871308061  
-0.843311737  -0.1575014517  0.5138274097  
-0.8534702639  0.1638668534  -0.4947081594  
-0.4294042465  0.8818311219  0.1948996295  
-0.9513460335  0.2970883374  0.08172664373  
-0.1580433001  0.9864953227  0.04300341458  
0.5835759033  -0.2838463538  -0.7608353386  
0.450719448  -0.5583865072  -0.6964599685  
0.6500105366  -0.758711887  -0.04292522478  
0.1311091951  -0.9575980404  0.2565470171  
-0.9524491748  0.0385255197  0.3022521359  
0.6463018828  0.0443118533  -0.7617941559  
0.9450801354  0.2488185351  -0.2119265774  
0.9510060904  0.2930810566  0.0984424215  
0.4541021035  -0.4155309748  0.7881150224  
0.1781836791  -0.9242548688  -0.3376440641  
-0.8746167261  0.3195004162  0.3646437529  
0.6660249118  0.6979162358  -0.2632940268  
0.7975728754  0.4473105671  -0.4047107177  
0.5513519595  -0.6318702435  0.544748577  
-0.3756889135  0.143794678  -0.9155222175  
0.8068771334  0.5563330123  0.1986022937  
0.07265069606  -0.8352569398  0.5450391921  
-0.6967276769  -0.5342186781  -0.4787284702  
-1.657509408e-06  0.8276334675  0.5612689583  
0.7969562058  -0.4823062163  0.3636502712  
-0.1762454101  0.4110041024  -0.8944345606  
0.04337220939  0.424437739  0.9044177448  
0.08745219881  -0.1288339136  0.9878025793  
-0.6329973251  0.7279915295  -0.2633300578  
0.7898096035  -0.5687086419  -0.2297199835  
-0.6553884446  -0.3429577837  0.6729382923  
0.5084060088  0.1308076022  0.8511243748  
-0.1321127652  -0.3891524156  0.9116504893  
-0.6902019842  0.3780970318  -0.6169796233  
-0.8624543959  -0.3059194933  -0.4032191446  
0.7816178292  0.1073589901  0.6144490348  
-0.4397376113  -0.2520130101  0.8620442425  
0.1558183517  0.9253667334  -0.3455677213  
0.9434438625  -0.254372249  0.2126227581  
-0.5683156304  -0.6015847951  0.5613493373  
0.1449860798  -0.6308860338  -0.7622085338  
-0.3233767308  0.7752533391  0.5425953835  
-0.8383682471  0.539961032  -0.07470452556  
0.01201610859  0.629773692  -0.7766857215  
-0.3612887739  0.8311988525  -0.4225859552  
-0.2936337369  -0.8301219686  -0.4740007868  
0.2054835609  0.1091370079  -0.9725562296  
0.4547122159  0.6249216546  0.634594143  
0.3503430723  0.4100678968  0.842083162  
0.08553434755  -0.1636351075  -0.9828058949  
0.7974828211  -0.1424265979  -0.5862898721  
0.36033593  0.5308272796  -0.7670595915  
0.1348155955  0.9897643525  -0.04681112776  
-0.9524872561  -0.04431707368  -0.3013370604  
-0.1720780478  -0.6528373008  -0.7376941128  
