1  0  0  
0.282024674  0.902858892  -0.324511794  
-0.2212001607  -0.9475822084  -0.2305611571  
0.3859946448  -0.6001353076  0.7006038444  
0.1575177267  -0.128857109  0.9790730367  
0.1107641941  0.9924163699  -0.053301426  
-0.5796603943  0.3635953798  -0.7292408567  
-0.4180448676  -0.728122473  0.5432091245  
-0.5685033295  -0.5355990747  -0.6244498343  
0.5139986185  -0.8558321855  0.05793695265  
0.1156186148  0.8581037771  0.5002901595  
0.5785785131  -0.4395845053  -0.6870315618  
0.04228849934  -0.6994874698  -0.7133925724  
0.6696093314  0.2558589422  0.6972514216  
0.4755699514  -0.7650572523  -0.4341896153  
0.1179717737  -0.2001386927  -0.9726392776  
-0.686429471  0.5704514514  0.4509985842  
-0.4045135807  -0.9134350292  0.04477957517  
-0.64990107  0.1351482564  0.7479061091  
-0.8070591127  -0.3788757962  -0.4528893018  
-0.3607609508  0.6420921809  0.6764385911  
-0.6539504993  0.7350491121  0.1790294593  
0.06880046472  -0.9680756469  -0.2410311969  
0.4330448758  -0.166960551  0.8857744125  
0.4056742555  -0.2902729786  -0.8667006382  
0.8104382951  -0.5852501794  0.02592291296  
0.3242853245  -0.9024967065  0.2834408635  
-0.3931133311  0.005182021745  0.9194754241  
-0.8039645812  0.2888952251  0.5197889005  
0.6783175706  0.6401815164  0.3606284783  
-0.8665981725  -0.3674993658  0.3375675097  
0.8115965813  -0.2410586284  0.5321670103  
-0.1931477873  0.8500403161  0.4900259108  
-0.9445379679  0.1844879761  0.2716840331  
0.8019206038  0.5777194924  -0.1521957069  
0.8328437585  0.01354922036  -0.5533422924  
0.02118880175  -0.9452734665  0.3255903995  
-0.6807685579  0.05517807692  -0.730417381  
-0.6731396337  -0.7382650717  -0.04298508422  
-0.1213322844  -0.8076487044  0.5770459661  
0.4872405478  0.8403889437  0.2373669562  
-0.9516894069  -0.3036127799  0.04589719724  
0.6814075432  -0.5255728105  0.509369199  
-0.06707835239  0.6358670593  -0.7688781292  
-0.09820311502  -0.4427690728  -0.8912416599  
-0.2545642506  0.4085364911  -0.8765243737  
-0.6713338417  0.6983551492  -0.2482155483  
0.853035023  -0.4641792999  -0.2384718581  
0.6743914963  0.5803597973  -0.4564850658  
0.1802546397  0.1629654508  0.9700260443  
-0.3412559837  -0.3105022167  0.8872050084  
-0.8562735877  -0.07417258735  -0.5111692189  
-0.4041345916  -0.7650159201  -0.5014238466  
0.8529277833  0.4969976681  0.159710721  
-0.7508191004  -0.2992913234  0.5888084428  
-0.1870241443  0.8108864622  -0.5545134037  
0.8603238711  -0.422818437  0.2847233853  
-0.5695715494  -0.7797879081  0.2598443157  
0.126228932  0.09760756298  -0.9871874292  
-0.1908598501  0.4809294931  0.8557332179  
-0.9535575637  0.3005834785  -0.01943051997  
-0.4795672862  0.7438363766  -0.4655348137  
0.2413865654  0.5909518514  -0.7697456953  
0.9494827511  0.1977432375  0.243680359  
0.5976914993  0.161664094  -0.7852576598  
0.2549788449  0.6449487214  0.7204352403  
0.3947567862  0.3970821329  0.8285486464  
-0.04671908324  -0.3891738203  0.9199788393  
-0.4610552713  -0.1187294493  -0.8793926055  
0.5224974606  0.4765527414  -0.7070317449  
-0.3678304609  0.9078618081  0.2012155299  
-0.9519777904  0.1182261442  -0.2824196618  
0.9512342465  0.09927423943  -0.2920582712  
-0.1903336589  0.9809928468  -0.0377641734  
