1  0  0  
0.3905501582  0.9182614685  -0.06531806421  
0.08051807189  0.5974987916  -0.797817043  
-0.1200469339  -0.1496974747  -0.9814170366  
0.175258813  0.003320374788  -0.984516797  
-0.1039838108  0.4073998514  -0.907310712  
-0.3905503002  0.05882446849  -0.9187002476  
-0.3818378889  -0.8541467938  0.3530341078  
-0.3772663392  -0.5215649772  -0.7652712485  
0.4361071019  -0.8819090058  0.1790170418  
-0.6324483802  -0.7098624702  -0.3100069674  
-0.651727427  0.7001567795  0.2916022035  
-0.3999490683  -0.8870360227  -0.2306682405  
0.6371028953  0.02354811249  0.7704189686  
-0.1058617471  -0.9842417115  0.1416387792  
-0.4029960701  0.4215512355  0.8123353515  
-0.5908571662  0.5724898166  0.5684568752  
-0.8164374039  -0.5591680223  0.1440870858  
-0.6601002334  -0.01030836757  0.7511067962  
-0.8164375132  0.1401302784  -0.5601725557  
-0.1550497839  0.9449487816  0.2881516347  
-0.6601003579  0.7510150444  -0.01561795449  
0.6371027733  0.770566294  0.0181009059  
-0.4361069132  -0.172777904  0.8831526234  
-0.1089399729  0.8161746808  0.5674424841  
-0.6189737083  0.7048735983  -0.3464458959  
0.3696176413  -0.7891851348  0.4904789723  
-0.7357744968  -0.4914609426  0.4659420906  
0.6517274004  -0.2965445595  -0.6980778752  
0.8966675721  -0.3053246043  0.3205684812  
0.9373449048  -0.2472271837  -0.2454857412  
0.3818381344  -0.3469865616  0.8566212496  
0.1200468356  0.9824508397  0.1427554023  
0.8388648782  -0.135450722  -0.5272179985  
0.8966674154  0.3184021876  -0.3075834734  
0.8286983263  0.1526400614  0.5384794293  
0.2504909945  -0.6147874353  0.7478573869  
0.3999491509  0.2369336439  0.8853830386  
-0.9553210454  -0.2942463601  0.02794243715  
-0.2504906172  -0.7434923903  0.6200592845  
0.9330619228  0.255255095  0.2534566723  
0.3772663359  0.7689394801  0.5161416353  
0.7357747311  -0.4624558756  0.4947424665  
-0.1550497208  0.2948248837  0.9428880485  
0.1089399419  -0.5731983706  -0.8121426703  
-0.1741844833  -0.3046589722  0.9363987807  
-0.5155999492  0.5664453784  -0.6428812688  
0.4029960902  -0.8152952131  -0.4157978677  
-0.9552433857  -0.03794342907  0.2933775217  
0.1330739061  0.4291699642  0.8933669332  
-0.3696173851  -0.4848875406  0.792632993  
-0.6244520549  0.2777307896  -0.7300172872  
-0.9553210629  0.02586129963  -0.2944365127  
-0.6324484296  -0.315017754  -0.7076530213  
-0.8143916916  -0.1715702473  0.5543733605  
-0.1741847276  0.9342215104  -0.3112713449  
0.8143918145  -0.5531464556  0.1754849598  
0.6244518644  0.7280357458  -0.2828848207  
0.3389161929  -0.667605172  -0.6629020655  
-0.1330738591  -0.8963787202  -0.4228433965  
-0.8388649086  0.5281622917  0.1317203813  
0.1058619359  -0.1346769399  0.9852184389  
-0.08051840865  0.7935729349  -0.6031241852  
0.7949580813  -0.4304900614  -0.4274575488  
0.618973508  0.3414542217  -0.7073053166  
0.5830915718  0.5764851592  0.5724238641  
-0.7883177652  -0.4365956052  -0.4335197556  
0.8286982854  0.5395451834  0.1488292542  
0.4332826733  -0.1361722556  -0.8909114669  
0.5155996569  0.6388608082  -0.5709762356  
0.4332827744  -0.8918518273  -0.1298705341  
-0.955243403  0.2931019244  -0.04001628422  
-0.1420282626  -0.7024083913  -0.6974599805  
0.1752589629  -0.9844686932  0.01028046356  
0.1039835195  0.9044078689  -0.4138041013  
