1  0  0  
-0.6299552301  -0.5623217881  0.5356777154  
-0.09416229839  0.1448740269  0.9849593788  
0.1068354011  -0.5339841061  0.8387175756  
-0.6143224652  -0.01288321315  0.7889498917  
-0.6143224653  0.514786292  -0.597999149  
-0.1608443345  0.269671635  -0.9494241988  
-0.1207058049  -0.8802133687  0.4589711694  
0.9417831535  0.06446072592  0.3299837975  
0.7181482374  -0.6958435957  0.008049814315  
0.5640212186  0.7736504523  -0.2886954149  
-0.8761551558  0.2657679014  0.4021437126  
-0.4409592347  -0.8967014585  -0.03848957852  
-0.4110354923  0.3887582458  -0.8245707067  
-0.09416229399  0.7629356219  -0.6395800961  
-0.2801734655  0.6125571629  0.739105237  
-0.8368391547  0.5116691068  0.1946662641  
-0.8223703785  -0.0283625042  0.568245131  
-0.459934593  0.262922412  0.8481344088  
0.6527781662  -0.2425050862  0.7176851321  
0.135543632  -0.8041720532  -0.5787358921  
0.01907105204  0.9818390558  -0.1887547709  
0.6226054444  -0.7313915512  -0.2782604167  
0.6527781679  0.2958631377  -0.6973848775  
-0.4409592344  -0.6955223238  -0.5672774019  
0.28017347  -0.948930206  0.1450320338  
-0.536092343  0.8216974327  -0.1934381786  
-0.9417831541  -0.2674983082  0.2036888456  
0.1967926333  -0.3937462289  -0.8979067695  
0.8223703789  -0.3565200067  0.443396487  
-0.9527778379  0.2037903452  -0.2251308214  
0.3885163232  0.2218274303  0.894342025  
0.1651393386  0.9835527145  0.07316458666  
-0.7181482344  0.5145240146  0.4685383142  
0.3140611139  0.5366264234  0.7831971006  
0.5360923375  -0.4853243837  -0.6906991012  
-0.3140611126  -0.9215089362  0.2284445186  
-0.1715691036  -0.03200635636  -0.984652038  
-0.8644629192  -0.3575477143  -0.3533602882  
0.3500811664  -0.6357028472  0.6879862404  
0.6736340962  0.7386610281  -0.02443337704  
-0.3009287151  -0.8913189531  -0.339105341  
0.7159572188  -0.6164119805  0.3277827498  
0.1608443346  0.4296025592  -0.8885779319  
-0.01907105561  -0.608081521  -0.7936454868  
-0.779456637  -0.5545065211  0.291495916  
-0.8761551572  0.4658621514  -0.1237925539  
0.9589817496  -0.2649411517  -0.1007977685  
0.8644629199  0.502006034  -0.02634012264  
-0.1207058043  -0.3525438648  -0.9279778727  
-0.425300396  -0.5230522401  0.7386040396  
-0.629955228  -0.06405601704  -0.7739852953  
-0.8297158511  0.0807393361  -0.552315821  
0.4253003932  -0.1001670582  0.8994921545  
-0.9598550178  -0.2621641275  -0.0997412403  
-0.457306857  0.8844242971  0.09308115462  
0.9527778377  -0.002611210701  -0.3036569997  
-0.411035493  -0.2576416867  0.8744544498  
0.1651393396  0.7834584651  0.599100853  
0.01376164252  0.9345542832  0.3555543686  
-0.4573068563  0.7226366615  0.5183306808  
0.1967926341  -0.8910081116  0.4091175922  
0.3885163252  0.7601956538  -0.5207279836  
-0.4599345965  0.7601843019  -0.4588899586  
0.8297158524  0.3068003855  -0.4663101197  
-0.7690708225  -0.5973896215  -0.2272789257  
0.7794566358  0.220523688  0.5863588115  
0.5589132769  0.7750302082  0.2948628924  
0.7159572158  -0.242654445  -0.6546175108  
-0.1068354006  -0.1585447301  0.9815547696  
0.3009167724  -0.891322475  -0.3391066817  
0.673634095  0.535623447  0.509239265  
-0.5640212178  -0.3861107298  -0.7299305242  
0.1355436346  -0.9854916317  -0.1021477698  
0.3500811667  -0.01764124531  -0.9365532356  
0.1715691073  0.6784062849  -0.7143731196  
