1  0  0  
0.5901024371  0.7926179134  -0.1534143317  
0.06651078662  0.2160136302  -0.974122388  
0.04874994193  0.04363447229  0.9978574427  
0.2341036656  -0.0755409288  -0.9692724291  
0.8957951218  0.4159184974  0.1567255666  
-0.2680924514  0.1349932905  -0.9538884888  
-0.4345991431  -0.8000967418  0.4134837222  
-0.6410695257  -0.4702823649  -0.6065182276  
-0.5713136581  0.797867565  -0.1923747718  
-0.02700165359  -0.9970724174  0.07153673982  
-0.9574536698  -0.03555862072  0.2863879442  
-0.1645665783  0.9719905795  0.1677860387  
-0.7079717405  -0.154827282  -0.6890606123  
0.2052579072  -0.7734228261  0.599738546  
-0.06542973733  0.5797345265  0.8121741367  
-0.737105028  0.4673447743  0.4881240003  
-0.9581063897  -0.2739259414  0.08364642661  
-0.3022860709  0.3459444434  0.8882260824  
-0.959320873  -0.1388082753  -0.2458367858  
0.5178791077  -0.671615898  -0.5298427271  
-0.8438272168  0.4932588094  0.2113087197  
-0.6469268674  0.7100487107  0.2780583692  
-0.367961929  -0.1700266559  0.9141635275  
-0.2798736683  -0.8540231337  -0.4385375889  
0.4698376374  -0.3024907891  0.8293080953  
0.5176182534  -0.6811877801  0.5177398497  
-0.8372461233  -0.08516278078  0.5401538945  
0.3461605758  -0.5827656416  -0.7352258584  
-0.9568616409  0.177888288  -0.2297206066  
0.8725038051  -0.0247094332  0.4879821246  
-0.6370834856  0.4472561109  -0.6277631748  
-0.1946690511  0.7809940598  0.5934241646  
0.7413609747  -0.1675068488  -0.6498656483  
0.8263817389  0.5539601817  -0.1011006366  
0.6347752183  0.1251310939  -0.7624976272  
0.1555115737  -0.4026768876  0.9020351848  
0.5131953883  0.01189446249  0.8581893819  
-0.6961551299  -0.7094432418  -0.1098103903  
-0.09878837143  -0.82040921  0.563178112  
0.4618146569  0.8689018201  0.1781483921  
0.1669668279  0.9690944489  0.1815985338  
0.832927963  -0.3299995047  0.4442199177  
-0.3473412212  -0.9349002309  0.07290839681  
-0.2236882052  -0.4894801627  -0.842836139  
0.206948328  0.9265315271  -0.3141842116  
0.735464258  -0.589361869  0.3342826837  
0.8885750205  -0.2274187826  -0.3983906755  
0.8722808387  0.3418044216  -0.3497082725  
0.4902261117  0.338220622  0.8032964399  
0.2903001315  0.6623923196  -0.6906245352  
-0.7054008289  0.159234074  -0.6906910888  
-0.754523443  -0.5552262192  -0.3498831513  
0.8384627265  0.2872614873  0.4630994431  
-0.719096264  -0.3608400476  0.5938813207  
-0.3589344768  0.8588540451  -0.3654254653  
0.7421514319  -0.6702022913  0.006335682263  
-0.7115264658  -0.6059095542  0.3558141377  
-0.1128494451  -0.7464315488  -0.6558238679  
0.01787647162  -0.9108400174  -0.4123722765  
-0.5707343455  0.3949907607  0.7198920793  
-0.02170040648  0.6296704458  -0.7765592199  
-0.08365652332  0.9341061054  -0.3470552838  
-0.3592512337  0.8612800152  0.3593539851  
-0.4753099348  -0.4003781755  0.7834397121  
0.3946991515  0.6362048927  0.6629147111  
0.5419783686  0.7261015454  0.4231264512  
0.9605459625  -0.2581340473  -0.1035290658  
0.5109046879  -0.1223854725  -0.8508808353  
0.5469540619  0.5997184931  -0.5841052843  
0.4865821153  -0.8690089148  -0.08978502695  
-0.8878656123  0.4429899542  -0.1243163502  
-0.2851602138  -0.1957523928  -0.9382774926  
0.2809501133  -0.9546099981  0.09892818314  
-0.3532033231  0.5636682847  -0.7466762869  
-0.1914275801  -0.4488232125  0.8728763976  
0.00905891332  -0.3243874908  -0.9458809079  
