1  0  0  
0.6204897635  0.6919408188  -0.3690668728  
0.686578504  0.7239114821  -0.06754349639  
-0.3116775856  -0.0360233054  -0.9495048205  
-0.2716408653  0.04205464648  0.9614794054  
-0.8359124828  0.02733927801  -0.5481814344  
0.2584415716  -0.5151124914  0.8172313475  
0.8297800994  0.5059383132  -0.2355661475  
0.7117058571  0.1975786906  0.6741197475  
-0.6396529577  0.765729304  -0.0671023595  
-0.4272610744  -0.9017174319  -0.06598217471  
0.6723424847  -0.5330977041  -0.5135780575  
-0.1411681809  -0.9838964733  -0.1096324521  
0.5846269235  -0.01480098366  0.81116724  
0.190005595  0.9659782655  -0.1754533113  
-0.01469747557  0.7715017243  0.6360574452  
-0.4942997217  0.7523387249  0.4354930863  
-0.8524720641  -0.5189617743  -0.06300838641  
0.3893896782  -0.2938055712  -0.8729570235  
-0.6988494672  0.2458118533  -0.6717037702  
0.2881923772  -0.7236234606  -0.6271477026  
-0.8270044218  0.4867278641  0.281353288  
-0.4306163745  0.8875678001  0.1636854858  
-0.02641417691  -0.02722661041  -0.9992802424  
0.3928736806  0.5363988943  0.7469447752  
0.5156322958  -0.4542006137  0.7265157521  
0.5508180102  -0.7620501473  0.3404101828  
-0.6635948039  0.2872256734  0.6907556361  
0.1796841978  -0.5354731206  -0.8252164117  
-0.9468602256  0.2863197303  -0.1465493955  
0.9574603875  -0.01684904757  0.2880724143  
0.1414381841  -0.2516569403  0.9574257279  
-0.149159192  0.9813708115  0.1210903205  
-0.9528533922  0.008433839215  0.3033138364  
0.8715417634  0.2367031224  -0.4294025926  
0.8075800795  -0.02974236294  -0.5890074763  
0.1283421695  -0.7421558156  0.6578244697  
-0.64799438  -0.4595977601  -0.6073493084  
-0.9547573154  -0.2636027634  0.1376664511  
-0.4456562541  -0.6622544442  0.6023367449  
-0.6340103364  -0.742630737  -0.2157092529  
0.3527054286  0.8727795751  0.3374236119  
0.6744802908  -0.5334493887  0.5103999285  
-0.4631331382  -0.8618741685  0.2065928701  
-0.1084399428  -0.5655683141  -0.8175409842  
0.8536810842  -0.2642804627  -0.4487587811  
-0.7869400662  0.5602557409  -0.2585320813  
0.6687060771  -0.7130181637  -0.2108015197  
-0.6938858586  -0.1955447264  0.6930257392  
0.198214215  0.3126725569  0.928949405  
-0.2850895734  -0.4821150716  0.828425611  
-0.4143121343  0.2357823928  -0.8790632051  
-0.9512965841  -0.2643748091  -0.15855841  
0.8564854235  -0.3016970505  0.4188216912  
0.539362704  0.425971318  -0.7263857858  
-0.2716404491  0.8764272426  -0.3976012511  
0.8465935587  -0.5322022246  -0.006335486252  
-0.7227417967  -0.4646294039  0.5116285883  
-0.2653229645  -0.7560847733  -0.5982804862  
0.06640971825  0.9196212638  0.3871517538  
-0.4689854168  0.5196228379  0.714174198  
-0.4089289905  0.6949711609  -0.5914323006  
-0.2988480549  -0.8466173068  0.4403736776  
0.8647570395  0.258363915  0.4306313389  
-0.4283431439  -0.1995289177  0.8813117281  
0.5349602555  0.6898319836  0.4878005324  
0.780377284  0.5218722353  0.344471573  
0.01618246253  0.8980011741  -0.439695371  
0.5664116639  -0.05116097696  -0.822532906  
0.1573449166  0.7188091289  -0.6771676406  
0.3806282413  -0.9168872439  0.1201662346  
-0.9553275776  0.2580262884  0.1441237452  
-0.4748086219  -0.2743668466  -0.836229398  
0.09484171526  -0.9820417573  0.1630921089  
0.2209989438  -0.8928766248  -0.3923401582  
0.01124788774  0.5116251374  -0.8591351487  
-0.08974818816  0.2954605538  0.9511300247  
0.145627331  0.2379676408  -0.960293748  
