1  0  0  
-0.5230750734  -0.7917546521  0.3154632125  
-0.3044010612  -0.9280445167  0.2146470801  
0.3467027619  0.4865597434  -0.801908231  
-0.4628110573  0.05907416201  0.8844863869  
0.8205694021  0.4326688536  0.3734481482  
0.4930293522  -0.1320382403  0.8599348585  
0.2393384918  0.8376564032  -0.4909672459  
0.5049496208  0.4749068976  0.7207560746  
0.6124009495  -0.7863506789  -0.0813491658  
0.06196295122  -0.9861087235  -0.1541109281  
-0.8605270654  0.4335750764  0.2674057269  
-0.2281780991  0.9643155156  -0.1342771071  
-0.5322848461  -0.187575411  -0.825523051  
0.05828082102  0.9940693427  -0.09181224239  
-0.686620683  0.1493488252  0.7115103415  
-0.8145080849  0.5795755574  0.02586025686  
-0.6847420903  -0.6975490335  -0.2110772739  
0.8448735595  0.04083337588  -0.5334053842  
-0.7219688275  -0.3141607859  -0.6164933193  
-0.6942465192  0.4543426883  0.558206496  
-0.9606980751  0.1124303985  -0.2538082228  
0.3561756402  -0.926207565  -0.1236060672  
0.6570787995  0.1464355606  -0.7394620192  
-0.237261145  0.7513775088  0.6157426316  
-0.5284992481  0.7137347057  -0.4596425945  
0.1008950729  -0.5357687966  0.8383149652  
-0.9446661074  -0.156043057  0.2885420418  
0.8435354098  -0.2376320798  -0.4816419905  
0.8461245736  -0.2090685577  0.4902688489  
0.8729311066  0.09771961141  0.4779562329  
-0.7166258047  -0.007824333201  -0.697413963  
0.6814126963  -0.6522783459  -0.3319784584  
-0.9490753863  -0.2070600443  -0.2374490455  
0.5239515701  0.8517475846  -0.0008968525161  
0.958827292  0.2820179968  -0.03340768734  
-0.4446051588  -0.6735895454  0.5904264366  
0.2849472884  0.32030894  0.9034418774  
0.365695896  0.7404593153  0.5639029297  
-0.1474233376  -0.66082746  0.735916726  
-0.0757917168  -0.80582972  -0.5872768326  
-0.2818163988  0.507127776  0.8144942824  
-0.329240847  0.3668269227  -0.8700795788  
0.9525294716  -0.3044122216  -0.004561249919  
0.5097011081  -0.3550416432  -0.7836773647  
0.2889741775  -0.8633315532  0.4137058786  
0.5078638173  -0.510759894  0.6936848519  
-0.8766928963  0.4129309472  -0.2467743877  
-0.8557117437  -0.5090100997  -0.09309205167  
0.1842055644  0.07585330587  -0.9799564205  
-0.5979851142  -0.4249214476  0.6795995633  
-0.2962971012  -0.02958710272  -0.9546374344  
-0.2468898744  -0.5816012847  -0.7751034354  
0.6213669587  0.6123539759  0.488800277  
-0.8576227307  -0.4569499575  0.2359660741  
-0.4907476519  0.8532747763  -0.176320442  
0.725593892  -0.4937264927  0.4793199915  
-0.2741478819  -0.9568868819  -0.09597100678  
0.4878742158  -0.6275673595  -0.6067437341  
-0.4452712605  0.8137931668  0.3734624294  
-0.9590973885  0.1337495838  0.2494859681  
-0.295394907  0.6792305074  -0.6718539773  
-0.05328484936  0.7953528624  -0.6038000903  
-0.4537701101  -0.8359307761  -0.3087271039  
0.7228002357  0.6815446581  -0.1142659104  
0.004366677658  0.3867845804  0.9221597587  
0.02992692066  0.1079622462  0.9937044494  
-0.1579759344  0.9043650327  0.3964435543  
0.802436471  0.3235245321  -0.501425555  
0.6844523639  0.5885263936  -0.4303041315  
0.7093634683  -0.6685004241  0.223406922  
-0.6620864631  0.2823794174  -0.6941926102  
0.2478609087  -0.2336341293  -0.9402021397  
0.003615882214  -0.9338460211  0.3576570065  
0.02912804272  -0.6276361236  -0.7779617301  
0.1149999059  0.3643407829  -0.9241378769  
0.1155021668  -0.2009179654  0.9727750103  
-0.4120071581  -0.2266402851  0.8825442102  
0.1635702965  0.9209737069  0.3536271898  
