1  0  0  
-0.4724960686  -0.864529918  0.171276052  
0.9629328251  0.1303195628  -0.2361719415  
0.2299400387  -0.1433591628  0.962588037  
0.1818771551  -0.1891125559  -0.9649648396  
0.8615777404  -0.1166204521  0.4940480416  
0.2627197475  -0.4321942957  0.862662405  
-0.7225433203  -0.5568794817  0.4096539921  
-0.8194137174  -0.1869298398  -0.5418656611  
0.2401851907  -0.966163622  0.09401558221  
-0.1677859154  -0.8114509752  -0.5598171143  
-0.8438411696  0.4660829757  0.2658923471  
-0.4735203907  -0.509368151  -0.7185558616  
0.6812657417  0.0004079873153  0.7320360803  
0.2035079756  0.9634148168  -0.1744029664  
0.2585803163  -0.4863874232  -0.834603795  
-0.6382225507  0.7693026457  -0.02907602358  
-0.7046453279  -0.6910796672  0.1608846028  
-0.6366691491  0.5989212836  0.4857424118  
-0.6975137101  0.2672973885  -0.6648509084  
0.4241970572  -0.815370281  -0.3939900526  
0.8310801182  -0.5560501268  0.01068146446  
0.01255742927  0.9992625276  0.03628652553  
-0.4286344889  0.2615000274  0.8648064584  
0.06932648728  -0.6815313033  -0.728497715  
0.4646222022  -0.8544431228  0.2324933527  
0.02071092188  -0.8170306489  0.576222159  
0.792751821  -0.3347421204  -0.509403831  
0.8628158223  -0.03386391322  -0.5043828825  
-0.7300536643  0.4703355469  -0.4957883828  
-0.9539769981  0.2991834461  0.02042431808  
0.5048813029  -0.491797558  0.7093870819  
-0.4318454857  0.8950509464  0.1113251088  
-0.9544702061  -0.2953126715  -0.04215509126  
0.8799840507  0.4333122268  -0.1945985218  
0.815009502  0.5742159331  0.07768895592  
0.2345967203  0.7074031846  -0.666742164  
-0.4279715138  -0.07313960724  -0.9008279421  
0.5912950116  0.8007859142  0.09545747186  
0.491224246  0.3027597222  -0.816722285  
0.1048612123  0.9432878973  0.3149794739  
0.20518989  0.6104853954  0.7649867261  
0.8751712762  -0.4016721741  0.2696937186  
-0.01653895807  0.6040735983  -0.7967568956  
0.01276027044  0.423269083  0.9059141565  
0.1868785629  -0.9522457648  -0.2414630535  
-0.2531637779  -0.4711191992  0.8449584615  
0.6663621111  -0.706792259  -0.2374999779  
0.6808530078  0.3828821537  -0.624372035  
0.6036923663  0.2646666132  0.7520020683  
0.4758542491  0.005870514648  -0.8795045598  
-0.4819062349  0.2171764669  -0.8488820666  
-0.6681158273  -0.6648697198  -0.3340202046  
0.9476753816  0.1329978298  0.2902119026  
-0.7030456725  -0.1066209237  0.7031065076  
-0.04306602434  0.9517995962  -0.3036821468  
0.5169251726  -0.6966715276  0.4974305465  
-0.8545428054  -0.2612413034  0.448898179  
-0.3622102048  0.6810414274  0.636385372  
-0.133774089  0.8521658816  0.5058831914  
-0.9454545572  0.1744464465  0.2751074654  
0.005069898622  0.3424088534  -0.9395373719  
-0.274145087  0.6795313562  -0.6805009973  
0.5055162547  0.7477222387  -0.430540091  
0.5509855157  -0.4543682306  -0.6999746227  
0.4524094823  0.7071378357  0.5433983269  
0.6998142958  0.4655669602  0.5417631926  
-0.8578002086  -0.4099162723  -0.3100765256  
-0.67583941  0.1782563894  0.7151683379  
-0.4814990982  -0.5772920726  0.6594637832  
-0.3149442905  -0.9453667664  -0.08421265323  
-0.70479768  0.6531114406  -0.2769578965  
-0.3140138787  -0.3495321415  -0.8827358416  
-0.2436127181  -0.8678265753  0.4330472017  
-0.9603291307  0.1454060273  -0.2379601813  
-0.2688955665  -0.1777878286  0.9466185411  
0.1372150703  0.159788558  0.9775682284  
0.04046123783  0.05109488243  -0.9978738403  
-0.399059883  -0.8560367501  -0.3285609415  
-0.2745708212  0.8565412268  -0.4369759615  
