1  0  0  
-0.4937945478  -0.8658300927  0.08065479006  
0.3324427635  -0.8553898913  0.3972278224  
-0.4617587685  -0.1599469958  -0.8724653565  
-0.2187455638  -0.01324935705  0.9756919764  
0.8602383806  0.265228094  0.4354813276  
0.2186905616  -0.3495870019  0.9110232524  
-0.6286565077  -0.6207145264  0.4685130435  
0.2512320496  -0.01677572463  0.9677815003  
0.8916034011  -0.4522356045  -0.02294195469  
-0.0145314717  -0.9614789992  -0.2744940261  
-0.7203254451  -0.01044216322  0.6935576503  
-0.228286935  -0.9502036567  0.2121275231  
0.6775150651  0.4896813275  0.5488037299  
0.2525820096  -0.9576963414  0.1379131831  
-0.1155710733  0.8608686776  0.4955284523  
0.5852067882  -0.5137636459  -0.6273594912  
0.9506274001  0.2770993124  -0.1397265802  
-0.2586721017  0.258510307  0.9307315214  
-0.8336513751  0.004686058664  -0.5522711523  
-0.2532689483  0.9567610963  0.1430490983  
-0.9573887505  -0.05540276103  0.2834383787  
-0.7585044815  0.6218447443  0.1948847491  
-0.008460440413  0.1787396687  -0.9838600265  
-0.135663182  -0.7861000002  -0.6030276037  
-0.8208890463  0.4991623702  -0.2774492779  
-0.6683055117  0.5157288752  -0.5360890507  
-0.4824879903  0.0148783158  0.8757762128  
-0.3579057195  0.7087680074  0.6079074006  
0.9558470181  0.007906517861  0.2937583446  
0.6981251148  0.7100391741  0.09200921313  
0.4603931062  -0.4566654138  0.7612456158  
-0.0005460485717  0.9996437246  -0.02668568493  
-0.7294752839  0.2756631361  0.6259997169  
0.8781260984  -0.1259343225  -0.4615572572  
0.5219922489  -0.2774277858  -0.8065717053  
-0.4086869254  0.6827372665  -0.6056771598  
-0.6896657459  -0.2457959729  -0.681135448  
-0.8181414412  -0.5053659217  -0.2743170928  
-0.1246291367  -0.6713941377  0.7305460219  
-0.8601081784  -0.5094240075  0.02647833115  
-0.6064718795  -0.6961490248  -0.3841463194  
0.6454647312  -0.01978474599  0.7635337874  
0.3679918056  -0.8543064276  -0.3670729612  
0.03240949329  -0.4381372574  -0.8983236435  
0.4772448402  0.8541228153  0.2066677983  
-0.688775462  0.2769469834  -0.6699915905  
0.8179893456  -0.4252555062  -0.3873644084  
0.8387252258  0.1954314227  -0.5082780288  
0.2386268206  0.3183624729  0.9174435003  
0.4482039663  0.8208712122  -0.3539543156  
-0.4529513418  0.1886828376  -0.8713402715  
-0.9519032723  -0.2664415427  -0.1512913232  
-0.4728247703  -0.4440918703  -0.761064483  
0.6730301419  0.4044551647  -0.6192305288  
0.7246901809  -0.6839159592  0.08416116992  
0.8618836338  -0.2655810252  0.4319992138  
-0.8307247671  -0.4384512426  0.3430114709  
0.09030429766  -0.6704090161  -0.7364759908  
0.2745003316  0.8784024725  0.3912271262  
-0.6040587631  0.6811810119  0.413648933  
0.1117333547  -0.8001698357  0.5892740377  
-0.04298900066  0.941291013  -0.3348479873  
-0.3971388774  -0.4881820073  0.7771480167  
0.2945466038  0.2711531218  -0.9163614367  
0.2089551396  0.5787634692  0.7882706365  
0.4183518504  0.6870920701  0.5940422683  
0.5982936354  -0.7158543881  0.3599961402  
0.5626210358  0.2362740819  -0.7922323701  
0.3918682358  0.6912385043  -0.6071479358  
0.5439365343  -0.8268516113  -0.1430016069  
-0.9576893646  0.2457100666  -0.149858747  
-0.0201875678  -0.1484294391  -0.988716928  
-0.5007823415  0.8559989465  -0.1283855521  
0.7006393628  0.6839994945  -0.2030989285  
-0.1757026605  0.5991773897  -0.781098605  
-0.3268916675  0.502834588  0.8001869874  
-0.07363276764  -0.4512684845  0.8893452481  
-0.2506043445  -0.9641013489  -0.08778411846  
0.1751027066  0.8502956863  -0.496322766  
-0.9530854407  0.2364229336  0.1890299957  
