1  0  0  
-0.713309286  -0.6703843745  0.2043884855  
-0.05601268689  -0.9944302744  -0.08928050371  
0.2774822752  0.1241880941  0.9526704069  
-0.2463628722  0.1848818837  0.951380063  
0.8420463253  0.4543723244  0.2906953334  
-0.4209143996  0.3278191314  -0.8457929329  
0.6897908429  0.5507432257  -0.469968608  
-0.8447113417  -0.2411600054  -0.4778123072  
0.4657302705  -0.8835811207  0.04878235605  
-0.2215998402  -0.9257079366  -0.3065262256  
0.7355837142  -0.5735099829  -0.3605591475  
0.5292615928  0.8408364669  -0.1134733551  
0.6767522373  -0.180744055  0.7136791967  
-0.2941248482  -0.9024094677  0.3148773196  
-0.3917644137  0.6098768043  0.6888910855  
-0.63159156  0.758793961  0.159134616  
0.8660836062  0.4306142008  -0.2539106085  
0.2192675661  -0.456358292  -0.8623565642  
-0.8596608573  0.04575903222  -0.5088116757  
-0.3844158657  0.8917326005  0.2388250644  
-0.9595319953  0.2813929093  -0.01078798108  
0.0455046863  0.9801383579  -0.1930236331  
0.2719680837  0.09913293928  -0.9571865136  
0.06366265973  0.8496369844  0.5235112802  
-0.4793009478  0.6773809308  -0.5580552625  
0.3087853234  -0.5843741432  0.7504388615  
0.4730533959  -0.3295772287  -0.8170675217  
0.5213319916  -0.7255576369  -0.4491982526  
-0.8109394019  0.3285732798  -0.4841661762  
0.9570848641  0.136654989  0.2555659933  
0.6012796721  -0.4473584922  0.6620673194  
-0.209878313  0.9777045813  0.006696680285  
0.8207006123  -0.2921084448  -0.4910429324  
-0.9523995119  -0.1637179188  0.2571606751  
0.9564996195  -0.1134075937  -0.2687883845  
-0.03024234435  -0.2728251567  -0.9615881834  
0.7056717858  0.1082773035  0.7002166495  
-0.9580938395  -0.2858282877  -0.01893104731  
-0.01831612145  0.6934664264  -0.7202560899  
0.6877822599  0.7151309816  0.1246725396  
0.4019000859  0.7782760031  0.4824549553  
0.6982563387  -0.5899269148  0.4054926888  
-0.6477450339  -0.644865726  -0.4056779098  
0.1080560554  -0.7018306756  -0.704100555  
0.3047099916  0.9523284588  -0.01491065488  
-0.4747185502  0.8182498582  -0.3242059032  
0.8212697546  -0.5687278981  -0.04543751981  
-0.8551735613  3.463300747e-05  0.5183417587  
-0.5217151838  -0.2701445847  -0.8092188643  
-0.1995302812  -0.5351617895  0.8208468346  
-0.4876568897  0.03705792464  -0.8722485128  
-0.8469535186  -0.5313624014  -0.01799265954  
0.9502872547  -0.1597629087  0.2672638145  
-0.6868917184  0.1740784167  0.7056036224  
0.2272255416  -0.805143826  0.5478247646  
-0.684408054  0.7139085481  -0.1480547216  
-0.8192159946  -0.2800533774  0.500455053  
0.2606251469  -0.8220171033  -0.5063224414  
-0.1054830893  0.9457747368  0.3072189204  
-0.6305692116  0.4733069636  0.6151121747  
-0.4073610006  -0.3187497374  0.855836211  
0.2433302652  0.7659243793  -0.5951052236  
-0.2208964439  -0.6889322562  -0.6903456435  
-0.08955150533  -0.2991625317  0.9499906881  
0.4737845078  0.5645017621  0.6759186347  
0.6857872516  0.4219283254  0.593019674  
-0.4425742811  -0.5930994711  0.6725778937  
-0.4943592328  0.0265617223  0.8688517847  
0.6172227077  0.3818830764  -0.6878963912  
0.2227323838  -0.9334877352  0.2810532574  
-0.8642676788  0.4523015397  -0.2201469887  
-0.2986133716  -0.411880273  -0.8609208413  
-0.0284098089  -0.8846063489  0.4654723302  
0.6756974297  0.121195119  -0.7271483525  
-0.2158118395  0.1797632497  -0.9597449786  
0.05244112255  0.5285378025  0.8472884515  
0.0009439041468  -0.008306951735  0.9999650512  
-0.4755146798  -0.8549096924  -0.2074010778  
0.5022996528  0.755755203  -0.4201537003  
-0.8928766522  0.3825002887  0.2376232589  
-0.1154682941  0.4551737901  -0.8828838507  
