1  0  0  
0.6287694993  0.755937506  -0.1822289874  
-0.2820433077  -0.8092121591  -0.5153903901  
0.3093744707  -0.4430008109  0.8414497718  
-0.1983315379  0.07251699618  0.9774486617  
0.9607806609  0.2408318148  0.1374793026  
0.7156514726  -0.1226587098  0.6876029455  
0.5026987166  0.7417159954  -0.4440173223  
-0.4799182926  -0.4072940871  -0.7770392262  
-0.7083796788  0.6884314028  -0.1557576138  
-0.004009518527  -0.753412242  -0.6575362479  
-0.8765720524  0.2214457977  0.4272975494  
0.2841170028  0.9253501376  0.251007274  
-0.8327675348  0.4641244338  -0.3018058035  
0.1969271377  0.9793257431  -0.04626868589  
0.2715910294  -0.3659048366  -0.8901415411  
-0.6746068518  0.6421554174  0.3640632025  
-0.9495208946  -0.2855451825  0.1299000364  
-0.9606800996  0.2406321585  0.1385276524  
-0.7147682534  -0.5821252103  -0.3876036423  
0.492777073  -0.6518961841  -0.5763697784  
0.9560340773  -0.2466976721  0.1585531508  
0.2327278752  -0.9406216782  -0.2471206073  
-0.3631799024  -0.1444874836  0.9204475681  
0.2688760153  -0.6187187682  -0.738168527  
-0.6240654094  0.6587536124  -0.4202214213  
0.4813722868  -0.5839266946  0.6536897864  
0.1124079245  0.03581011387  0.9930166636  
0.7177206021  -0.4308536367  -0.5470304206  
0.4842213159  -0.8448674498  0.2274394635  
0.8644142366  0.3170234437  0.3902360358  
0.7161991839  -0.4154537838  0.5607645518  
-0.4709564555  0.8230345511  0.3175124322  
-0.9576853668  -0.02711960993  0.2865366731  
0.8723691363  0.2964705755  -0.3886866191  
0.8328807588  0.03185018957  -0.5525352542  
-0.1588711478  0.9860967775  -0.04871451254  
-0.6195083777  -0.1448535663  -0.7715094389  
-0.8544743383  -0.4961057343  -0.1541191276  
-0.2272171398  -0.8307378209  0.5081801299  
-0.4661292196  -0.884188822  -0.0305561388  
-0.01905753717  0.5416831828  0.8403666698  
0.466747401  -0.08799681816  0.8800019453  
-0.3659605535  -0.8954478243  0.2534680793  
0.01133533151  -0.2781398429  -0.960473705  
0.2236781168  -0.9276748804  0.2989772841  
-0.546676827  0.3258706527  -0.7713318122  
0.8459207232  -0.4645871159  -0.261871995  
-0.7290810644  -0.2855202878  0.6220281077  
-0.3578484142  -0.1569572617  -0.9204938514  
-0.3556972806  -0.6296414056  0.6906744131  
-0.8695300723  0.2031245435  -0.4501753805  
-0.5199485052  -0.7880101247  -0.3296871172  
0.6984334971  0.3795136486  0.6067619307  
-0.496409606  -0.3546646761  0.7923322981  
-0.3614769156  0.7883644888  -0.4978110809  
0.8676061555  -0.4971369572  0.01069601063  
-0.746794206  -0.5517377517  0.37132717  
-0.5131459587  0.416715009  0.7503531345  
-0.250211804  0.8174778765  0.5187716015  
-0.6994702096  0.1861179291  0.6900011176  
-0.2213716008  0.2091120542  -0.9525055187  
0.05962434851  -0.8457396454  0.53025408  
0.831019408  0.5443037356  -0.114630654  
0.07630241891  0.1985913618  -0.9771076767  
0.5121452855  0.6286454148  0.585245375  
0.6876471013  0.7186661082  0.1032496441  
0.2603692398  0.6284750377  0.7329576973  
0.4638717691  -0.1468936131  -0.8736390835  
0.6005687395  0.5298335647  -0.5988268387  
0.6731697244  -0.732244395  -0.1032505115  
-0.9524950858  -0.01606837914  -0.3041297729  
-0.8245793211  -0.09649024516  -0.5574572413  
-0.4346702758  0.900007807  0.03236817485  
0.2385625413  0.4282652435  -0.8715943983  
0.08656522309  0.6750429905  -0.732682348  
0.2258645314  0.3952195309  0.8903857231  
0.0365285324  -0.4578666387  0.8882701208  
0.02011456247  0.9050541363  0.4248204499  
0.06266078022  0.9563068075  -0.2855712112  
0.6189817629  0.07619963929  -0.7817001933  
-0.1971055302  0.671672974  -0.7141462217  
-0.02447717038  -0.9872159545  -0.1574977057  
