1  0  0  
0.6670397212  0.7319765311  -0.1388105481  
-0.3705572017  -0.9280804692  0.03679677853  
0.00829721449  0.01382242971  -0.9998700399  
-0.2768889972  0.06800319382  0.958492592  
-0.9563339704  0.1524478354  -0.2493691934  
0.3440764505  -0.3464715339  0.8726791348  
-0.7163305278  -0.5904954509  0.3717333687  
-0.6253682798  -0.317077357  -0.7130052344  
-0.6283416517  0.7779374919  0.0001657572089  
-0.04766232468  -0.9394878445  -0.3392504868  
0.711481666  -0.5185039301  -0.4742863201  
0.01520271577  -0.8876575109  0.4602532138  
0.4695800295  0.144981452  0.8709046874  
-0.270817983  0.8912360776  -0.3638074684  
-0.1000184049  0.5993481794  0.7942153854  
-0.5093404022  0.7339539568  0.4493149719  
-0.572609802  -0.8124842603  -0.1094867181  
0.3066748785  -0.4234177384  -0.8524482023  
0.7105009226  0.01784373295  0.7034699995  
-0.4887813493  0.5445228623  0.6816066644  
-0.8722255561  0.4197956535  0.2509864312  
-0.3524073838  0.934207151  -0.05537178807  
0.2220648623  0.2163034463  -0.950736565  
-0.01699099055  0.8069737736  0.5903428113  
-0.8693495781  0.4133716459  -0.270841639  
0.08926213078  -0.9827927241  0.161711884  
0.7044423932  -0.05939942098  -0.7072712517  
0.6570964057  -0.3315663412  -0.6769697741  
0.9554908229  -0.2950183593  -0.00120626091  
0.9562267147  0.1371989861  0.2584703237  
0.6249021182  -0.3258740592  0.7094388207  
-0.1637127125  0.9760878659  0.1430056842  
0.8674298469  0.04400174452  -0.4956100354  
-0.9562968981  -0.2918494942  -0.01789176761  
-0.9558453115  -0.1569914551  0.2484218661  
0.06404651983  -0.2966066242  0.9528497016  
-0.2668137756  0.08126584958  -0.9603157141  
0.8240385934  0.5661904894  0.019716144  
-0.2525728819  -0.8240094832  0.5071639882  
-0.7216280488  -0.6407553619  -0.262079235  
0.5131497677  0.7567058704  0.4050599235  
0.812670188  -0.266384293  0.5182726831  
-0.4566809107  -0.8441176574  0.2809055468  
-0.1058447775  -0.4456293247  -0.8889383489  
0.5124316751  -0.8223260034  0.2473736495  
-0.8738549341  0.01129120768  -0.486055617  
0.7028129163  -0.6697542163  -0.23975674  
-0.8195162434  -0.3258389757  0.4714043792  
0.1991457857  0.192868944  0.9608030633  
-0.3355396228  -0.6144023943  0.7140888316  
-0.5224377647  0.1226478481  -0.8438105755  
-0.8710474008  -0.4057799718  -0.2768014453  
0.816901122  0.2550392947  0.5173272804  
-0.684099712  -0.2167841815  0.6964281749  
-0.6840069252  0.5222298509  -0.5093235799  
0.7195527728  -0.6445345061  0.2584938639  
0.8753936866  0.4331814805  -0.2145686332  
0.2866076392  -0.7198494717  -0.6321968042  
0.2395764975  -0.8832212718  -0.4031417702  
-0.8411613558  0.241508081  0.4838609514  
-0.1475541724  0.5510581307  -0.8213176626  
0.2229496933  -0.7488183933  0.6241509818  
0.4933571842  0.09021618645  -0.8651356706  
-0.4297502353  -0.367075168  0.8249670032  
0.1943610698  0.6556877437  0.7295871143  
-0.464247415  -0.6070127582  -0.6449882549  
0.6112024027  0.4763139066  -0.6321049638  
-0.4834764647  0.2102684854  0.8497279989  
0.5046231704  0.699705071  -0.505735375  
0.4512971022  -0.8680702365  -0.2068453289  
-0.831104782  0.5560932033  -0.005019020244  
-0.378620755  -0.4145881542  -0.8275040703  
0.4835567924  -0.7193217479  0.4987474828  
-0.2612688487  -0.8186229414  -0.5114636531  
0.05877637891  0.714834359  -0.6968193285  
-0.09641008691  0.2745039224  0.9567406607  
0.1388216887  0.4810910166  -0.8656095959  
0.3220810549  0.9144168429  0.2451644988  
0.1778429381  0.9517089244  -0.2502439063  
0.9585993023  -0.1333107294  -0.2516259668  
-0.4363643033  0.5505805645  -0.7116510639  
0.1068520932  0.9929926655  0.05047966304  
0.6897532321  0.5131771507  0.5107736199  
