1  0  0  
-0.6986479636  -0.6640437152  0.266339947  
-0.177022832  -0.8843438748  0.4319708648  
-0.05582846441  -0.1956046072  -0.9790924472  
-0.2244716712  0.1909106166  0.955596989  
0.8439252823  0.5081348055  0.1720149334  
0.5341984341  -0.317224103  0.7835820962  
-0.3333332937  -0.708321501  0.6222295128  
-0.6986479637  -0.3657124393  -0.6149353092  
-0.4520598329  0.8908315343  0.04539917385  
-0.3978328589  -0.911455269  -0.1047774254  
-0.6986480156  0.562678995  0.4419086997  
-0.1092937345  0.8908288748  -0.4409975005  
0.6001466319  0.156706615  0.7843896079  
0.1770229063  -0.982435339  -0.05902283662  
-0.2796093879  0.6207281798  0.7324719223  
-0.333333373  0.8930273035  0.3023096057  
-0.9599481137  0.05488965405  0.274748512  
-0.397832946  0.3649877215  0.8417320893  
-0.816496569  -0.1131088091  -0.5661623002  
0.1770229067  -0.8162696723  -0.5498788163  
0.9541924057  -0.2833957991  -0.09593578003  
-2.846547311e-08  0.9806218484  -0.1959101589  
0.39783293  0.01355409716  -0.9173577526  
-0.2796093375  -0.6463721197  -0.7099448579  
-0.8164966146  0.5468652684  0.1851260556  
0.7130186954  -0.6337924956  0.2998523178  
-0.7130186774  -0.05721659858  0.698806573  
0.5341984708  -0.5199898833  -0.6665152025  
0.1092937153  0.06349942101  -0.9919791869  
-0.9599481167  -0.2653840169  -0.08983839332  
0.6986479689  -0.1013646084  0.7082487075  
-0.05582856651  0.9457212276  0.3201476702  
0.843925269  -0.1050980631  -0.5260651457  
0.8164965687  0.4337565715  -0.3810362055  
0.9541923936  0.2247807599  -0.1974600871  
0.1770228436  -0.06807415064  0.9818496946  
-0.4520597734  0.06977936053  -0.8892540706  
-0.8689636444  -0.4830863342  0.107376806  
0.2244716701  -0.7321159317  0.6431319708  
0.5341984294  0.8372140721  -0.1170667995  
-0.3978328572  -0.7876781332  -0.4704170238  
0.9541923935  0.05861509342  0.2933958878  
-0.1770228435  -0.5423329828  0.8213025318  
0.1092937347  -0.4397708075  -0.8914350882  
0.6986480148  -0.7154057696  0.009248580809  
-0.7130186761  0.3790278344  -0.5898663139  
0.6001466973  -0.7576545725  -0.2564829243  
-0.8689636447  -0.168736069  0.4652207252  
0.3333332925  0.1847059062  0.9245391524  
-0.1092937154  0.5521200102  -0.82657025  
-0.8689636439  0.1485520879  -0.4720534533  
-0.7130186811  -0.7003531208  -0.03331466014  
0.8689636448  0.3185249621  0.3787400594  
0.6986479693  0.3496934544  -0.6241838694  
-0.8689636665  0.4872609509  -0.08648070307  
0.8439252675  -0.4030366937  0.3540502314  
-0.6001466322  -0.6009480829  0.5279066409  
-2.930412227e-08  0.6599740797  0.7512883695  
0.1092936455  0.8273294717  0.5509817096  
-0.7130186966  0.3213252176  0.6231809069  
0.3978329307  -0.5464674716  0.7369547217  
0.3978329447  -0.8012321341  0.4469407291  
0.4520598341  -0.7352268764  -0.5050577655  
0.2796093513  0.291644271  -0.9147470852  
0.5341984293  0.5939473909  0.6015467853  
-0.7130186821  -0.5765759875  -0.3989542449  
-0.2244715486  -0.9230266108  -0.3124650373  
0.5773502876  -0.1599599291  -0.8006743823  
0.4520597738  0.484732669  -0.7487831465  
-0.5341984689  0.8179284825  -0.2136000779  
-0.9599481132  0.2104943292  -0.1849101329  
-0.4520597746  -0.4060989851  -0.7941823308  
0.2796093864  -0.9380163296  0.2048022372  
-0.5341984348  -0.2239812151  0.8151468871  
-0.2796093508  0.3239751635  -0.9038023591  
0.1770228309  0.440102406  0.8803253885  
-5.711808813e-10  -0.3206477623  0.9471985075  
-0.2796093382  -0.9447033977  0.1713304069  
0.05582846484  0.7501166399  -0.6589447693  
0.868963667  -0.3345341613  -0.3646766244  
-0.5773502873  0.613424347  -0.5388666034  
0.109293646  0.9918908472  0.06486483037  
0.5773502404  0.7733843617  0.2618078092  
0.452059775  0.80500634  -0.3841962419  
