1  0  0  
-0.3652561947  -0.9195531006  0.1449482925  
-0.4930178236  -0.4306441779  0.7559623123  
0.1143938701  -0.06178849593  0.9915120898  
0.02529503795  0.4402376107  0.897524934  
-0.9480731257  -0.1987099914  -0.2483378498  
0.3411801315  -0.2630779358  0.9024334422  
-0.3413109965  -0.7674447248  0.5427111553  
-0.4493454465  -0.6338766795  -0.6295149124  
-0.6251589833  0.692090409  -0.3608145112  
-0.2022974177  -0.9766167183  -0.07277046361  
-0.8884038069  0.1476427622  0.4346726246  
-0.3159019156  -0.8977461336  -0.3070144286  
0.617628672  0.4131563852  0.669205966  
0.07859941356  -0.9917812154  -0.1009561928  
0.3343505695  -0.7424336533  -0.5805187053  
0.8693174929  -0.4885606657  -0.07480355944  
-0.8903581884  -0.3505299917  0.2905013275  
0.5230332285  -0.2825057149  -0.8041310608  
-0.82087408  -0.3032652279  -0.4839379571  
-0.7234504309  0.6412529068  0.2557619664  
-0.9500821105  0.2951332646  -0.1011945624  
-0.7295577865  0.6792303884  -0.07994695453  
0.05579633158  -0.1705421508  -0.9837693552  
0.04881634217  0.9356380753  0.3495688155  
-0.70368308  0.4756964476  -0.5277717429  
0.4762556823  -0.6353004228  0.6079258983  
-0.554132546  0.0138975416  0.8323124292  
0.833844618  -0.4142430941  -0.3648366923  
0.708518112  0.126774727  0.6942119658  
0.9636126277  -0.07044184818  0.2578539311  
-0.5765581212  0.09374238104  -0.8116607043  
-0.3424057431  0.9343277715  0.09894403751  
0.7473765171  -0.08442149622  -0.6590154419  
-0.8416360073  -0.536976496  0.05748977283  
-0.9631441598  -0.07414359549  0.2585653779  
0.01211417679  -0.590362127  0.8070475858  
-0.494945175  -0.233174411  -0.8370537425  
0.9594494838  0.2808480933  -0.02410470031  
-0.2746091015  -0.6066333757  0.746046774  
0.528133718  0.7545609247  0.3895029997  
-0.4433960697  0.5292567941  0.7233859076  
0.7466993189  -0.1972879707  0.6352303391  
0.6652313423  0.2098063633  -0.7165532438  
-0.05167344302  0.8087193039  0.5859205943  
-0.2357450835  0.9571764274  -0.1680403  
0.544775052  -0.3844830189  0.745246906  
0.8264742028  -0.5025647029  0.2537106845  
0.7374530596  0.5941320913  -0.3212009384  
0.2130254407  0.2429967698  0.946347046  
0.4039279053  0.205031812  -0.891517921  
-0.3637693133  -0.01386008056  -0.9313859484  
0.8636525973  0.4548706812  0.2172483706  
-0.7049880171  -0.5542394615  -0.4425048193  
-0.7433608307  -0.401628732  0.5348916124  
-0.3696321754  0.8304559984  -0.4167911823  
-0.8707983535  0.2786514447  -0.4050476513  
0.5159048372  0.7894219516  -0.3326487355  
-0.485263372  0.7987835744  0.3556181394  
0.2252965931  -0.9051238393  -0.3605444226  
-0.7083023512  0.3570807968  0.6089343839  
-0.07503382527  0.3421782567  -0.9366343821  
0.06765346765  0.785872114  -0.6146771744  
0.2094437701  -0.7416591619  0.637240139  
-0.3190132639  0.09833188192  0.942635337  
0.3350239175  0.4667120887  0.8184978931  
0.2400408612  0.8004289246  0.5492667127  
0.8514968403  0.1390449329  -0.5055884073  
0.2572166636  -0.3733189236  -0.8913319075  
0.563372269  0.6077770309  -0.5596595101  
0.4952958802  -0.8528368894  0.1653820765  
-0.8672318278  -0.0219121803  -0.497422168  
-0.1355591842  -0.6487510437  -0.748829614  
0.09459473458  -0.905992735  0.4125881728  
0.6136315345  -0.5994433064  -0.513930017  
0.1984466019  0.3955875013  -0.8967326664  
0.1611317383  -0.6166072346  -0.7706050098  
-0.147630089  -0.1260625854  0.9809758312  
0.4944312868  0.8634116113  0.1002900402  
0.04405641675  0.9863966488  -0.158368821  
-0.9586905974  0.2241210117  0.1751630971  
-0.2889234536  0.5216057237  -0.8027768724  
0.5789324304  -0.8095105086  -0.09762160393  
0.7093541503  0.6829862556  0.1742023652  
-0.6517342353  -0.7522587331  0.09669170123  
0.1956219702  0.9088955928  -0.36829451  
