1  0  0  
0.5145595753  0.8080833241  -0.2867573621  
-0.4903927473  -0.2703041995  0.8285231398  
-0.2238543742  0.01484910418  -0.9745094783  
-0.08294214703  0.08361155045  0.9930406381  
-0.9554083275  -0.09132038698  -0.2808122411  
0.2950955165  -0.2705290183  0.9163692959  
-0.4710029321  -0.6980911857  0.5392818691  
-0.6330786624  -0.1878866607  -0.7509394183  
0.464184908  -0.8795092901  0.1048607638  
-0.08240345776  -0.9366314878  -0.3404866022  
-0.8628966481  0.4017801819  0.3065649362  
-0.3104322856  -0.93419368  -0.1758236741  
0.7090248194  -0.08296370703  0.7002862478  
0.08240349686  0.9963263254  0.02331345143  
-0.3201111386  0.4937952461  0.8085141396  
0.8072635833  -0.580007771  -0.1091626889  
-0.8570775219  -0.5062982838  -0.09528992233  
-0.5440444589  0.3191856165  0.7759743353  
-0.8735467958  0.1013840472  -0.4760643554  
-0.5128482045  0.5896742867  0.6239158234  
-0.9630861217  0.1842351163  -0.1962716078  
-0.6167161914  0.7736032817  0.1455991137  
-0.2950955092  -0.08111818957  0.952018109  
0.03419473404  -0.6164097097  -0.7866827759  
-0.7120176403  0.5874789572  -0.3845768515  
0.320111126  -0.7539365891  0.5736797771  
-0.7184595281  0.1094627864  0.6869015977  
0.7120176318  -0.4074734544  -0.571835882  
0.8565146971  -0.3551109991  0.3745380513  
-0.295095519  -0.9454583579  0.1379388567  
0.52933572  -0.3235124163  0.7843107879  
-0.3878284504  0.9058277852  0.1704849451  
0.8735468438  0.07862145659  -0.4803483926  
0.8733949044  0.4502378523  -0.1856534872  
0.9624424241  0.2668015822  0.0502145013  
0.03419471384  -0.8602249799  0.5087668479  
-0.4903925869  0.0493920924  -0.8701008746  
0.8733949003  0.3519392735  0.3366305035  
0.2032720381  0.7515069005  -0.6276287573  
0.6920366766  0.7094071462  0.1335168122  
0.2950955231  0.8306222746  0.4722131607  
0.544044484  -0.5794445054  0.60684402  
-0.2036661752  0.879432937  0.4302531794  
0.09625769485  -0.3796967205  -0.9200895916  
0.7090249111  0.1772951638  -0.682532124  
-0.3295415002  0.5334468419  -0.7789973469  
0.9505954984  -0.3050760031  -0.05741803482  
-0.9554083385  -0.1871587349  0.2283999006  
0.3983717454  0.2209545344  0.8902129218  
0.2238547417  0.3404404732  -0.9132301675  
-0.7184595183  0.3516896964  -0.6001085552  
-0.7214577892  -0.582531545  -0.374373687  
0.8241276449  0.1605966778  0.5431595825  
-0.8241276672  -0.3470688972  0.4476122974  
-0.512848196  0.776146487  -0.3668560461  
0.6876456107  -0.7144664276  0.1291558668  
0.6974850343  0.5959030677  -0.3980127646  
0.2608740552  -0.7180042542  -0.645301959  
0.02200614057  0.806620967  0.5906592464  
0.8565146954  -0.1946540156  -0.478008777  
0.08294232886  -0.438901215  0.894698996  
0.02200615918  0.9661592036  -0.2570060742  
-0.2608740402  0.9034706274  -0.340125801  
0.5293357301  -0.01624850692  -0.8482568425  
-0.4710029368  -0.4542758639  -0.7561677545  
0.6974850283  0.4104366715  0.587414993  
0.2578498524  0.6729605619  0.6932802721  
0.3295414263  -0.2137505026  -0.9196266476  
-0.6330786859  -0.4480280323  0.6312545126  
0.1326193264  -0.9740652057  -0.1833278193  
-0.862896643  0.4857385082  -0.1395259301  
-0.2032720728  -0.4719192891  -0.8578884828  
0.2036661521  -0.9756751776  0.08110515612  
0.398371767  0.5294649415  -0.7489771765  
-0.1346523181  -0.5718694944  0.8092181625  
0.1346523833  0.2385579489  0.9617478051  
2.06543968e-07  0.1849617177  -0.9827457265  
-0.5139006381  -0.7981504577  -0.3144232514  
-0.257849836  -0.8789509187  0.4011966407  
-0.9630861248  0.1002768134  0.2498192884  
-0.0962576792  0.6882070456  -0.7191004948  
0.464184926  -0.7812107277  -0.4174232305  
0.5145595816  0.6485450604  0.5609079618  
-0.7214577817  -0.6787738037  0.1369846434  
0.5139006072  0.8578453263  -0.002749915542  
-0.6876456249  0.6186280952  0.3800562779  
