1  0  0  
0.542361998  0.8242711324  -0.1625440354  
0.103362417  -0.9883945967  -0.1113208517  
0.5722205166  -0.1189277093  -0.8114307613  
0.1564052708  -0.1997841641  -0.9672764233  
-0.9659876378  -0.1273881435  -0.2250336521  
-0.5440622584  0.08879870872  -0.8343326964  
0.2421116236  0.8937732424  -0.3775597343  
-0.2860853392  -0.5750272061  -0.7664847624  
0.6413735705  -0.7672151218  -0.004571646762  
-0.3395914936  -0.866405033  -0.3660873342  
-0.9006759547  0.374670228  0.2200114653  
-0.04745540801  -0.9305558626  -0.3630616626  
0.3378447875  0.3157498322  0.8866583012  
0.05109140891  0.9927253946  -0.1090227443  
0.5019030268  -0.5125930402  -0.6966647163  
-0.7464946058  0.6254657  0.2270208394  
0.8539672504  0.5102966942  -0.1016721164  
-0.6812443212  0.3090403982  0.663626557  
-0.5338328275  -0.4569043584  -0.711520147  
-0.6040247343  0.6369765472  0.4789728579  
-0.9533862681  0.1494655414  -0.2621348428  
0.7058414766  -0.6612123208  0.254137909  
-0.3507023868  0.01134544329  0.9364182382  
-0.0976887715  0.819917594  0.564085138  
-0.7107186651  0.5005784971  -0.4942672832  
0.6557892854  -0.301942978  0.6919326927  
-0.7434390728  -0.2756042973  0.6093772364  
-0.8628300363  0.1817158177  0.471702968  
0.7416748009  0.2758195265  0.6114262658  
0.8824955448  0.05710173207  0.4668415209  
0.339780018  0.03429079521  0.9398796097  
-0.3891988662  0.9194085727  0.05667555924  
0.7613200851  -0.000850410862  -0.6483756665  
-0.4819981767  -0.7695457838  0.4188998021  
-0.9613421587  -0.2162647352  0.1704430059  
-0.2120759865  0.4830647622  -0.849512926  
-0.08645787781  -0.399906598  -0.9124690396  
0.9371303007  0.3403283882  0.07722297344  
-0.00389232904  -0.6258256907  0.7799532388  
0.6004250849  0.7360717846  0.3125508684  
-0.4028325744  0.3162370253  0.8589063167  
-0.740572178  0.01561411869  -0.6717953918  
0.8475665025  0.3888966525  -0.3610961334  
-0.2668296821  0.6455377024  0.7155997453  
-0.4891339475  0.8452237391  -0.215278453  
-0.1739055516  0.1872343028  -0.966798932  
0.9589679172  -0.2825774508  0.0230329768  
-0.6995543717  -0.7140682591  -0.02702225771  
0.09993950343  0.123959078  0.9872417346  
-0.2524848777  -0.520335939  0.8157829963  
-0.5652195867  -0.1882815809  -0.8031667729  
-0.8628204883  -0.3407810963  -0.3733752127  
0.4560569288  0.6909179501  0.5609317819  
-0.7103209174  -0.6438732226  0.2843790912  
0.5229920684  -0.7073646859  0.4755149815  
0.836133133  -0.235479272  0.4954098267  
-0.3122927157  -0.9422952293  0.1206356519  
0.3773090722  -0.7732144522  -0.5096835046  
-0.2481042047  0.9142305835  0.3203540914  
-0.8987508877  -0.1118294796  0.4239587355  
0.2875989289  -0.6888161722  0.6654465696  
-0.2961705965  0.856212641  -0.4233000015  
0.7762308621  -0.4417519613  -0.4498009042  
-0.5184179971  -0.4038917703  0.7537335194  
-0.01883559309  -0.6450338269  -0.7639218433  
0.1873507343  0.7884011305  0.585938017  
0.4330969761  0.6341093104  -0.6405719255  
0.56507778  0.1513160839  -0.8110428751  
-0.2035441956  -0.7624962008  0.614141111  
0.2310464579  -0.9596423634  0.1603248847  
-0.8657904718  0.4211164283  -0.2703105856  
-0.1740881662  0.4571393375  0.872190883  
0.02489602793  -0.9336537548  0.3573105846  
0.8373176074  -0.5462905865  0.02158285003  
0.0380421226  0.3681890539  -0.9289723448  
0.3106707331  0.2645360785  -0.9129645989  
-0.08922139134  -0.09113472389  0.9918336581  
-0.4691745999  -0.8757674164  -0.1136073379  
-0.05980700303  0.8088575352  -0.5849552206  
0.9660953766  -0.09668895287  -0.2393970962  
0.4026669712  -0.3061185755  0.8626417148  
0.525033156  -0.8090247228  -0.2642331983  
0.6889111997  0.5363607054  0.487563896  
-0.8042875493  -0.5547454447  -0.2130235423  
0.1962872453  0.9705667807  0.1395401076  
-0.4925439678  0.5215900596  -0.6966665268  
0.6630935291  0.5308462354  -0.5277397521  
