1  0  0  
-0.7069685267  -0.6621198427  0.2485816088  
-0.496002287  -0.1050027681  0.8619490414  
-0.02370838347  0.0152339334  0.999602841  
-0.1210265147  0.2714905615  0.9548012661  
-0.9655107132  -0.07298376437  -0.2499248545  
-0.5249634883  0.06106877372  -0.8489310577  
0.7128493362  0.5094405228  -0.4819918854  
0.6040405105  0.6287862998  0.4896558494  
0.2528540418  -0.9604826159  0.1163528173  
0.1904129235  0.953346127  0.2342521732  
-0.8415006018  0.5090667115  0.1809083206  
0.2310739195  0.9702296528  -0.07252078712  
-0.5658926624  -0.4445596089  -0.6943574359  
-0.2626343905  -0.9034854119  0.338728929  
-0.5372729547  0.680370238  0.4984316517  
0.4594103208  -0.8416838034  -0.2837437793  
-0.8505320989  -0.5259225563  0.0007833179133  
-0.5587453434  0.1737194483  0.8109409316  
-0.8538740369  -0.1465460993  -0.499423037  
-0.7007262431  0.712400323  -0.03832116978  
-0.9565681632  0.2225093159  -0.1883267201  
-0.4878492189  0.8378359052  -0.2450186435  
0.3181156363  -0.08812080909  -0.9439476495  
0.0535238943  -0.9311247561  -0.3607518278  
-0.6312062264  0.5409949026  -0.5557906217  
0.4571505651  -0.7376416017  0.4968885472  
-0.7111968203  -0.04472268093  0.7015689308  
-0.8778948135  0.2994832185  0.3736448826  
0.8928163135  -0.1229180437  0.4333245723  
-0.9063585803  -0.3340758924  -0.2586646902  
0.7353540595  -0.05660446949  0.675314994  
0.4883797708  -0.8724045979  -0.0198850958  
0.8697660637  -0.01845068863  -0.4931192215  
0.9616013317  0.2744196116  -0.00409336306  
0.4460562986  0.2013035107  0.8720726318  
0.1545975007  -0.517723683  0.8414640817  
-0.1831183653  -0.2024741178  -0.9620144988  
0.6731637297  0.7394814768  0.004211718484  
-0.1044862945  -0.429421628  0.8970393969  
0.4275062133  0.8987906745  0.0970245384  
0.0948457444  -0.7614017574  -0.6413046457  
0.565670183  -0.3208130454  0.7596685027  
-0.1467911618  0.5465628257  0.8244522014  
0.3581552745  -0.6300014675  -0.6890739803  
-0.2735698239  -0.5843968649  0.7639632555  
-0.7570530573  0.3053109057  -0.5776295693  
0.6744712952  -0.6994847638  -0.2362404223  
0.9473981904  0.1795884605  -0.2649238638  
0.3383086587  0.4522864206  0.8252176956  
0.3989833025  0.3589402638  -0.843785643  
-0.6711815612  -0.1990595192  -0.7140662572  
-0.5946999441  -0.7621407235  -0.2558778891  
0.7804571702  0.5688783684  0.2593530556  
-0.8237589483  -0.2551470431  0.5062817215  
-0.23931084  0.8898394608  -0.3884791576  
0.8358730857  -0.421452219  0.351701879  
-0.8641975929  -0.4319336675  0.2580616733  
-0.283137974  0.8317374339  0.4775413372  
-0.2457632349  0.9543977485  0.169485604  
-0.9649288873  0.08281056248  0.2491077141  
0.2747660484  -0.04701633823  0.9603609127  
0.02987444007  0.6881508037  -0.7249524048  
0.7672865285  0.401331016  0.5002047568  
0.2203754119  0.1767798584  -0.9592619869  
-0.1328070209  -0.6563825265  -0.7426468031  
0.1457651472  0.8400487061  0.5225616646  
0.7324102426  -0.5035204087  -0.458303867  
0.3650934306  -0.3706468264  -0.8540068601  
-0.5106822577  -0.5666971749  0.6465740048  
-0.0009214888756  0.9704040318  -0.2414853329  
-0.8604833607  0.499983311  -0.09790339473  
-0.08342157046  -0.4371048434  -0.8955334709  
-0.01745137202  -0.8645931059  0.5021695042  
0.2179606846  -0.7410664818  0.6350697675  
-0.3335075277  0.3104868471  -0.8901520358  
-0.5741258523  0.445797966  0.6867631901  
-0.07382802932  0.2435795059  -0.9670669296  
-0.3823968199  -0.8331709272  -0.3994982831  
0.2768952619  0.7716324319  -0.5726363628  
0.954647995  -0.2888728757  -0.07210871818  
-0.4063347986  0.5531959657  -0.7272319128  
0.6889128532  -0.6561747418  0.3079509522  
0.3783879787  0.6736626234  0.6348237609  
-0.4873881211  -0.8552330402  0.17615126  
0.5125330607  0.7431831336  -0.4301031174  
0.7488658608  -0.2409492192  -0.6173681206  
0.6370897452  0.3176101258  -0.7023108033  
0.01170447573  -0.9987508015  -0.04857820256  
