1  0  0  
-0.5001037133  -0.6021190367  -0.622373635  
0.3822532635  -0.9224568295  0.05436763955  
-0.1886995207  -0.8780002292  0.4398955426  
0.1580610529  0.3269553202  -0.9317279228  
0.8920314094  -0.1820222317  0.4137002196  
0.08662067518  -0.8670986534  0.4905474328  
0.3898581474  0.9084812423  0.1505737605  
-0.9609238511  -0.04822806325  -0.2725791745  
0.1199819545  -0.9927604002  0.005578386836  
-0.2639642841  -0.5423509121  -0.7976078891  
0.9521978817  0.2777410532  0.1271970967  
0.6887898013  0.5926943274  0.4174710096  
0.560151196  -0.3535738344  0.7491436319  
0.2145957765  0.9079105021  0.360065512  
0.264995359  -0.493148608  -0.8286023836  
-0.9530770471  0.01021451746  0.3025554592  
-0.4416911576  -0.8184082177  0.3675825221  
-0.2672649317  0.24078365  0.9330555665  
-0.4985198645  0.5950387872  -0.6304020832  
-0.5455748371  0.7971398705  0.2586815108  
-0.9636072915  0.2238678329  -0.1460964788  
-0.7544300645  0.6387876918  -0.1509488739  
0.008182725844  -0.1089528243  0.9940132419  
-0.0341883162  0.9634562746  0.2656749254  
-0.9603556256  0.2329237845  0.1531782719  
0.6060912035  -0.7953905463  -0.002707748862  
-0.8200240067  -0.06147601453  0.5690178627  
0.8603564923  -0.1987673051  -0.4693381134  
0.2314995611  0.3039666789  0.9241278112  
0.8931680578  -0.4497213686  -0.001229287805  
0.2040604253  -0.702205335  0.6821048383  
0.6584783632  -0.6275462276  0.4154419062  
0.8858429633  0.2475505497  -0.392429573  
0.3637069172  0.7037273758  -0.6103155405  
-0.800752813  -0.4913907362  0.3425347819  
0.2898590801  0.9426365725  -0.165583833  
-0.3559523512  0.2190019515  -0.9084800872  
0.8817536753  0.4637212708  -0.08644674122  
-0.6932872932  0.1315338253  0.7085559836  
0.8278061375  0.5266150909  0.1934258119  
-0.2302528391  0.7062823098  0.6694392646  
0.1228435907  -0.3383698732  0.9329604928  
0.6590265467  0.7013416134  -0.271668828  
-0.01589024072  -0.8388222408  -0.5441734545  
-0.7615387514  0.6285659464  0.1579986746  
-0.01589534043  0.5576506041  -0.8299235759  
0.8516975806  -0.43278673  0.2954773722  
-0.601127805  -0.6040388561  0.5232422215  
0.238517287  0.01595956692  0.971007104  
-0.4084567363  -0.2464987834  0.8788637234  
-0.3173277432  0.491419696  -0.8110547366  
0.705203207  0.3856978746  0.5949164533  
0.8501885031  0.09562198686  0.5177218799  
0.725520947  0.3551660393  -0.5894713224  
-0.5263204467  0.8074063087  -0.2666117777  
-0.4934890239  0.5496574924  0.6740513514  
0.261402429  0.7482312762  0.6097694051  
0.2258185426  -0.8690236961  -0.4402315316  
-0.3163271186  0.9272790741  0.2002265537  
-0.9649307139  -0.2205338001  0.1423852537  
0.09296600429  0.7411773978  -0.6648408734  
0.3754559191  -0.7882102498  0.4876037889  
-0.7352892585  0.4006407886  -0.5466595511  
-0.4509399199  -0.1423927038  -0.8811228669  
0.4934892186  0.3836691384  0.7805551764  
-0.6798856707  -0.1487249698  -0.7180782396  
0.01802852371  0.6538148653  0.7564397493  
0.5656039942  -0.08702348165  0.8200725794  
-0.2450496977  0.9279477442  -0.2808266898  
-0.4590209183  -0.7856714651  -0.4147531139  
-0.6757441391  0.5992601093  0.4292518839  
0.01132402216  -0.1661203344  -0.9860404662  
-0.1481582811  -0.9871550473  -0.05978324381  
0.7054721516  -0.3856097641  -0.5946546503  
0.5097794435  0.4499366791  -0.7332679618  
0.2450432709  0.03557945382  -0.9688590702  
-0.2634726407  -0.5365719088  0.801668731  
-0.6216700057  -0.7569352848  -0.2014333108  
0.02690057406  0.9720187371  -0.2333579522  
0.8513614384  -0.4197537814  -0.3146275009  
-0.4848928045  0.04295851971  0.8735179069  
0.4496550705  -0.7419547932  -0.4973061455  
-0.8629333272  -0.329314664  -0.3832726509  
-0.7381168738  -0.6743262073  0.02162514038  
-0.5238202451  -0.8486081363  0.07400393138  
0.503674885  -0.3139129559  -0.8048417647  
0.6358415457  0.1592649462  -0.7552087166  
0.0135072332  -0.4293814672  -0.9030222092  
-0.7544296449  0.1384034203  -0.6416232572  
