1  0  0  
-0.4019024791  -0.9105989489  0.09635326459  
-0.1235410626  -0.6456332098  0.7535883255  
0.2578301462  -0.04680641453  0.9650558405  
0.3432206225  -0.09771776115  -0.9341578258  
0.8878431543  0.4338231578  0.1534014376  
-0.7198799054  0.08869716197  -0.6884081168  
-0.2579336757  -0.9030647662  0.3434301195  
-0.491414337  -0.3901907685  -0.7786289961  
-0.8462176119  0.5254950605  -0.08815154351  
0.1934623978  -0.9154090255  -0.3529852925  
-0.9586822246  0.1757810822  0.2236725361  
-0.01975626241  0.9905098929  0.1360141251  
0.6673152272  0.4361265367  0.6037251291  
-0.1604172491  0.9806321636  -0.1123693285  
-0.4446699933  0.5507718338  0.7063419739  
0.7123839731  -0.687693983  -0.1399502076  
-0.6360577938  -0.7673808493  0.0809760157  
-0.7255187516  -0.1305713222  0.6757023538  
-0.8058597636  -0.4439799843  -0.3917547892  
-0.7469114522  0.5562819291  0.3642440088  
-0.9603827172  0.2756062287  -0.04130669615  
-0.4840483506  0.824079524  0.2942620132  
-0.2211804412  -0.1396633116  0.9651804867  
-0.1839816372  0.638505289  0.7473029862  
-0.7518520333  0.5532056281  -0.3587228081  
0.5990419607  -0.5464493293  0.5852707577  
-0.8791710263  0.05013188524  0.4738619003  
0.8435544651  -0.3125417763  -0.4367304689  
0.8743851612  -0.06530885299  0.4808173703  
-0.8203409485  -0.5687976513  0.05924491633  
0.6554530558  0.1657240628  0.7368288991  
0.324703006  -0.7737203388  -0.5439897015  
0.9629788443  0.1042862624  -0.2485882556  
0.7149161209  0.6277527983  -0.3079307785  
0.8867341261  0.3901068629  -0.2480306938  
0.3655644764  -0.530671575  0.7646896711  
-0.4148971133  -0.1692489696  -0.893988351  
-0.7256692099  -0.6594021772  -0.1964509264  
-0.1441972964  0.7160590758  -0.6829835573  
0.2730274211  0.949306907  0.1557960961  
-0.05205000504  0.8182035329  0.5725677041  
0.8817259048  -0.4410158462  -0.167524482  
-0.6669974546  0.4215623117  0.614328587  
0.2958519319  -0.3985092736  -0.8681370821  
0.3867265622  -0.7205555873  0.5755364556  
-0.5694777083  0.3303344138  -0.7527113091  
0.6767123168  -0.7221023296  0.1436268285  
-0.5492701135  -0.6228662468  0.5570816646  
0.1632701781  0.2373013923  0.9576173026  
0.1744578771  0.4092248109  -0.89560008  
-0.8261608962  -0.1959482221  -0.5282636349  
-0.4051541089  -0.8297448299  -0.3838927785  
0.6077145773  0.6606902854  0.4406487709  
-0.7447465576  -0.4456203675  0.4967645851  
-0.5457793357  0.7504500411  -0.3727595103  
0.8934679674  -0.3280402909  0.3067646636  
0.5020996248  0.7949016205  -0.3406279208  
-0.5251831758  0.2709539578  0.8067010503  
0.01763659571  -0.460325318  -0.8875750966  
-0.9651292901  -0.261239244  0.01671857588  
-0.3215965233  0.3029567852  -0.8971024816  
-0.2325735999  0.8734075244  -0.4278654193  
0.9423247694  0.1902002643  0.2754049535  
-0.4272121932  -0.2629411468  0.8650732312  
0.233313154  0.7897531785  0.5673225619  
-0.4274631948  -0.628104493  -0.6501999408  
0.7257837055  -0.1511649963  -0.6711089007  
0.5501972519  0.02364162166  -0.8346999807  
0.3151654122  0.7548272654  -0.5752447848  
-0.5249908135  0.8507433142  0.02490901692  
-0.9670529928  0.07272129278  -0.2439674624  
0.2588582081  0.4700513814  0.8438270717  
0.3949208795  -0.8951315676  0.2068259551  
-0.0003258470804  0.000663213655  -0.999999727  
-0.1010657835  0.5062570849  -0.8564399987  
-0.1170305778  0.2246584274  0.9673843263  
0.05186514709  -0.2638838505  0.9631590315  
-0.1044051979  -0.9241048156  -0.3676001148  
-0.05213396108  -0.8333074315  0.55034605  
0.8570873026  0.2173410802  -0.4670805183  
0.7695993894  -0.3264685474  0.5487577492  
0.2990341946  -0.9476963951  -0.1115799859  
0.5610992499  -0.6672615199  -0.4898261894  
-0.1377993968  -0.9866000568  0.08735933954  
-0.005951721089  0.9479828487  -0.3182657626  
0.510724021  -0.0822918683  0.8557973024  
0.3798358016  0.531857754  -0.7568699316  
-0.1026601541  -0.6587487446  -0.7453260925  
0.6043324643  0.3684449055  -0.7064209965  
0.5286143339  0.834547334  0.1552341243  
