1  0  0  
-0.5386732151  -0.8193559729  0.1961809291  
0.8456223194  -0.418337916  -0.3315362438  
0.2561640699  0.04012022552  0.9658003607  
5.764089032e-05  -2.610215955e-05  -0.999999998  
-0.8749099671  -0.4791135295  -0.07058877686  
-0.4631554982  0.0953661654  -0.8811312496  
-0.4223394237  -0.7857436607  0.4519251164  
-0.5564576741  -0.3857766923  -0.7358880353  
0.728447957  -0.68050146  0.07925488545  
-0.0645417242  0.9889231307  0.1336615404  
0.7343937534  -0.6367492745  -0.2349812258  
-0.08838832036  -0.9898621724  0.1111772662  
0.6498534829  0.07057188016  0.7567760966  
-0.02407249031  0.9321636383  -0.3612360261  
-0.1533528467  0.2248064114  0.9622603503  
-0.6749872664  -0.5206189859  -0.5228269903  
0.73250839  0.6788814412  -0.05051185325  
-0.6560117847  0.04453396903  0.7534356402  
-0.8909438009  -0.1409159988  -0.43169645  
-0.6933699736  0.4716279699  0.5447982542  
-0.8724223577  0.4862678922  0.04922160903  
-0.5838388238  0.8047574589  0.1072271433  
-0.2590816007  -0.04649581708  0.9647356442  
0.4546957841  -0.5720907889  -0.6826154651  
-0.6860969118  0.5814270491  -0.4372797893  
0.5444639583  -0.5062640312  0.6687718062  
-0.8315181924  -0.05902375371  0.5523528693  
0.763502409  -0.2274022805  -0.6044437726  
0.9647216124  -0.03492210344  0.2609456979  
-0.9583161092  -0.2308471162  -0.1683444203  
0.6330730406  -0.2249586011  0.7406835715  
0.4324273018  -0.8404969761  -0.3264528477  
-0.9640823908  -0.04392516364  0.261946032  
0.8464702992  0.4852212861  -0.2191993067  
0.9579462579  0.268579155  -0.1010158621  
0.2869352859  -0.6209677601  0.7294293541  
-0.436882501  -0.204887944  -0.8758736272  
-0.5701461106  -0.8130059548  -0.1181301402  
-0.003152164709  -0.6872062715  0.7264555074  
0.3741621258  0.9266943938  -0.03521653228  
0.1001320397  0.9177585986  0.3843081178  
0.7502139994  -0.3584891786  0.5555757949  
-0.4436963329  0.7227157645  -0.5299202657  
-0.1725555994  0.6347404745  0.7532125166  
-0.5614036276  0.3314439101  0.7582683571  
-0.8904870456  0.2512498226  -0.3793499021  
-0.1820206688  0.9745372461  -0.1309413304  
0.8849297225  0.2625214526  -0.3846841213  
0.29397145  0.4472665226  0.8447090886  
-0.3110783561  -0.3089759238  0.8987569943  
-0.8118426205  0.06672144316  -0.5800515568  
-0.7307590454  -0.6360939077  -0.2477413131  
0.7514681745  0.263170499  0.6050098108  
-0.7437223462  -0.4359774668  0.5067550889  
0.5830374196  -0.7591969653  0.289287634  
0.836939973  -0.4911354537  0.2414900572  
-0.6772021175  -0.6524553803  0.3401459523  
0.3076772709  -0.414327711  -0.8565437787  
-0.3107325537  0.7663277585  0.5623051187  
-0.9009160543  0.1636163691  0.4019700821  
0.2083831105  -0.2226447281  0.9523685234  
-0.162359614  0.8102033542  -0.5632138853  
0.844869301  0.4048532674  0.3496994368  
0.5039575034  0.1368111751  -0.8528244469  
0.4293749706  0.6127350733  0.6634703193  
0.5406572962  0.7250942094  0.4265302752  
0.02317493396  -0.8013480313  -0.5977493247  
0.4249215437  -0.1485186111  -0.8929635512  
0.3093609945  0.6559851268  -0.6884615375  
-0.4525056841  0.8848257121  -0.1110047979  
-0.9551181847  0.2739024307  -0.1128127283  
0.1416924651  0.648487392  0.7479220198  
0.3145592649  -0.8818321777  0.3513182022  
0.01703037642  -0.4689282335  -0.8830720685  
-0.1181331342  0.4733820999  -0.8728997366  
-0.1291352285  -0.2660645855  -0.9552663132  
0.05494055037  0.2670776406  -0.9621076186  
-0.2730318832  -0.7914911126  -0.5468047269  
-0.149142464  -0.8269177824  0.5421840155  
0.9606132319  -0.2345787201  -0.1489800077  
-0.3957712694  0.3740329166  -0.8387278937  
0.3199480073  -0.9406577498  -0.1131206005  
-0.5797108015  0.6782936153  0.4515010057  
-0.1947839707  -0.9707823821  -0.1401455365  
0.2628609531  0.9183303032  -0.2959283251  
0.3791821172  0.8765875284  0.296336341  
0.5532619038  0.5985820529  -0.5793106176  
0.1699305234  -0.9110538822  -0.3756387106  
0.6894303595  0.246565149  -0.6810957398  
-0.4928010698  -0.4268015395  0.7582793361  
0.1604323272  0.5102822075  -0.8449103722  
