1  0  0  
0.4187733044  0.8890003809  -0.1852221433  
-0.5012221742  0.6114394097  -0.6123056266  
-0.2627322365  0.2155489071  -0.9404841522  
-0.07240290331  0.01110790313  -0.9973136087  
-0.7423487355  -0.580692228  -0.3342377765  
-0.7331295515  0.09392291355  -0.6735722285  
-0.3263805525  -0.8290948719  0.4539575183  
-0.557966476  -0.3973425242  -0.7285549602  
-0.5314901009  0.8411710395  -0.09974745615  
-0.3432130076  -0.7864048272  -0.5135876548  
-0.8297653539  0.5092232956  0.2284318119  
0.01650577398  0.983643035  0.1793709542  
0.7151737991  0.1701200035  0.6779274456  
0.04846844006  -0.995513046  0.0812686012  
0.1637876862  -0.1738384655  -0.9710580733  
0.4878600834  -0.8562923167  -0.1695759636  
0.7103522153  0.6901661606  -0.1380956229  
-0.6225792505  0.07877632975  0.7785816378  
-0.8662572123  -0.1398295995  -0.4796312388  
-0.7430612182  0.4531509835  0.4924573201  
-0.9529295264  0.292317012  0.08047410878  
0.2816719682  -0.9589640137  -0.03238707539  
-0.1779991399  -0.08340134381  0.9804899398  
0.3679047052  -0.4937163485  -0.7879659226  
-0.8611220063  0.4201004636  -0.2863293397  
0.6925583367  -0.5625284701  0.4515801928  
-0.7429413497  -0.1306165228  0.656488747  
0.7840257117  -0.1804890912  -0.5939085548  
0.8987734038  -0.1152242585  0.4230008734  
0.9609042105  0.2753730034  0.02885840023  
0.3152882203  0.05816370471  0.9472118673  
0.4136567529  -0.8084463384  -0.4186915437  
-0.9529011215  -0.2003018935  0.2277248429  
0.7314774927  0.5502035004  -0.4027614504  
-0.8682073955  -0.4577301699  0.1915698566  
0.2735197225  -0.6500670947  0.7089426873  
0.3465852849  0.3355875639  0.8759335747  
-0.8525209522  -0.5180030979  -0.06986284096  
0.02049278908  -0.6973519382  0.7164358449  
0.4898713217  0.8701221542  0.05397707771  
0.1022711936  0.9017146548  0.4200610484  
0.5334778582  0.7796376604  0.3279733118  
-0.6029318733  0.3539259211  0.7149892297  
-0.1319526523  0.4197357365  0.8980035685  
-0.7100957731  0.6717879258  -0.2108671995  
0.7904546011  -0.320023746  0.5222703568  
0.7036813172  -0.706976822  -0.0708263869  
0.8400400693  0.3048755028  -0.4487578521  
-0.1319026939  -0.5137328003  -0.8477501337  
-0.1422070132  -0.5123556813  0.8469172458  
-0.5336348615  -0.119396986  -0.8372444054  
-0.6859971307  -0.7187302927  -0.1132903484  
0.7498418493  0.3977425854  0.5287135679  
0.6605102239  0.4058505321  -0.6316736418  
-0.256347141  0.8185010147  -0.5141422296  
0.8601786532  -0.5081503669  0.04331153624  
-0.5658500609  -0.7520574736  0.3379693254  
-0.4052107041  0.2493701124  0.8795560428  
-0.313324088  0.7046101365  0.6366730491  
-0.8856962184  -0.03029711058  0.4632756132  
0.3939247403  -0.4177635705  0.8187166165  
0.09298931929  -0.9363020827  0.3386611824  
0.890868973  0.349383245  0.2903167601  
0.3000864304  0.2998950451  -0.9055446406  
-0.3559878184  -0.5909930592  -0.723878358  
0.5664909033  0.6138044482  0.5498473933  
0.1250647482  0.742626364  0.6579246859  
0.4163727968  0.0169936969  -0.9090351524  
-0.5144015532  -0.6395129857  0.5713266869  
0.5028932004  -0.7728398731  0.3870619583  
-0.9625657511  0.2073887692  -0.1745195494  
0.09405428355  -0.6433695936  -0.7597561173  
-0.3240033131  0.9162158324  -0.2357337515  
-0.6467624265  0.6828365661  0.3397537161  
-0.1355432027  0.4799950866  -0.8667368442  
0.1004789646  0.2607909957  0.9601520891  
-0.007817200725  -0.2855858971  0.9583212336  
-0.3049417076  -0.9182051373  -0.2528040364  
0.05897978743  0.8478687705  -0.5269154891  
0.9683658078  -0.06886883106  -0.2398431703  
-0.6150481772  0.3666664062  -0.6980483409  
-0.2129550735  0.9324787106  0.2917766114  
-0.9668833658  -0.0842239157  -0.2409209184  
-0.223252535  -0.974760637  7.819254308e-05  
0.165364556  0.949028565  -0.2683269395  
0.5472723118  -0.5987357553  -0.5848149384  
-0.423379182  -0.4848358331  0.7653001262  
0.1197575228  -0.8400418278  -0.529138794  
0.5464552436  0.2267115052  -0.8062186801  
0.5163870015  -0.1500726013  0.8431030061  
0.2562866333  0.6919441718  -0.6749299406  
0.8892580079  -0.2777856332  -0.36339419  
