1  0  0  
0.4134477222  0.8876492878  -0.2028292947  
-0.6778808537  0.3189922402  0.6623605505  
0.390832687  -0.3050474815  0.8684444972  
0.02126006153  -0.003960668907  -0.9997661341  
0.7426058954  0.5483545812  0.384504535  
-0.6853829565  0.1251988212  -0.7173391514  
-0.3758390807  -0.7482227938  0.546724461  
-0.4970149354  -0.422911738  -0.7577082656  
0.7451229459  -0.5894868566  0.3119247367  
-0.1208125938  -0.9664024422  -0.2268714104  
-0.8580858159  0.5093934185  -0.06486198945  
-0.03700981952  0.9987935826  0.03227464422  
0.4925019946  0.1850651154  0.8504073661  
0.04205482769  -0.9484652538  0.3140781016  
-0.2633928828  0.163094708  0.9508019276  
0.5571526126  -0.8177640411  -0.1443708401  
-0.6651220485  -0.735620029  0.1283582232  
0.7127806699  -0.0737590993  -0.6974978939  
0.7021042404  0.1308135545  0.6999553196  
0.7891986183  -0.4498243975  -0.4181190646  
-0.9659705887  0.2559660486  -0.03717800083  
-0.3169273891  0.9406389245  0.1214719871  
0.2744330676  0.08981981565  -0.957402158  
0.6006310535  -0.5440859549  -0.5858436747  
-0.7486395075  0.4178709465  -0.5147064794  
-0.564552183  0.6055377248  -0.5608965115  
0.8658970143  0.08263112579  -0.4933502383  
-0.8555021195  0.1915673631  0.4810593196  
-0.8652873824  -0.07232928529  -0.4960304632  
-0.8856189441  -0.4340921475  -0.165054819  
-0.4778048752  0.06689419289  -0.8759153316  
0.3848912029  -0.8440330397  -0.3734527946  
0.9608721609  0.2738091811  -0.04187150376  
0.747931921  0.5679656881  -0.3435299385  
0.8465521391  0.524028579  -0.09350681322  
0.1154189179  -0.6568218293  0.7451600888  
-0.2660727782  -0.3561017611  -0.8957660478  
0.5382430465  0.8392989312  0.07662719473  
-0.1395551949  -0.7334932155  0.6652157924  
0.3563805368  0.8810452959  0.3110499954  
0.1004626981  0.8754415628  0.4727677193  
0.8404708476  -0.1796709711  0.5112016202  
-0.7603695438  0.6260460674  0.1729291138  
0.2083330265  -0.4030342785  -0.8911569561  
0.5458461991  -0.7620750895  0.348272142  
0.592603065  -0.3672135419  0.716921071  
0.6886541094  -0.7204165815  0.08219164628  
-0.8912513175  -0.3370861338  0.3033875862  
0.04458633105  0.5130462644  0.8572021872  
-0.3209296054  -0.3347782103  0.8859614767  
0.2522485555  0.09566446115  0.9629221034  
-0.7399305535  -0.6602831738  -0.1285647945  
-0.7027002192  -0.3724552382  -0.6062091203  
-0.7655889761  -0.36410907  0.5303754377  
-0.3068901101  0.8783612365  -0.366469642  
0.8913102367  -0.3514181792  0.2864809336  
-0.5516235006  -0.748934141  0.3671636774  
-0.4365812901  0.4512513299  0.7783116435  
-0.3951499329  0.6947297584  0.6010050693  
-0.9626569718  -0.09260485615  0.2543931901  
-0.1479071985  0.4299097732  -0.8906744902  
-0.06849037718  0.8368436618  -0.5431406391  
0.8587240781  0.3101040655  0.4079564025  
-0.5113166114  -0.08119624881  0.8555480653  
0.2936756683  0.5936905664  0.7491903051  
0.5463645906  0.6100332703  0.573886002  
-0.06467826633  -0.7234650941  -0.6873245081  
0.4998935772  -0.1930063992  -0.8443073737  
0.5885984385  0.5647473263  -0.5784568572  
-0.4739886482  0.8731169286  -0.1140245167  
-0.9577129854  0.09076810914  -0.273032943  
0.1915337339  -0.6283479766  -0.7539851783  
0.2280774724  -0.9649905874  0.1295138321  
-0.612017021  0.6938521594  0.3794790468  
0.1094071929  0.5210455709  -0.8464877904  
0.01561892183  0.2599382473  0.965498916  
-0.06120544532  -0.2701684948  0.9608656919  
-0.3335676452  -0.7656338154  -0.5500340779  
0.2080560982  0.8868181291  -0.4126333311  
0.9568252803  -0.1602885901  -0.2424725774  
-0.3707986111  0.5438489676  -0.7528191618  
0.1319070334  -0.941387647  -0.31046712  
-0.1949525076  0.1599525001  -0.9676821366  
-0.3093540043  -0.9498873007  -0.04488001729  
0.1543869027  0.9757755619  -0.1550056035  
-0.9626776078  -0.1646370871  -0.214817255  
-0.5450857552  -0.3632167598  0.7556157124  
-0.1594210644  0.8193735432  0.5506468204  
0.7031977594  0.1750740838  -0.6891022975  
-0.572045494  -0.7466747835  -0.3394712367  
0.3571011535  0.5663841117  -0.7427568944  
0.8969740018  -0.4002475519  -0.1877219678  
0.3301874526  -0.7430237167  0.5821443142  
