1  0  0  
0.331273888  0.9308802434  -0.1540116347  
-0.3103311172  0.2889051125  0.9056646364  
-0.2944738839  0.01758583934  -0.955497708  
0.3938607549  -0.02470361993  -0.9188380907  
-0.7527597709  -0.4791763215  0.4513787548  
-0.4219167628  -0.2245634395  -0.8783834623  
-0.3742212013  -0.8286993842  0.4161920507  
-0.5788403227  -0.6208498263  -0.5286675458  
-0.7045062518  0.7022585308  0.1024885218  
0.2200867656  -0.9754787439  0.001742381701  
-0.9123569655  0.060452366  0.4049077413  
0.1392200429  0.9351481293  -0.3257541341  
0.7384275644  0.421982881  0.525980209  
-0.2806748488  0.9288508724  0.2417802435  
-0.1377572789  0.1020341715  0.9851964068  
-0.8687145884  0.4690335959  0.1591931212  
-0.3095227487  0.8395401458  -0.446506452  
-0.7609094721  0.1926810824  0.6195891992  
0.8721979866  0.3923440005  0.2921247292  
0.3464847649  -0.6560535073  -0.6704790103  
-0.9684003945  0.1218563027  -0.2176044975  
-0.483524247  0.8740650626  0.04705920555  
0.5630721382  -0.2159495913  -0.7976938894  
0.07166174533  0.5958531982  0.7998897177  
-0.6395955618  0.752213016  -0.1584080041  
0.6059960785  -0.5254753347  0.5971971412  
-0.237375374  -0.1826812226  0.9540862135  
0.853779624  -0.3347841052  -0.3987229069  
0.7489531573  -0.0413037522  0.6613343845  
0.9543238598  0.1395873705  0.264161573  
0.5559852567  0.005414271901  0.8311745184  
0.3165105089  -0.8233271142  -0.4711194761  
-0.6956092496  -0.2911231248  0.656791518  
0.6992249049  0.7134964194  0.0448039265  
0.8693424679  0.246570296  -0.4283068557  
0.06064068566  -0.8760357  0.4784183938  
-0.6682740108  -0.2225903631  -0.7098333443  
-0.8568577213  -0.5131253631  -0.04997206522  
0.109808827  0.6122397636  -0.7830098936  
0.3842111837  0.7790317638  0.4954707633  
-0.008564160266  0.9825136389  0.1859935605  
0.4316591281  -0.2211037807  0.8745190194  
-0.9676861755  -0.1270306286  0.2178226  
0.02805382171  -0.3597408822  -0.9326304095  
0.5429189186  -0.730809568  0.4137105548  
-0.6313783925  0.276690091  -0.7244335159  
0.9490796539  -0.3130137765  0.03563967348  
-0.6189235568  -0.03920431183  0.7844722129  
0.5217609975  0.4379208622  0.7321139118  
0.117028111  -0.7262282372  0.6774193448  
-0.8450314341  -0.1802337607  -0.5034259298  
-0.4977739139  -0.8664283474  -0.03902626568  
0.8951798264  0.3972144299  -0.2021726369  
-0.9621983707  -0.270404079  -0.03249506719  
-0.7393869344  0.568562586  -0.3606155113  
0.8237589471  -0.5584003554  0.09803183261  
-0.5663489335  -0.7955049616  0.2154547321  
0.1934038788  -0.5241643331  -0.8293652341  
-0.1051241133  0.747103755  0.6563420603  
0.7983056976  0.06106300259  -0.5991488321  
0.1904452586  -0.290547429  0.9377167989  
0.1570281659  -0.5284361443  0.8343245151  
-0.3151657393  -0.4505982975  0.835243516  
0.5496723142  0.4910235714  -0.675837406  
0.2105346695  0.9101051688  0.3569085802  
-0.7250223527  -0.6203566813  -0.2991658003  
0.5195648269  0.8059947264  0.2835928274  
-0.4736632741  0.4517660994  0.756009586  
0.1585953958  0.795058774  -0.5854306504  
0.407475168  -0.8900500993  0.2043888651  
0.8854141526  -0.3620099461  0.2915314345  
-0.1434478344  -0.7863315118  -0.6009205208  
-0.138852196  0.9600508456  -0.2429453469  
0.8873059433  -0.08672804114  0.4529529887  
0.06457313933  0.3775088259  -0.9237518044  
0.2501958263  0.4149163556  0.8747836683  
-0.02344714403  0.0985808736  -0.9948527744  
-0.269539801  -0.9555148748  -0.1197481513  
-0.3742777824  0.6711885921  -0.6398609344  
-0.9635734792  0.1885366987  0.1896841148  
-0.7854178334  0.3256431223  -0.5263795056  
0.5313259653  -0.7947360045  -0.2934065469  
0.1390192791  0.1749899028  0.9747061988  
-0.3663458921  -0.6632661951  0.6525861183  
-0.06790101543  -0.9954653376  0.06661991938  
-0.3359412838  -0.6181859227  -0.7106262159  
0.7565948215  0.6186462327  -0.2117572075  
0.05626144001  -0.8999113542  -0.4324282656  
0.4799762083  0.2527583718  -0.8400809752  
0.7325082871  -0.5849038687  -0.3483088768  
0.5822512968  0.6704623396  -0.4598518007  
-0.5496994832  0.6547030023  0.5188395291  
-0.4112254417  0.4617937038  -0.7859008915  
0.6801367404  -0.4358032128  -0.5894824629  
