1  0  0  
0.4326686098  0.8716698723  -0.2301945001  
-0.4404154285  -0.2653789553  0.8576760813  
-0.3769115418  0.1975420028  -0.9049391398  
-0.1298061851  0.1368138578  0.9820551525  
0.7480988927  0.571715142  0.3368825362  
-0.7120013164  -0.0944647423  -0.6957948965  
-0.2962475509  -0.828735427  0.4747999374  
0.4052942812  0.5346352809  0.7415535463  
-0.84739019  0.5013534831  -0.1748558002  
0.1366360606  -0.9759333517  -0.1699549354  
-0.8622365286  0.3690301075  0.3469365194  
-0.264263018  0.9629187684  -0.05433693814  
0.7495141853  0.3395025821  0.5683014013  
0.3844702054  -0.8832686712  0.2683637748  
0.330130742  -0.473724123  -0.8164552336  
0.7341918816  -0.6787914802  0.01429711514  
-0.5323701014  -0.8456993168  -0.03707749544  
-0.6602511443  -0.1798313232  0.7291975875  
-0.8715367218  -0.3546617906  -0.3385834562  
-0.4887494894  0.7389912037  0.4636981103  
-0.9659626114  0.1842399624  0.1815815786  
-0.5180691427  0.8549067083  -0.02718241331  
-0.5271114906  0.01699752758  0.8496261299  
-0.04152882557  0.7916309988  0.6095865143  
0.8758280216  -0.3097690767  0.3700924152  
-0.7220723284  0.3406982053  -0.6021098617  
0.960086962  0.07238680744  -0.2701724921  
-0.5660822689  0.287516726  0.772583327  
0.8769024407  0.1242654064  0.4643277057  
0.884577562  0.456294168  0.09653066413  
0.4971987443  0.06336278753  0.8653199211  
0.5997312075  -0.7678860265  -0.2251078164  
-0.9596825084  -0.2696268632  0.07944078054  
0.662062708  0.7282760153  -0.176881362  
-0.8356366386  -0.5272551923  0.153991462  
0.344271394  -0.6518273588  0.6757205795  
-0.3529113106  -0.2897320399  -0.8896678886  
-0.7338849142  -0.6745148079  -0.08026647188  
0.08964586029  -0.7019663882  0.7065456882  
-0.2932912929  -0.9557031558  0.02473247879  
0.1397531676  0.972545311  0.1860770545  
0.9669748877  0.1819919948  0.1784334062  
0.6229537675  -0.1528813122  0.767173975  
-0.1019386283  0.3892308779  0.915482299  
0.373854228  0.891630742  0.2553970168  
-0.8243215484  0.1109108374  -0.5551511244  
0.9040983031  -0.4217412782  -0.06885167047  
0.8854177852  0.3290282313  -0.3282922001  
0.16166848  0.4844348472  0.8597593741  
-0.1594921869  -0.2939182929  0.9424299865  
-0.5708686469  -0.3223709108  -0.7551066043  
-0.5794295591  -0.7546457136  -0.3078493675  
-0.6104206659  -0.5559187744  -0.5642170921  
-0.7240592097  -0.5579507617  0.4054987157  
0.7345977331  -0.5462456612  0.402469686  
-0.9631082243  0.2451389852  -0.1110379498  
0.5439459313  0.7243511595  -0.423601489  
0.2989273328  -0.692027366  -0.6570696876  
-0.2619562997  0.8594211111  0.439060646  
-0.8460061919  -0.1194692286  0.5196158453  
-0.2420421317  0.4835336621  -0.8411960557  
-0.2330808116  0.8330186199  -0.5017502508  
0.6862453725  -0.5660920374  -0.4567352558  
0.2949732438  0.06561840639  -0.9532497103  
-0.216617355  -0.8563078802  -0.4688429756  
0.4289812471  0.7315321415  0.5299394453  
-0.7798837217  0.5860124686  0.2199335518  
0.3572068263  -0.2220444125  -0.9072483464  
-0.42692243  -0.6468105224  0.6319599567  
-0.6351394834  0.73297786  -0.2436006843  
-0.953864494  0.06043395852  -0.2940922707  
-0.1961067743  -0.6955964555  -0.6911495527  
0.489248942  -0.7422896574  0.4578662876  
0.3020458459  0.4897263876  -0.8178853051  
0.02956696619  0.5125385487  -0.8581550155  
-0.112386292  -0.2315985924  -0.9662977871  
0.1268079452  -0.2866879964  0.9495945123  
0.01619408939  0.9981898431  -0.0579205371  
-0.03382123567  -0.8597183347  0.509647436  
0.8843146776  -0.1283823583  -0.4488936634  
0.4857999464  -0.3908812975  0.7817993498  
0.3820828108  -0.9006549237  -0.2069623979  
0.2501925657  0.0143294713  0.9680900507  
0.1121330042  -0.9502357789  0.2906512581  
0.1657071827  0.9471068542  -0.2748267386  
-0.001162263831  0.07524959886  -0.9971640522  
0.5627382942  0.451058392  -0.6927278969  
0.01584156543  -0.9210913333  -0.3890241645  
0.7498304852  0.3600035753  -0.5551141047  
-0.5298939985  0.5321895677  0.6602928247  
0.1721506824  0.6990488828  -0.6940423633  
0.7400732866  -0.3339157017  -0.5837737872  
-0.574350434  0.5510194706  -0.6053917095  
0.7314064984  -0.07913833838  -0.6773342288  
0.06962202902  -0.610979876  -0.7885786988  
