1  0  0  
-0.3086186714  -0.9412627656  0.1370362059  
0.5100616717  -0.07975836829  0.8564319551  
-0.2109462026  0.09729037302  -0.9726439652  
-0.3378744839  0.1300991357  0.9321561286  
0.7443630586  0.5950489865  0.3030517127  
-0.5624676825  -0.1977030266  -0.8028347398  
0.2474337725  0.8842024116  -0.3961850876  
-0.3199635834  -0.6006335084  -0.7327091468  
-0.8811050471  0.3358715652  -0.3329327074  
-0.153312642  0.9881354466  0.009141820596  
0.958268458  -0.1932252957  -0.2106787782  
0.4596939756  -0.8233904092  0.3327306461  
-0.6930202104  -0.4957212488  -0.5234342666  
-0.2506376399  0.8439008043  -0.4743545151  
-0.5545190627  0.433423593  0.7103890471  
-0.7581164446  0.6516293713  0.02527090786  
-0.5570811837  -0.8290980216  0.04750816069  
-0.7332504234  0.01002473743  0.6798847852  
0.8596474646  0.3442075889  0.3775279757  
0.5180739105  -0.7545999086  -0.4027137957  
-0.9674027692  0.2462358202  -0.05915913305  
-0.6221140179  0.768451765  -0.1498533734  
-0.5361589908  -0.07980835012  0.8403357447  
-0.1868468631  0.7413914994  0.6445361855  
0.8321547515  -0.1697070698  0.5279374774  
0.6460214489  -0.253889549  0.7198585864  
0.8987020746  0.3112256991  -0.3089872899  
-0.8384329862  0.3759552165  0.3945729374  
0.7429868259  0.2583326071  0.617442176  
-0.8897536504  -0.4382361051  -0.1276227164  
0.3539522747  0.1059970368  0.9292375452  
-0.5750409356  0.8062653143  0.1387954078  
-0.9653027831  -0.255891432  0.05205873581  
0.7058648574  0.671187531  -0.2264113542  
-0.8578198581  -0.4926520111  0.1464209239  
0.2569903389  -0.5390272855  0.8021256455  
-0.3326832947  -0.3650192556  -0.8695301999  
0.7520075218  0.657943747  0.03993385806  
0.1094571048  -0.7335109556  0.6708060974  
-0.167637612  -0.9343202278  -0.3145526077  
-0.09239743324  0.9596025502  0.2657548871  
-0.1255375489  -0.2041464024  -0.9708576467  
0.3674837384  0.9224584097  0.1184321934  
0.3586714237  -0.3865134036  -0.8496835874  
-0.8872514378  0.4375407369  0.1460924012  
-0.7203319866  -0.004712159183  -0.6936134548  
0.8720948539  -0.4752166119  0.1167036313  
-0.7630241731  -0.4353524127  0.477768132  
0.09345901268  0.4722717042  0.8764843697  
-0.1842733443  -0.3791804516  0.906788575  
0.5337969556  0.4486223544  0.7167975958  
-0.5902608724  -0.7761063593  -0.2219257118  
-0.5137071252  -0.6746991451  -0.5299868423  
0.619975927  0.6387084781  -0.4557206711  
-0.728365721  0.4298183985  -0.5336098958  
0.9573386066  -0.08657639623  0.2756942509  
-0.4857324958  -0.8193459905  0.3045260094  
0.4191754328  -0.6430523305  -0.6409178237  
-0.2836203442  0.8527538496  0.4386004701  
-0.8446243905  -0.1579401186  0.5115315806  
0.1174663601  -0.3658228464  0.923241734  
-0.3785760817  0.6838901944  -0.6236780839  
0.004087495564  -0.8633586345  -0.504574237  
0.2973541656  0.1292240438  -0.9459818427  
0.2447687515  0.788206902  0.5646398303  
0.40241872  0.83715416  0.3704484933  
-0.6601697714  0.5478365059  0.5138589649  
0.562620401  -0.1824404522  -0.8063335326  
-0.3986802713  -0.7258515111  0.5605297719  
0.7461225619  -0.5933438055  0.3020666334  
-0.8808574059  -0.08579700238  -0.4655417326  
-0.06057405752  -0.6847258435  -0.7262790805  
0.5849041544  -0.6496941876  0.4855765571  
0.08362340068  -0.06335274375  -0.9944815517  
0.03136210002  0.5722884093  -0.8194524972  
-0.1188895695  0.3199684503  0.9399390731  
-0.03541828021  -0.1764782295  0.9836671083  
-0.1093753761  -0.9922241851  -0.05939859865  
0.001791706122  -0.8924870464  0.4510694644  
-0.962520534  -0.06338306778  0.2636983284  
-0.37947932  0.2999525222  -0.8752279304  
0.4112318715  -0.9091144407  0.06632708112  
0.7308103833  -0.6215581354  -0.2821022297  
0.210865739  -0.9471034488  0.241931183  
0.0511012616  0.9781771258  -0.2013905948  
-0.1730697829  0.5549865673  0.8136564142  
-0.5513029132  -0.5025706135  0.6659488542  
0.3498386805  -0.9161642229  -0.1955914473  
0.6751786113  0.2664554719  -0.6878483295  
0.9629213552  0.1725117435  0.2074178439  
0.1497281435  0.7567449693  -0.6363320945  
0.8817792576  -0.1069530652  -0.4593760799  
-0.5156275565  0.4751803678  -0.7129739413  
0.7401231701  -0.2738997176  -0.614163364  
0.3056141557  0.5699957352  -0.7626957779  
0.441928557  0.332255628  -0.8332498714  
