1  0  0  
0.03090966183  0.9064054772  -0.4212762796  
0.42802849  0.8742311654  -0.2291538373  
-0.4722501327  -0.007793375769  -0.8814301308  
-0.1424382375  0.2495309665  0.9578338297  
0.6866424271  0.6931151056  0.219348188  
-0.7466814435  -0.2760423599  -0.6052003284  
-0.07361277381  -0.7592262025  0.6466503947  
0.392783093  0.6372016616  0.6630953811  
-0.7476713604  0.6146052737  -0.2514913405  
-0.2398801802  0.9687915045  0.0624541426  
-0.9533060774  0.2803678731  0.1122558616  
-0.07907789554  0.9843439177  -0.1575237703  
0.7450177281  0.5031579311  0.4379277123  
-0.4238044871  0.7917665464  -0.4398812256  
0.5440383348  -0.5150184961  -0.6624033809  
-0.7145712495  0.6995138831  0.008261766583  
-0.8520475558  -0.4352943667  0.2907469295  
0.5660983482  0.02502512969  -0.8239577677  
-0.8508434662  -0.4852237472  -0.2015522542  
-0.4785348963  0.7268288788  0.4926704111  
-0.9679944977  0.2083333423  -0.1399423844  
-0.5042029653  0.8620665532  0.0511920656  
-0.3777614261  0.1305458723  0.9166537406  
-0.080445405  0.7208362094  0.6884211618  
0.8880306762  -0.1857710843  0.4205836686  
-0.7368267605  0.205817822  -0.6439917307  
-0.7586983809  -0.1249161164  0.6393533692  
-0.7410472637  0.3512472089  0.5722537472  
0.8851518462  0.2751816982  0.3752082651  
0.9034365351  0.426042062  -0.04786009351  
0.5506207416  0.2533897213  0.7953681211  
0.3771419206  -0.8809553094  -0.2858001305  
0.8939451289  0.1780662889  -0.4112839691  
0.6508378603  0.7232084765  -0.2310402112  
-0.9650536425  -0.2024180014  0.1664284225  
0.3477766481  -0.4176582321  0.8394122969  
-0.3602443701  -0.4261756203  -0.8298182539  
-0.7717097913  -0.6350940618  0.03345938958  
0.1449574601  -0.6129665332  0.7766977301  
-0.3250823835  -0.9454363081  -0.02171707311  
0.1964894431  0.9442135159  0.2642966803  
-0.08383021032  -0.08260040559  -0.9930506879  
-0.8139781365  0.5403162323  0.2133025138  
0.3425450316  -0.4074700604  -0.8465406376  
0.6950278582  -0.5673670798  -0.4416229988  
-0.8491904093  -0.04620023312  -0.5260619613  
0.8744950285  -0.4841378672  0.02947830808  
-0.6984010171  -0.5773126477  0.4230202432  
0.1430610637  0.5706616843  0.8086277104  
0.1615905382  0.3189922231  -0.933880324  
-0.5876993906  -0.4790585855  -0.6520063634  
-0.5692391013  -0.8221707568  -0.001446437316  
-0.5616480186  -0.6911588889  -0.4548086339  
-0.4951273181  -0.7346758371  0.4637891258  
-0.7577861273  0.4226086545  -0.4971540107  
0.8756167386  -0.3992486141  0.2718379502  
-0.2704757118  -0.8479860663  0.4558097417  
-0.3214219353  0.6391725209  0.6986747655  
-0.2321072583  0.8333805278  0.5016005547  
-0.8717243437  0.08856417839  0.4819263998  
0.2880486986  -0.1579230851  0.9445042332  
-0.3926123068  0.6338722489  -0.6663794329  
0.1775011936  0.02180686933  -0.9838789492  
-0.3777319697  -0.1766562924  0.9089065482  
0.33185803  0.8260309834  0.4555689437  
0.4655677781  0.8525622535  0.2374536752  
0.9636504906  0.2384019889  0.1205911429  
-0.5529004788  0.2790489209  0.7851323203  
0.3206129331  0.6710393633  -0.6685159086  
0.5729869691  -0.790615879  0.2158992011  
-0.9604210931  -0.02727441562  -0.2772136903  
-0.1673221245  -0.7534821897  -0.6358206481  
0.6097161227  -0.6317644965  0.4786646746  
0.1101470918  -0.5096505524  -0.8533017829  
-0.1011964344  0.3986709154  -0.9114937097  
-0.1009963043  -0.3465845629  -0.9325657549  
0.04058994493  -0.1630789302  0.9857777229  
-0.0551427318  -0.9968278673  -0.05738886744  
-0.1820281148  0.7865399638  -0.5901022375  
0.9658453946  -0.05763680067  -0.2526275379  
-0.5333507181  0.227275601  -0.8147900421  
0.3599414075  -0.9189435607  0.1611983728  
-0.03373059726  -0.8829091917  -0.4683306588  
0.2124916822  -0.9066778555  0.364393402  
-0.1811993221  -0.9623307028  0.202697864  
-0.3647929785  -0.4446796711  0.818037941  
0.5499294826  0.5312205215  -0.6445016073  
0.1054339601  -0.9556966555  -0.2748228204  
0.7519645024  0.363309504  -0.5500505353  
0.3078596861  0.1808777886  0.9340801032  
0.1157858657  0.5593636396  -0.8207959259  
0.8762331551  -0.3266077316  -0.3543202614  
0.5749736681  -0.4477915508  0.6847539763  
0.7205472456  -0.1234442455  -0.6823292352  
0.6182427015  -0.7421213961  -0.2589049931  
-0.580419167  -0.2904851436  0.7607443538  
0.683292483  0.03033060412  0.7295145215  
