1  0  0  
-0.2690614663  -0.9214647185  0.2801940399  
0.8515799796  -0.4234373816  -0.3090506789  
-0.2170381154  -0.06886348784  -0.973731111  
-0.2626969281  -0.005398590848  0.9648632956  
-0.851803281  -0.4164018029  -0.3178690124  
-0.4163329498  -0.2487578947  -0.87452066  
-0.1987470525  -0.834561633  0.5138156185  
0.4809044123  0.634088983  0.6055263066  
-0.8642108057  0.4163121729  -0.2825311629  
0.3415995456  -0.907909415  -0.2429202432  
-0.9637322002  0.2080678648  0.1671167554  
-0.4004518516  0.9162496851  -0.0111726935  
-0.6901535003  -0.546000387  -0.4749439161  
0.5079436331  -0.7028436167  0.4980001166  
-0.3457682833  0.4817924126  0.8051834359  
0.7625533449  -0.6290710121  -0.1509372647  
0.3261548016  0.944959545  -0.0259712111  
0.5100858354  -0.07567094941  -0.8567883916  
0.5597229558  0.7496860167  0.3531020945  
-0.7385288925  0.3817367967  0.5557446293  
-0.9614844875  0.03985101083  -0.2719549176  
-0.6233049917  0.7802303808  -0.05226318257  
-0.6622345251  -0.1000664294  0.7425847719  
-0.3339119442  0.6896131479  0.6426013692  
0.8728665304  -0.2157043413  0.4376935654  
0.719411158  -0.5049414124  0.4769504753  
-0.5817994422  -0.374340213  0.7220656577  
0.7639907416  0.2751028297  -0.583640797  
0.7691800784  0.3000686304  0.5641992769  
-0.9622962528  -0.2511887586  0.104355783  
0.6430847378  0.1631875801  0.7482057429  
-0.6838766353  0.6085813207  0.4024195868  
0.8980511665  0.2609996359  -0.3540950329  
0.5156727926  0.8395510388  -0.1709842808  
-0.8831234672  -0.4651790131  -0.06083935844  
0.5077157187  -0.2755409115  0.816273211  
0.3483053353  0.490147522  0.7990236543  
0.7296978225  0.6817341877  -0.05272177186  
0.3181297269  -0.6736063463  0.6671191551  
-0.1174517918  -0.9846352972  -0.1292223204  
-0.09108227374  0.9532141056  0.2882479632  
0.1193647633  -0.6412263453  -0.7580110998  
-0.5547458785  0.3213871357  0.7674420625  
0.1082409269  -0.4035083438  -0.9085509993  
0.9638848636  0.219647845  0.1506014405  
-0.6663661185  0.08738350726  -0.7404865419  
-0.9046022771  0.4238392816  0.04533192737  
-0.6653081896  -0.6795704031  0.3091101423  
0.09810961944  0.5466233988  0.8316113049  
0.1096784567  -0.5948088152  0.7963498663  
-0.5787176773  -0.4125562406  -0.7034793518  
-0.5602696145  -0.8232332042  -0.09156992179  
0.741262767  0.637929118  0.2087485344  
-0.7646530135  -0.4770393773  0.43328882  
-0.6675188545  0.6812023034  -0.3006359937  
0.8228800849  0.005760868485  0.568185866  
0.4493827291  0.7824978621  -0.4309898591  
0.5519831824  -0.5500869898  -0.6266728572  
-0.4759984273  0.7620142711  0.4390441298  
-0.9618846912  -0.02521408173  0.2722904533  
-0.2798930044  0.1896504253  -0.9411124387  
-0.2787044069  0.8482850991  -0.450262417  
0.1954844178  0.2548524573  -0.947014291  
-0.4456083576  -0.1890487524  0.8750392911  
-0.3404816599  -0.8097277795  -0.4779258963  
-0.3541868363  -0.9054912416  -0.2337462221  
0.1264323046  0.9080486674  0.3993275472  
0.3191063015  -0.2445043431  -0.9156357324  
-0.3661660112  -0.6547122007  0.661267258  
0.8002717361  -0.5894811279  0.1098960793  
-0.9027061369  -0.1691721728  -0.3956038503  
-0.2213897775  -0.7036626185  -0.6751633031  
0.4602433748  -0.8482481156  0.2620136834  
-0.124320311  -0.4879748338  0.8639589237  
-0.3182373071  0.447961639  -0.8354970894  
0.05270286082  -0.1578284589  -0.9860591189  
0.08003740659  -0.3486337003  0.9338354012  
0.1483826408  -0.9882106994  -0.03771213964  
-0.07892518669  0.7964269774  -0.5995622441  
0.9630220163  -0.2404926589  0.121457306  
-0.7194285682  0.302611711  -0.6251789245  
0.5715843099  -0.7957337416  -0.2002478194  
0.001819850908  0.8017467184  0.5976611813  
0.2115289371  -0.9538152247  0.2132885978  
-0.00737728148  0.9259163572  -0.3776565571  
0.1612566927  0.3171356543  0.9345700914  
0.5825351231  0.5826732857  -0.5666962789  
0.2175878018  -0.848622963  -0.4821769543  
0.8512491415  0.4885458128  -0.1915669281  
0.01162150305  -0.09776469264  0.9951417012  
0.1247649668  0.6896751845  -0.7132894525  
-0.8498654984  -0.04045796931  0.5254443713  
-0.5357312798  0.5039812744  -0.6774916021  
0.7264560595  -0.1453291394  -0.671670332  
0.8818794918  -0.1935156691  -0.4299305151  
0.3655064904  0.4464617881  -0.8167477439  
0.4618319828  -0.006926539923  0.8869403828  
0.06076781393  0.9895504914  -0.1307558707  
