1  0  0  
-0.5963552347  -0.789332518  0.1459952402  
-0.5556291677  0.5069289155  0.6590138866  
-0.3391418626  0.2652108155  -0.9025774318  
-0.2674039451  0.1573194619  0.9506554145  
0.5537803308  0.6754298363  0.4869516212  
-0.6669517506  -0.02125995091  -0.7447975408  
-0.3171883562  -0.8341795189  0.4511497278  
-0.3595989753  -0.4169904966  -0.8347499642  
0.5311060994  -0.8472062933  -0.01295406267  
0.02161824395  0.9021886136  0.4307996715  
-0.9636242674  0.2606115841  0.05924418495  
-0.04781076872  0.9803966563  0.1911453027  
-0.7194601313  -0.2745616207  -0.6379600583  
-0.121559235  -0.9583339574  0.2584944457  
0.4355824578  -0.3405853379  -0.8332283901  
-0.8784484718  0.4471571895  -0.1684598773  
-0.7797118381  -0.6260819409  -0.008417407379  
-0.5979259493  -0.1594239014  0.7855371276  
0.8816772602  0.2787385161  0.38072306  
0.6101213714  -0.6545515676  -0.4464461417  
0.9621892658  -0.2008853778  0.183948041  
-0.3495274111  0.9239236974  -0.1555493178  
-0.5233150618  0.08656810671  0.8477306819  
0.1602500923  -0.7785791391  -0.6067408277  
-0.9013974189  0.1256448694  -0.4143622329  
-0.7266681758  0.5932698397  -0.3463874416  
-0.888321491  -0.109734105  0.4459185517  
-0.7506630221  0.3992905773  0.5263763503  
0.8372666607  0.07692292763  0.5413570005  
-0.7433528296  -0.4758759318  -0.4700730457  
0.4408492359  -0.01640905584  0.897431164  
-0.4752182158  0.8309275586  0.2893562506  
0.9630018575  0.1900012307  -0.1911202628  
0.7582095664  0.6005302028  -0.2539325283  
-0.8664900534  -0.4592990819  -0.1955488192  
0.3369364264  -0.6669606124  0.6645580381  
-0.2741762659  -0.1918017447  -0.9423584594  
0.3913417651  0.9191608021  0.04466590086  
0.06348272192  -0.6933789546  0.7177712514  
-0.4619122217  -0.8340264964  -0.3017232221  
0.2879016827  0.8276936971  0.4817009081  
-0.3071526353  -0.5303846975  0.7901577888  
-0.963241847  -0.06848028406  -0.259760649  
0.1804779408  -0.3912550466  -0.9024118801  
-0.7383847611  0.6692214558  -0.0832501514  
-0.7611516398  0.1917829426  -0.619570403  
0.8339127888  -0.3685364841  0.4108166507  
-0.8564213786  -0.3673851432  0.3627265896  
0.08335536985  0.3842777798  0.9194468284  
0.05326253944  0.5183061032  -0.853534935  
0.5263411375  0.2258676826  0.81972483  
-0.8987066761  -0.4270063873  0.09995926951  
0.5629133488  0.474927111  0.6764412768  
-0.6887000932  -0.5308481785  0.4938546274  
0.1374404141  -0.9398429696  0.3127384292  
0.6690603708  -0.4397112158  0.5991763237  
0.5534297229  0.7378582549  -0.386368655  
0.3280749021  -0.5785454405  -0.7467610273  
-0.3988417018  0.738493126  0.5436480476  
-0.8519129116  0.1533600707  0.5007245548  
-0.4661786857  0.4644803786  -0.7529511345  
-0.1789023323  0.8235115181  -0.5383518692  
0.9642236649  0.2522275002  0.08157212876  
0.3465932501  0.0821717156  -0.9344094007  
-0.3698034937  -0.6540373381  -0.6599094911  
0.7083760341  0.6472702648  0.2815041715  
0.08619536204  0.07312421348  -0.9935910673  
0.6618346083  -0.24723835  -0.7077062594  
-0.4520131545  -0.6535134244  0.6071279209  
0.5733355699  -0.781771785  0.2451921705  
0.8617673379  -0.5011828079  -0.07856747628  
0.1714742209  0.5809930701  0.7956403987  
-0.1034242366  0.9925411501  -0.06454062773  
-0.1837128374  0.04952910087  -0.9817313591  
0.2154018283  -0.4990673675  0.8393651262  
-0.001850012175  0.1621475718  0.9867647858  
0.08399812557  -0.2936526853  0.9522144797  
-0.215401782  -0.9441264656  -0.2494539822  
0.06583883765  0.866168637  -0.4953959423  
-0.9639014443  0.06256387471  0.2588044963  
-0.548052158  0.6548308866  -0.5204184297  
0.3033352737  -0.9459135553  -0.1150445898  
-0.1752339782  -0.3083899798  0.9349805737  
-0.1502857917  -0.9886234761  0.006148432171  
0.3703712666  0.9048372427  -0.2099873546  
0.7839424395  -0.5349945462  -0.3149842648  
0.5700119172  0.4350009991  -0.6970369754  
0.2377071256  -0.8960672914  -0.374911632  
0.7543188887  0.2757251567  -0.5958008494  
-0.08085478913  0.6040553991  0.7928301066  
0.1909305125  0.719436367  -0.6678000099  
0.9009517234  -0.3112811271  -0.3023078762  
0.3880173911  -0.827432925  0.4059522865  
0.7469348291  0.003302502706  -0.6648890544  
-0.09567025547  -0.763781544  -0.6383454827  
0.4148139328  0.3127476594  -0.8544696031  
0.5717958702  -0.2290524431  0.7877718332  
0.6046690845  0.7899957402  0.1014003395  
-0.6793817177  0.7137479388  0.170306669  
