1  0  0  
-0.3221611726  -0.9429978154  0.08347034782  
-0.8678425615  -0.4947948989  -0.04502550913  
-0.2053873436  0.1675232738  -0.9642364813  
-0.3058290647  0.1703003119  0.9367317583  
-0.6206205642  -0.7378667727  -0.2652974578  
-0.8572216259  -0.1479796883  -0.4932272254  
-0.2013015362  -0.8501779646  0.4864926722  
-0.3804098681  -0.6961320383  -0.6088419479  
0.7693266157  -0.6053160129  0.2042769762  
-0.1641922448  0.9825075769  0.08786221123  
-0.9674652589  0.2227453466  0.1199811794  
0.07633132875  -0.6222528974  0.7790859131  
-0.6901280274  -0.2430075286  -0.6816675487  
-0.3816970663  0.9164035783  -0.1204650627  
-0.607937385  0.4057934858  0.682454235  
-0.8717806972  0.4339087519  0.2274238575  
0.1321662489  -0.9772737633  0.1657349519  
0.6761466045  0.06208098  -0.7341469343  
0.7856395187  0.5505024979  0.2823429589  
-0.562314704  0.6231019256  0.5436415768  
-0.9667066379  0.1911089117  -0.1701636273  
-0.6064466937  0.7905544764  -0.08512360124  
-0.5641926861  0.1567546152  0.8106260566  
-0.06097524061  -0.5179269727  -0.8532488916  
0.8672473104  -0.3823268882  0.3189173142  
0.5765484212  -0.467594996  0.6700349526  
-0.8462141848  -0.02742762838  0.5321365226  
0.8894978495  -0.2245326626  -0.3979681635  
0.9635984723  0.06398922556  0.2595830563  
0.895404448  0.3228667393  0.306607148  
0.582768082  0.06311041169  0.8101842004  
0.4014208936  -0.9065359872  -0.1305900839  
-0.8810344006  -0.2454575674  0.4043871505  
0.7441445918  0.6349566344  -0.2075545685  
0.8816917199  0.4275678667  -0.1995129828  
0.4005387062  -0.3616579816  0.841886126  
-0.4531139356  -0.2924531948  -0.8421157226  
0.7131245182  0.7001200406  0.03585178251  
0.002133040728  -0.7914366821  0.6112474363  
0.4856962012  0.8686662685  0.09756082301  
0.1897714993  0.8630835717  0.4680529097  
0.3166044031  0.09432119648  0.9438565377  
0.6127900046  -0.7741175579  -0.1588408536  
0.375355639  -0.5864344395  -0.717776283  
0.06265930576  0.04413655841  0.9970585618  
-0.4395658374  0.1199065765  -0.8901709316  
0.907826205  -0.4159358293  0.05337571839  
-0.5921099747  -0.6949763679  0.4079382623  
0.5490558  0.4748535  0.6877876722  
0.1222304877  0.4697847628  -0.8742779789  
-0.7541369262  -0.4146610556  -0.5092481767  
-0.4172796359  -0.8261200632  -0.3786863432  
-0.9624309408  -0.2609814413  -0.0749357824  
-0.7596979968  -0.4846904497  0.4335136925  
-0.7026457619  0.550600653  -0.4506970758  
0.7716849519  -0.3115200024  0.554488614  
-0.5602690704  -0.8146623458  0.1497458882  
-0.3054892912  0.7714633322  0.5581403228  
-0.1197316227  0.6759901122  0.7271187708  
-0.9569231335  0.01398617502  0.2900043164  
-0.3313942731  0.5821581138  -0.7424754315  
-0.2500913051  0.7722514343  -0.5840223124  
0.9664014503  0.1976381953  -0.1643392244  
0.1845869202  0.03638560594  -0.9821424319  
0.3128656253  0.5199100446  0.7948639166  
0.2598176061  0.9449462313  0.1989256936  
-0.1839577185  0.4578515597  0.8697881967  
0.414108476  -0.3641847169  -0.834196417  
0.4070155943  0.7053742817  -0.5803321711  
0.5687245635  -0.7561924772  0.3236128987  
-0.8966591294  0.1247153256  -0.4247922941  
0.190458104  0.3116138553  0.9309256231  
0.3371590702  -0.8690684119  0.3619998023  
-0.1364141558  -0.7144595919  -0.6862497137  
-0.1511731421  0.4135079034  -0.89786296  
0.06263468685  -0.2580930782  -0.9640875785  
-0.03991418552  -0.2397224261  0.9700206267  
0.01804496905  0.9586869732  0.2838902366  
-0.0795925079  0.9117807526  -0.40289067  
0.7359805097  0.284940824  -0.6141184057  
-0.6259639416  0.2210209905  -0.7478762368  
0.2335978236  -0.9109265577  -0.340065969  
-0.7864032334  0.6152339883  0.05529099567  
-0.08182871865  -0.9966008832  -0.009525776815  
0.1304530108  0.9581886676  -0.2546693724  
-0.3016494181  -0.2767620943  0.9123652622  
0.5875945427  0.5129676905  -0.6257769586  
0.05490036266  -0.8463113574  -0.5298519005  
0.4466161712  0.06052169109  -0.8926763806  
-0.3791877498  -0.4983069094  0.7796838298  
0.1948129197  0.6685593614  -0.7176881681  
0.7639455089  -0.4269114984  -0.4838737769  
-0.4862713902  0.6812320831  -0.5472321116  
0.7535292314  -0.1899249597  -0.6293824013  
0.6016837426  0.629352799  0.4918248959  
-0.5412632788  -0.2902654107  0.7891641492  
0.7664133075  -0.03615974765  0.6413291781  
0.3920170732  0.8580901928  -0.331668261  
0.7119841708  -0.6204693277  -0.3287800997  
-0.4770154922  0.7961859768  0.3722151402  
