1  0  0  
0.1220418621  0.9739043851  -0.1913531618  
0.6876221168  -0.6262472524  -0.3674101295  
-0.2414894852  -0.02819541218  -0.9699937357  
0.2328086314  -0.2322444955  -0.944384792  
-0.7921316173  -0.4766965586  -0.3811664885  
0.6864122478  0.1221509567  0.7168803037  
0.3482345628  0.8845848899  -0.3102293698  
0.2672727342  0.8432286848  0.466401834  
-0.7549310056  0.3691843136  -0.5420167151  
-0.1239639253  0.9645450672  0.2329930442  
-0.9656745163  0.03437453711  0.2574706192  
0.3544314254  -0.9250717248  0.1364575712  
-0.6005474956  -0.4848010525  -0.635854264  
-0.5601073272  0.7765465362  -0.2885398744  
-0.4423134706  0.3562292725  0.8230792788  
0.8835204109  -0.4658450912  0.04878559636  
-0.3553282438  -0.9325771335  0.06357459541  
-0.7435773734  -0.00769018606  0.6686056766  
0.7660929288  0.3047120835  0.5659082704  
-0.5869908809  0.5084177902  0.6300421068  
-0.9576402153  0.2267631653  -0.1774927743  
-0.7450243377  0.6473012094  -0.1610586247  
0.5627755627  -0.1333213174  -0.8157874063  
-0.0823875869  0.672565816  0.7354369509  
0.5846642652  -0.3138078434  0.7481258814  
0.3589834124  -0.2129898634  0.9087168028  
-0.7444640422  -0.2641625301  0.6131814149  
0.9097963919  -0.2751444658  -0.3107507814  
-0.9667298269  -0.02423614729  -0.2546488779  
-0.8695393394  -0.4760583909  -0.131414404  
-0.5249437199  -0.3178051343  -0.7895783606  
0.7284121676  -0.6780879109  -0.09804335314  
-0.8488875407  -0.3699786554  0.3774993217  
0.5716854134  0.7997247954  -0.1833467744  
0.7408831264  0.6041498699  -0.2934197125  
0.2185080076  -0.6495709177  0.728225153  
0.3543144744  0.5148696437  0.7806218696  
-0.7495328951  -0.6606350981  0.04197268545  
0.1671149072  -0.8291800381  0.5334164154  
-0.100698749  -0.9428420861  -0.3176610815  
-0.02976796136  0.8579562574  0.5128595605  
-0.1118487055  -0.5375033893  -0.8358109676  
-0.3727249229  0.03657227354  0.9272209018  
0.3653641448  -0.5873873521  -0.7221392804  
0.1876441298  -0.4732647231  -0.8607033069  
-0.5641010469  0.0852037584  -0.8212979535  
0.8483197649  -0.4322217229  0.3058397599  
-0.5440689887  -0.7229034766  0.4259102007  
-0.2645721113  -0.3000809176  -0.9164895203  
-0.1031694782  -0.3396225109  0.9348864149  
-0.4127741014  -0.6833960809  -0.6021522547  
-0.5560509264  -0.8279382749  -0.07297657331  
0.9097203422  0.2632310853  0.3211203742  
-0.6822686322  -0.5045331095  0.5291085474  
-0.3838672153  0.4704096134  -0.7945821271  
0.8899684031  -0.1793955797  0.4192534645  
-0.3051375415  -0.7877300564  0.5351377757  
0.2524661457  -0.7700480068  -0.5859069145  
-0.5407160084  0.804239936  0.2466258776  
0.8852645431  0.1203075876  -0.449258025  
-0.3496312457  0.8589074355  -0.3742138551  
-0.1254775011  0.9915922523  -0.03162596763  
-0.8480767595  0.488923029  0.2042549427  
-0.3592504779  -0.2210522532  0.9066835145  
-0.4882638187  -0.8066033428  -0.333150853  
0.709363018  0.6727759193  0.210182471  
-0.314916282  -0.4499392006  0.8356927971  
0.6900012949  -0.2766508044  -0.6688516617  
0.2326243657  0.6451552348  -0.7277778696  
0.679184439  -0.6031001461  0.4183045681  
-0.8623098012  -0.07167991866  -0.5012821522  
-0.1594294137  -0.7285986335  -0.6661278355  
0.5657059  -0.5345858526  0.6278493457  
0.00577463979  0.1032413942  0.9946395669  
-0.1694579729  0.4036728953  -0.8990729609  
0.01499946073  0.3381558517  0.940970582  
0.09422170929  -0.1731343286  0.980380933  
-0.1094905797  -0.9920994934  -0.06124057529  
-0.02916523249  -0.7574532549  0.6522376529  
-0.9585686176  -0.209859345  0.1926272583  
-0.756605184  0.1245327127  -0.6419035745  
0.5661100656  -0.8238441408  0.02828825324  
-0.3554311812  0.9274371979  0.1163138832  
0.118620577  -0.9500134264  0.2887968982  
0.09119761547  0.8947386269  -0.4371793505  
0.6197008876  0.6419173874  0.4515671353  
0.4729584959  0.6008431285  -0.6444360295  
0.3087365869  -0.8752951016  -0.3722098938  
0.575229469  0.1320736845  -0.8072593139  
0.1539774808  0.08145217162  -0.9847113684  
0.01282797161  0.5587338234  -0.8292478265  
-0.7759654427  0.4168402791  0.4734150542  
-0.420434873  0.7115349627  -0.5629853591  
0.8518447383  -0.1382157509  -0.5052295992  
0.8855100057  0.4475700871  -0.1247118559  
0.5507759318  0.3778124737  -0.7442470072  
0.4480396481  0.1115075827  0.8870324305  
0.326351918  0.925861541  0.1904595299  
-0.9659418419  0.2489309359  0.07063814337  
-0.490170964  0.7140830836  0.4998177426  
0.9669088921  0.2463829138  0.06620161703  
