1  0  0  
0.5717356506  0.7837074523  -0.242736431  
-0.05809689054  -0.1157028318  -0.9915833833  
-0.3670371763  0.161060612  -0.9161567499  
-0.1805150413  0.1719335035  0.968428206  
0.7516603726  -0.0150553193  0.6593785117  
0.2436329531  -0.592620648  0.7677524026  
-0.7522533748  -0.6448724291  0.1351088831  
-0.6779278606  -0.2257078281  -0.6996211776  
-0.3769243755  0.9248188146  -0.05136317002  
-0.5727838033  -0.7705092542  -0.2797037787  
0.8609435628  -0.3652078308  0.3541178082  
-0.538147763  -0.8428484833  0.001849143286  
0.3060280711  0.08452102289  0.9482631578  
-0.3544352577  -0.8852074871  0.3013027594  
0.3619078116  -0.3120525055  -0.8784338163  
0.5583813785  -0.8220354452  -0.1116600331  
-0.8706912178  -0.4861803916  -0.07433323674  
-0.7004795895  0.3379876435  0.6285639963  
-0.541420067  -0.0554808198  -0.8389196563  
-0.3844851569  0.676722685  0.6278674795  
-0.7018543888  0.5231248535  -0.4834674803  
-0.1259501326  -0.8387657115  0.5297250658  
-0.3908596157  0.03801640868  0.919664892  
-0.01992451396  0.8488897512  0.5281942862  
-0.3659772664  0.8742605756  -0.3189499748  
0.3064970568  -0.7714018993  0.5576725418  
0.1416515435  0.0784876363  -0.9868001475  
0.7839365756  -0.4627246326  -0.4139195088  
-0.8963595404  0.08846114796  -0.4344124763  
-0.7769351317  0.2588889948  -0.5738887432  
0.4044919303  -0.3971525508  0.8238058811  
-0.3428955623  0.9129279915  0.2213258136  
-0.7435460851  0.05358088351  0.6665345514  
0.8924144286  0.4177899819  -0.170434793  
0.9647922336  0.08294703582  0.2495911363  
-0.4727882224  0.6070495197  -0.6387191694  
0.05217536401  0.5800883514  0.8128808252  
0.756992876  0.3987457368  0.5176520289  
-0.2819903781  -0.4586077908  0.8427101049  
-0.7711999701  -0.5565469557  -0.3090405997  
0.0888932343  -0.9487150291  -0.3033773005  
-0.1725948858  -0.7423295603  -0.647423995  
-0.2962713268  -0.5108854736  -0.8069816193  
0.06701746765  -0.3867029317  -0.9197660038  
-0.7380494837  -0.2087182425  0.6416538435  
0.549078486  -0.7241264944  0.4173171892  
-0.737514814  0.6753065271  -0.005743999069  
-0.9671291956  -0.2510917859  -0.04017504177  
0.4052107194  0.650159016  0.6427266346  
-0.4524273652  -0.574807552  0.6818399793  
0.5927645569  -0.1808161171  0.7848157185  
-0.8552592702  -0.1612106561  -0.4924862486  
-0.1268100719  -0.9789984699  -0.159628323  
0.9596013641  0.1796256202  -0.2165637516  
-0.1164518342  0.8892934862  -0.4422624398  
0.5738341321  -0.8021978881  0.1649028111  
-0.850293157  -0.3135071149  0.4227467754  
0.1294995663  -0.7099194064  -0.6922747278  
-0.5007507372  0.7767040591  0.382072642  
-0.9123973762  0.3058424478  0.2720136487  
-0.1688853098  0.372979195  -0.9123399982  
0.2025165739  0.6699551895  -0.714245813  
-0.3901169658  -0.802339986  -0.4517292328  
0.347741412  0.2184293098  -0.9117919428  
0.1783398456  0.9013172174  0.3947431737  
0.3716872369  0.9075853154  0.195288231  
0.1184487861  -0.1331000441  0.9839991176  
0.5720474736  -0.1897082952  -0.797980232  
0.7593358007  0.5426300815  -0.3591124286  
0.1570615727  -0.9666107764  0.2024728856  
0.7447794462  -0.6164024508  0.2556395804  
-0.5601633949  -0.4524901163  -0.6938801522  
0.06793875212  0.994767436  -0.07630251758  
-0.5289477474  -0.3431392888  0.7761892224  
0.01369951724  0.5473564017  -0.8367874836  
0.1811778836  0.3278679483  0.9271877819  
-0.08683259106  -0.3204982833  0.9432608078  
0.6092148144  0.6223547229  0.4914589594  
0.3630247929  0.7708463279  -0.5234586311  
0.9659412823  -0.25649664  -0.03416010455  
-0.06337935776  0.7406571938  -0.6688871193  
0.1493384812  -0.9869004378  -0.061037234  
-0.9619756358  0.1814444004  -0.2041587759  
0.3157726959  0.9468198077  -0.06180498509  
-0.5774290118  -0.6706406021  0.4656360373  
0.4391074087  0.2917153828  0.8497569176  
0.8833078055  0.06578619723  -0.4641546046  
0.2694773635  -0.8403246035  -0.4703578545  
-0.9657339802  0.06534525417  0.2511730026  
0.60720744  -0.5924196198  -0.5294696582  
0.6720272624  0.4504495094  -0.5877708721  
-0.8849556797  0.4509399919  -0.116217764  
-0.1099171141  -0.9450116213  0.3080117914  
-0.5025448816  0.4625173555  0.7304288725  
0.8534709198  -0.1909177132  -0.484910111  
0.5780434014  0.09084887602  -0.810932986  
0.6089418867  -0.4052743308  0.6818669191  
0.715013339  0.692217348  0.09793399925  
-0.6987901191  0.6629720063  0.2686270432  
-0.2489925545  0.5289658569  0.8112939233  
0.8980941062  0.3287929084  0.2920996402  
0.8535630944  -0.5032891875  -0.134647828  
