1  0  0  
-0.7027578836  -0.7113983408  -0.006614966565  
0.0979754185  0.6520658059  0.7518051624  
-0.3485739002  0.3296324871  -0.8774045017  
-0.2000188695  0.2425833794  0.9492869724  
-0.7422322918  -0.4685462481  -0.4791196493  
-0.5830687983  0.1586787859  -0.7967758903  
0.3999136549  0.8636477951  -0.3068901344  
-0.469511723  -0.3477933277  -0.811540845  
-0.5930575529  0.7915838869  -0.1472334505  
0.1408823574  0.9378661623  0.3171107425  
-0.8639979661  0.4925227589  0.104541124  
-0.2569203812  -0.9574261553  0.1316323472  
0.5528539285  0.1006770303  0.8271739051  
-0.0602073525  0.9872595377  -0.147287745  
-0.3292851507  0.429605203  0.8408392588  
0.4902654036  -0.8687001423  -0.07070994838  
-0.8565695326  -0.5111718243  -0.07065410001  
-0.6893976442  0.1978707879  0.6968342984  
-0.8430438525  -0.2183343377  -0.4915355326  
0.5533716814  -0.7703739076  -0.3167077908  
-0.9167692603  0.378194652  -0.1284637248  
0.02068443715  -0.8444274376  0.5352704519  
0.3368148736  -0.04296824469  -0.9405899589  
-0.1218966731  0.772309992  0.6234408371  
0.6428168808  -0.6726260739  0.3665523462  
0.5059451347  -0.6327377897  0.5862272684  
-0.5646466472  -0.01268770933  0.8252352306  
-0.7501812143  0.3995050739  0.5269002198  
0.8828496353  -0.03867910607  0.468060304  
0.8828437958  0.3727344104  0.2857549503  
0.7506077477  -0.2242250601  0.6215393242  
-0.3302707784  0.9046870147  0.2691888155  
-0.88692124  -0.1043680469  0.4499755824  
0.7934468447  0.5754653845  -0.1981961047  
-0.9668589517  -0.2448787032  -0.07223702746  
-0.110166973  0.4670410138  -0.8773459577  
0.3216822865  0.1729824024  0.9309122381  
0.7405465687  0.6175606436  0.2649710005  
-0.1371259399  -0.5181419301  0.8442306657  
0.5000140006  0.8641795103  -0.0563894773  
-0.3377899266  -0.9321223134  -0.1305601715  
-0.3622369131  -0.1939784889  0.9116779939  
-0.5760555523  -0.4911895509  0.6533703588  
0.03302510513  -0.4407211299  -0.8970363583  
0.378945965  -0.0862728285  0.9213886013  
-0.7009295546  0.462596109  -0.5428651761  
0.777714072  -0.619686255  0.1055924598  
0.9179090137  0.3752837638  -0.1288609298  
0.207605644  0.3983059964  0.8934496235  
0.3735226645  0.4246090214  -0.8247351078  
-0.7415756239  -0.03479356814  -0.6699664183  
-0.5725941436  -0.6903926118  -0.4421470211  
0.5638975888  -0.4337617822  -0.7027590096  
-0.8603596192  -0.3514834449  0.3691079973  
-0.4357938041  0.8097172428  -0.3929907723  
0.8072125747  -0.4971164331  0.3182500765  
-0.6198581461  -0.7419023608  0.2556496935  
0.1587196185  -0.6033707856  -0.7815060958  
0.3563568859  -0.7930003051  -0.4941257795  
-0.9567649692  0.09283628081  0.2756487233  
0.1152550915  -0.2412605849  0.9635920268  
0.131651245  0.7118821711  -0.689849059  
-0.9685707074  0.1395132191  -0.2059292269  
-0.5795416719  -0.2586372563  0.7728118919  
0.3540851342  0.7261115522  0.5893943769  
0.5553330406  0.5306166151  0.6403524199  
0.5890275841  -0.6200623331  -0.5182366335  
0.4802384091  -0.2313676291  -0.8460733364  
-0.5103309297  -0.7065878527  0.4901999069  
-0.3661920127  0.9128873264  -0.1803888556  
-0.8738825309  0.2770828937  -0.3994426019  
-0.3284428153  -0.5599927545  -0.7606138521  
0.1831102844  -0.9152303455  0.3589206575  
0.6790454277  0.2921516876  0.6734572731  
0.1324730488  0.2906771317  -0.9476062982  
-0.04352804403  -0.206124993  -0.9775570554  
-0.1053127749  -0.03717649589  0.993743995  
-0.3690958672  -0.8501788999  -0.375451833  
-0.2606970341  -0.822275854  0.5058650773  
0.9671372424  -0.2434612675  -0.07329505916  
-0.3353130872  0.5599904343  -0.757611937  
0.2495999909  -0.9681674307  -0.01875288303  
0.1048057318  -0.6706459976  0.734336234  
-0.100794688  -0.9937679695  -0.04759888346  
0.1058373489  0.9371913243  -0.3323715952  
0.9676536764  0.1462512561  -0.2055649112  
0.709901586  0.5484191733  -0.4419006094  
0.1063962626  -0.8995670182  -0.4236260322  
0.7503342615  0.0560966967  -0.6586741657  
-0.1271029223  -0.8246832322  -0.5511283097  
0.3641557574  0.6330092375  -0.6831470482  
0.8859968687  -0.3409931184  -0.3142184619  
-0.2739945737  0.7690712281  -0.5774568553  
0.8499902602  -0.1517695803  -0.504462637  
-0.7517010492  0.5736880433  0.3253114839  
0.7494103475  0.3062373333  -0.5870288125  
0.5485982684  -0.4023218852  0.7329236253  
0.5603381509  0.8035485329  0.2008255758  
-0.6940508477  0.7113334664  0.1108968912  
-0.3872708319  0.6282086616  0.674814923  
0.9555333367  0.1068235149  0.2748541051  
-0.08669929096  0.9771805311  0.1939109143  
-0.1495100035  0.009256384764  -0.9887168848  
