1  0  0  
-0.3315317875  -0.9142113634  0.2330327378  
-0.2297529489  -0.6212339638  0.749187523  
-0.4151604227  0.05036543334  -0.9083529857  
0.1937711704  -0.1981185242  -0.9608339003  
0.9109993025  0.3523927881  0.2142419045  
0.7137244192  0.2871727221  0.6388499677  
-0.4039031999  -0.801641781  0.4407183455  
-0.6029925601  -0.5096872315  -0.6136928373  
0.883334295  -0.4455005337  0.1457731038  
-0.2016162184  -0.94196201  -0.2684370916  
-0.9614302754  0.1712664452  0.2152199581  
0.1995023448  -0.9786632025  0.04916452514  
0.5023513124  0.3318461247  0.7984493149  
0.329324148  -0.8230818727  0.4626897842  
-0.2700667892  0.454366032  0.8488907105  
-0.8929962288  0.4335793154  0.1206926369  
-0.8762131116  -0.4808449819  0.03222865787  
-0.5799755277  0.03025687594  0.8140718081  
-0.584349612  -0.1050428818  -0.8046747939  
0.4247622984  -0.8476885847  -0.3178066286  
-0.9689559782  0.2464703492  -0.01940822599  
-0.5983228311  0.7940981902  -0.1068543594  
0.2506469288  -0.2885243535  0.9240832292  
0.427004029  0.6975283532  0.5754317993  
-0.8574658422  0.3558248012  -0.3716732979  
0.7797061016  -0.2482954416  0.5748110723  
-0.5043765895  -0.2110901649  0.837284419  
-0.7821494523  0.2645433857  0.5641445128  
-0.7737932731  -0.04263044054  -0.6320020697  
-0.9686090706  -0.2480937274  0.01568345747  
-0.08238394959  -0.1806740709  -0.980086611  
-0.2196241405  0.9499807423  0.2220401453  
0.7622552195  -0.02615216006  -0.6467480537  
-0.7818985726  -0.5617265092  0.2703663275  
0.9038953534  0.3389198675  -0.2609722465  
0.6129219438  -0.4167480072  0.6713030532  
0.4360227808  -0.68833557  -0.5797225869  
0.7245360283  0.6872871312  -0.05180678471  
-0.007730998742  0.6826994481  -0.7306583985  
-0.623578245  -0.7631288787  -0.1696599152  
0.4138758282  0.8998172151  0.1379702077  
0.7933607579  0.5766191747  0.1951641236  
0.3317631034  0.1919311404  0.9236317884  
0.2331680474  -0.6628249359  -0.7115446339  
0.7648370507  -0.5802413355  -0.2799004796  
0.6451853299  -0.1367685622  0.751684941  
0.7732787309  -0.6339616603  -0.01151596767  
0.7752940176  0.4008015382  -0.4881365723  
-0.2062065405  -0.4180914297  -0.8846911433  
-0.1128420934  -0.4544321145  0.8836051806  
0.03902725266  0.9878130165  -0.150672884  
-0.7853252791  -0.4466321161  -0.4287003135  
-0.3565214077  -0.005212133421  0.9342726152  
0.6310872091  0.6097745307  -0.4794830093  
-0.7041740124  0.5299230409  -0.4725680174  
0.9574492027  -0.1604669444  0.2398778521  
-0.5942155085  -0.7534946448  0.2813427621  
-0.02610711525  0.7886433128  0.6142964624  
-0.2442961441  0.836850472  0.4898986441  
-0.8981927003  0.07843238409  0.4325485341  
0.3764871767  -0.5069452959  0.7754120664  
-0.1497938354  0.9381786324  -0.31206195  
-0.4851081546  0.4909700444  0.7236148794  
0.2541049995  0.2366150038  -0.9377867504  
-0.4342104867  -0.8224252611  -0.3675295133  
0.6372452679  0.6568812287  0.4030204957  
0.2058844493  0.8395644337  0.5027356713  
0.4214004433  -0.2476640698  -0.8724013841  
0.4394306264  0.6392024527  -0.6311267298  
0.7427392801  -0.6222102892  0.2473716189  
-0.8937250331  0.05792791438  -0.4448594406  
-0.3788529679  -0.5303478982  -0.7584204213  
-0.554999565  0.7483224045  -0.363302989  
-0.865046246  -0.1689142751  0.4724012701  
-0.1345184456  0.5026807731  -0.8539419349  
-0.008031846832  0.5941927274  0.8042825947  
-0.009389446513  0.256911822  -0.9663892353  
-0.2364933553  -0.9715900416  0.00914789782  
0.07038196311  -0.8418133975  0.535160334  
0.9664688278  0.09384614768  -0.2390207219  
-0.4739852212  0.2848010925  -0.8332024651  
0.4204638576  -0.9057406763  -0.05332890083  
0.2503704587  -0.6978824932  0.6710250808  
0.3876914652  -0.8965010288  0.2144323512  
0.1239306621  0.9192015451  -0.3737776217  
-0.6165602722  0.7717767491  0.1556087414  
-0.5925865042  -0.4332511516  0.6790689764  
0.02422136021  -0.922375735  -0.3855338236  
0.7043110835  0.2107139061  -0.6778978886  
-0.09243605226  -0.02794942098  0.9953262812  
0.1906917804  0.7951455839  -0.5756562736  
0.6760311525  -0.4959291707  -0.5450102187  
-0.4943213371  0.6421365494  -0.5859241143  
0.6194611132  -0.2765895483  -0.7346877915  
0.004936304479  0.993299041  0.115467086  
0.3800962635  0.4305143958  -0.8186477786  
0.1758597682  -0.0469793668  0.9832935884  
0.5179728758  0.8521372312  -0.07460723318  
0.8592557307  -0.3615631777  -0.3618724331  
-0.5966666594  0.6915169878  0.4071770539  
0.9679974554  0.1024506482  0.2290955936  
-0.8726147849  -0.2072364026  -0.4422629427  
-0.04015601288  0.3874952977  0.9209966823  
-0.1942489667  -0.6808033735  -0.706239411  
