1  0  0  
-0.6895985637  -0.7232460652  -0.0369993256  
-0.06367298624  0.02846505894  -0.9975647805  
0.07188874665  0.4986717035  -0.8638046887  
0.1061579817  -0.1895862341  -0.9761083663  
-0.784161744  -0.1314554593  -0.6064732653  
-0.245198971  0.208543196  -0.9467772705  
-0.3092674189  -0.8067032014  0.5035708574  
0.596191351  0.07235250139  0.7995755052  
-0.3927335874  0.9102391823  0.1312438966  
0.4445162316  0.4811170629  0.7556002194  
0.8006364939  -0.3298365806  0.500188999  
0.5487998011  0.8085078548  0.2124472334  
0.3389852798  0.02194494871  0.940535698  
-0.3241213938  -0.932616798  -0.158654436  
-0.2857911946  0.3453112794  0.8939147126  
-0.8033628697  0.520398826  -0.2894704846  
-0.9702044436  -0.2008186528  -0.1355551778  
0.7897506685  0.0117123212  -0.6133161527  
-0.5064727192  0.1513886118  -0.8488621048  
0.8109130895  -0.4051029301  -0.4222695552  
-0.8771391741  0.09223656095  -0.4712953279  
-0.1251223914  0.9266198685  -0.3545701713  
-0.166800976  0.4528425579  -0.875848761  
-0.4270204575  0.5235241143  0.7372760884  
0.5173450147  -0.8499337033  0.09983404125  
0.2873070714  -0.9472458169  0.1420563586  
-0.6074692433  0.05808324191  0.7922167982  
0.9090856037  0.09169751798  -0.4063925816  
0.7299178624  -0.104656236  0.6754753781  
0.969122367  -0.05260227221  0.2409042106  
0.4013516846  -0.3757235867  0.8353134811  
-0.5252545059  0.7911658022  0.3133119491  
-0.7963116811  -0.2835275941  0.5343218225  
0.9295423983  0.3659112822  -0.04538571724  
-0.9707167178  -0.1615250065  0.1778165516  
-0.1537577965  -0.9297426902  0.3345699778  
-0.6223192403  -0.5309855982  -0.5751287314  
0.881504514  0.3866071937  0.2710805591  
0.03797094373  0.840297094  -0.5407947866  
0.7332802473  0.6005984859  0.3187185869  
0.1674615443  0.8005648648  0.5753716437  
0.8806014057  0.3579015495  -0.3105602118  
0.8014735816  -0.5756671753  -0.1620104973  
-0.005787341847  0.4255750944  0.9049046059  
0.1885082945  -0.5535229926  -0.8112194028  
0.6131705213  -0.7264597861  0.3102871105  
0.674103779  -0.5492934406  0.4938226516  
0.8078253989  0.5663894244  -0.1631598748  
-0.4282356102  -0.2418768188  -0.870695048  
-0.3057509511  -0.5066141115  0.8061380142  
-0.6393947756  0.3245505335  -0.6970231504  
-0.7860386704  -0.370235478  -0.495044341  
-0.1924278655  -0.05226570266  0.9799182685  
-0.7349215158  -0.5438501112  0.4051140853  
-0.165779329  0.9845873795  0.05572168531  
0.6355744748  -0.764555542  -0.1072376345  
-0.6349924044  -0.7424286815  0.2135047991  
-0.6416630426  0.4711027499  0.605252624  
0.4990613532  -0.6771889235  -0.5406967057  
-0.8796882107  0.1691443142  0.4444534318  
-0.5135183192  0.5276592942  -0.6766643223  
-0.2502793947  -0.9635259576  0.09475206339  
0.0561956885  -0.6794047081  0.7316086981  
0.2568339729  0.2888958265  -0.922266508  
0.1144222225  0.9305654875  0.3477864697  
0.6329634975  0.3095342515  0.7096095814  
-0.009091172328  -0.2671287087  0.9636179759  
-0.4470241069  -0.1219494706  0.8861702853  
0.5498433558  0.7082343074  -0.4428052054  
0.1345639038  -0.9488481874  -0.2856215557  
-0.734012035  0.672412304  -0.09533113814  
-0.02323768285  0.69673491  0.7169522126  
-0.08324848623  -0.9910186533  -0.1046504576  
-0.9138551229  0.3518561679  0.2026476044  
-0.4609711863  0.7150078124  -0.5256133499  
-0.2399092363  -0.4028172726  -0.8832790065  
0.2931521177  -0.6200290136  0.727753982  
-0.3468660474  -0.8494232668  -0.3976984523  
0.4871418157  0.8725848514  -0.03589608035  
0.9684209037  -0.1062365928  -0.2255542941  
-0.384702248  0.8569097839  -0.3430886222  
0.3183106258  -0.8539233254  -0.4116956398  
-0.07622910399  0.8528120391  0.5166243797  
-0.8337786208  -0.5440143584  -0.09413601491  
0.4097070459  0.8681836947  -0.2799950158  
0.528301911  -0.2999348132  -0.7943149241  
-0.6386750435  -0.4610229106  0.6160779696  
0.2721632518  -0.7246385971  -0.6331082592  
0.6590204805  0.1911561506  -0.7274278881  
0.1506336857  0.1972774027  0.9687058992  
0.1896939818  0.6960761244  -0.6924552132  
0.882882341  -0.4668156467  0.0510090583  
-0.006748680087  0.9895491512  -0.1440379555  
-0.7300118597  0.2395471543  0.6400779996  
-0.9154372764  0.2955289947  -0.2731981082  
0.49374464  0.3580666645  -0.7924673459  
0.2193159435  -0.8019726363  0.5556441375  
0.5502654029  0.7129230232  0.4346823545  
-0.9703730697  0.2403226797  -0.0249221839  
-0.691792115  0.6158355739  0.3770546585  
0.9088875764  0.154126934  0.3875154987  
-0.3851185705  -0.6827864563  -0.620875464  
0.3760222511  -0.1169222659  -0.9192042485  
-0.1886544653  -0.6069873279  -0.7719947386  
0.4481137978  0.6206971392  -0.6433732087  
