1  0  0  
-0.2657574064  -0.9587574141  0.1007830435  
0.8638413444  -0.2964508067  -0.4073021616  
-0.4061455055  0.2052866227  -0.890451139  
-0.004240433194  -0.001889749915  -0.9999892237  
-0.8788528928  -0.3598335405  -0.3132689194  
-0.6541856579  0.1699104038  -0.7370017501  
-0.3991680757  -0.8723510368  0.2822561177  
0.517256124  0.6177798525  0.5922787824  
0.6477038773  -0.7228843482  -0.2406613938  
-0.2438591372  0.9250951314  0.291087133  
-0.8947698016  -0.2345434195  0.3799689284  
-0.1281503112  0.9680765799  -0.2154187393  
-0.4336329523  -0.4356871583  -0.7887579874  
-0.3655285778  0.5967418279  -0.7143444895  
-0.3555752406  0.3245117126  0.8765035064  
-0.9615104949  0.1857515295  0.2024695965  
-0.7804441932  -0.6206677527  0.07535517269  
-0.471100577  -0.1981587801  0.859533213  
-0.6364388877  -0.4161352993  -0.6494435733  
-0.7123011046  0.392425994  0.5819183583  
-0.9615104474  -0.2556470547  0.1007087035  
-0.517256125  0.8147327629  -0.2620240948  
-0.2704664096  -0.07434264076  0.959854725  
-0.399168187  0.6607244641  0.6356948489  
-0.906093094  0.2772851591  -0.3195438084  
0.7930999381  -0.4783646533  0.3770407758  
0.08127454412  0.2239061992  -0.9712159711  
-0.5917660244  0.2356026794  0.7709113761  
0.793099918  0.2650066171  0.5484195593  
0.9682505567  0.1952608281  0.1560899369  
0.7485808231  0.04534735586  0.6614910193  
0.8788529256  -0.4606675023  0.1241087727  
0.7928685057  0.1368998482  -0.5938164399  
0.6477037893  0.755285339  0.1001192189  
0.8995817147  0.4337908058  0.05077672013  
0.5172179024  -0.380370107  0.7666839134  
0.2891846202  0.6280928707  0.7224068114  
-0.7847909424  -0.584606525  -0.2057629404  
-0.1002197838  0.6241353438  -0.7748619668  
-0.4426210807  -0.8594117689  -0.2559257517  
0.03480207739  -0.8852943498  -0.463726999  
0.89958177  -0.4122369206  -0.1442683624  
-0.4426211358  0.8847152428  0.1461693174  
-0.0819770715  0.3920532447  0.9162827146  
0.004240360343  -0.439508897  0.8982282276  
-0.8533862935  0.1171047025  -0.5079550401  
-0.9682505518  0.2438906625  -0.05484718536  
-0.7123009849  -0.607589147  0.3513726445  
-0.1969504577  -0.428779174  -0.8816796114  
-0.355575145  -0.6755034365  0.6459577568  
-0.598515287  -0.213425594  -0.7721586411  
-0.6026490346  -0.7111873575  -0.3619760815  
-0.3704189983  -0.7813451981  -0.5022842294  
0.509407849  0.7350775805  -0.4473975794  
0.6364387631  -0.6584687933  0.401702065  
-0.7327584953  0.6577475353  -0.1744510461  
0.6114831264  0.7691978941  -0.1855343253  
0.5094079718  -0.4650052999  -0.7240673928  
-0.4725797119  0.7907163855  0.3891478043  
-0.6401986326  -0.03372695804  0.7674686985  
-0.2655741646  -0.008992226352  -0.9640484962  
0.1969504267  -0.7715127571  0.6049616476  
0.7327585521  0.514980603  0.4448144364  
0.1841407826  0.5742546087  -0.7976990765  
0.2009629066  0.9017632548  0.3826708017  
0.2438590698  0.959163086  0.1433140904  
-0.1213287381  0.7238443945  0.679211771  
-0.2704663359  -0.3533996993  0.8955203033  
-0.03509341488  0.8852778835  -0.4637364781  
0.6026490471  -0.7978822677  0.01407170454  
-0.7847909942  0.6156853719  0.07095504369  
0.1281501884  0.7760504409  0.6175137589  
0.3704190573  -0.9223877105  0.1095017515  
0.1841408456  -0.1670478676  -0.9686006189  
0.2655740261  -0.4301592682  0.8628055636  
0.1002198396  0.2218924357  0.9699070732  
0.1640121056  -0.2216073203  0.9612441026  
3.358586062e-08  -0.9744396264  -0.2246495372  
-0.08197702668  -0.7536435677  0.6521511634  
0.9698648613  0.05473443213  -0.2374158645  
-0.5985155792  0.5299456731  -0.6007800638  
0.2657575119  -0.8178610455  -0.5103687442  
0.289184686  -0.8809767749  0.3745025226  
0.2009629918  -0.9782828652  -0.05075934988  
-0.121328631  -0.948152286  0.2937458184  
-0.9060931708  -0.1093967677  -0.4086899963  
-0.591765926  -0.5493386621  0.5899492547  
-0.7804442884  0.5250290518  0.3394866824  
0.7678143174  0.4011040578  -0.4995765294  
0.863841254  0.4448516696  -0.2364006766  
0.2485131022  0.8383009812  -0.485275904  
0.7678143764  -0.1418965835  -0.6247611087  
-0.433632951  0.7370409871  -0.5183946828  
0.4431718413  -0.08009037028  -0.8928517523  
-0.03509333726  -0.5928918097  -0.8045170972  
0.6401986019  0.3056865273  -0.704770528  
0.7485812968  -0.3303806283  0.5748692743  
0.4725796119  0.8812802927  -0.00368185321  
-0.894769831  0.04451370735  0.4443033641  
0.6114832393  -0.6103292773  -0.5035736504  
0.9680466933  -0.05633533634  0.2443602454  
0.03480196951  0.9989638733  -0.02932580494  
0.3655285596  0.2237592308  0.9035046645  
0.2485131984  -0.5412261945  -0.8033152536  
0.4431717499  0.4629102237  -0.7676671967  
0.5172181307  0.006311794557  0.8558303375  
