1  0  0  
0.6074369987  0.7893135804  -0.08946711364  
-0.122197116  -0.7396090632  -0.6618506617  
-0.292230375  0.2367878908  -0.926570506  
0.2357715542  -0.1149580668  -0.9649851901  
-0.02653995902  0.9534233124  0.3004656685  
-0.7242666834  -0.06658005799  -0.6862979435  
-0.4079035086  -0.8994037633  0.1571228763  
0.5796948317  0.6935603876  0.4277007025  
-0.700597846  0.6586171063  -0.274565412  
0.214830502  0.955648102  0.2014561008  
-0.8482356989  0.3877737875  0.3607321566  
-0.02440482743  -0.9979393095  -0.05934255577  
-0.9137001201  -0.1616728074  -0.3728458045  
-0.1281033124  0.9831280993  -0.1305706005  
-0.5070613164  0.4422542982  0.7397972406  
-0.5915408782  0.8026835642  -0.076016348  
0.8943451413  0.2652126391  -0.3602901945  
-0.4864130021  0.05565138036  0.8719548815  
0.861737819  0.395085116  0.3183012448  
0.6224369968  0.3464048378  0.7018374978  
0.967179744  -0.2093852462  -0.1439484684  
-0.2193194448  0.969235713  0.1117189055  
0.3380747414  0.1296128984  -0.9321512569  
-0.1249649587  0.6938518354  0.7091920682  
-0.76873241  0.4650130586  -0.439105155  
0.6298359522  -0.4324280667  0.6452229385  
0.7984171188  -0.5640069135  -0.2107754869  
0.6984275609  -0.4282310503  -0.5734257666  
0.8931181676  -0.2564852426  0.3695338402  
0.8603254036  0.470997905  -0.1949388964  
0.7922638915  0.261435002  0.5513344412  
-0.9683341134  -0.04908280053  0.2447854641  
-0.7080129505  -0.650589708  0.2746828968  
0.7684517173  0.4575855498  -0.4473225042  
-0.5741719002  -0.1795600457  0.7988021151  
0.1825202399  -0.6742583789  0.7155850757  
0.4829401857  -0.3346375605  0.809188779  
-0.9605211664  -0.2569389841  0.1066838663  
-0.1146018283  -0.8429591513  0.5256294229  
0.755877635  0.6042435908  0.2520688079  
0.3604607508  0.7396046415  0.5683775343  
-0.1243846373  0.836596657  -0.5335114764  
-0.1796052831  -0.3300718378  0.9267116726  
0.286479634  -0.5400480966  -0.7913769473  
0.3639964703  -0.7628670327  0.5343598601  
-0.7662674075  0.2373453555  -0.5970774174  
0.7737389012  -0.6325401315  0.03494416829  
-0.3368492096  -0.7486482519  0.5710152405  
-0.2962138982  -0.1692039269  -0.9400145518  
-0.2300630027  -0.5507519108  0.8023361811  
-0.7091531883  -0.4976433822  -0.4994525199  
-0.8947430986  -0.4411081966  -0.06970183966  
0.9681408399  0.2090038541  0.1379155651  
-0.5941939633  -0.6213952723  0.5106872325  
-0.5839287418  0.6411856875  -0.4979037444  
0.8635091719  -0.4612716813  0.2039125944  
-0.6051446858  -0.7778306559  -0.1696448644  
0.3075422783  -0.7627601027  -0.5688714905  
-0.06729119296  0.8512128959  0.5204887138  
-0.7922370794  0.2020726304  0.5757838675  
0.2553512598  -0.4677359599  0.8461789444  
-0.01475200635  -0.9480043386  0.3179153224  
-0.4110320854  -0.8483113095  -0.3337971644  
0.08981239316  0.08257832771  -0.9925293718  
-0.2708942441  -0.575133348  -0.7719053961  
0.4047699047  0.3772948539  0.8329525301  
-0.9667261722  0.04181814932  -0.2523722457  
0.7099685628  0.003587664462  -0.7042242317  
0.502620636  0.7857082985  -0.3606036134  
0.4945385006  -0.810113462  0.3148775162  
-0.9048934261  0.4221301495  0.05453461597  
-0.1540441601  -0.3713278158  -0.9156342337  
0.3735492996  -0.9216153041  0.1052907979  
-0.9633392669  0.2429408781  -0.1138296383  
0.07229800643  0.7033284297  -0.707178986  
0.132760507  -0.3693648453  -0.9197522813  
-0.01329464143  0.5137627908  -0.8578292646  
-0.7719746478  -0.6356251014  0.005989450857  
0.2690075242  0.8962262398  -0.3527229493  
0.4454646067  -0.8841041277  -0.1411423943  
-0.6231572557  0.1372955818  -0.7699512698  
-0.2570483928  0.9059385397  -0.3364542852  
0.05936359904  -0.2857313732  0.9564693123  
0.4104298441  0.9085345238  0.07818159655  
0.1816941219  0.977096876  -0.1107652515  
-0.5395897204  -0.1521561526  -0.828064876  
-0.6185872379  -0.40869731  0.6710561362  
-0.1799815457  -0.8765091968  -0.4464731471  
-0.8672458511  -0.0450086445  0.4958415631  
-0.6730763673  0.6123346673  0.4147462586  
0.4372325916  0.5733310635  -0.6929063086  
0.9153257731  -0.1600094154  -0.3695615186  
-0.4258747368  0.5766369604  -0.6972234394  
0.6158178541  -0.2267862209  -0.7545438228  
0.2706169431  -0.8963279082  -0.351230339  
0.7649369564  0.2378963057  -0.5985622779  
0.4310361816  -0.04794898022  0.901059768  
-0.5054468606  -0.5612766627  -0.6553563756  
-0.6430207769  0.746274628  0.1720420301  
-0.4920818412  0.7831489711  0.3801751578  
0.8611224409  -0.03405667582  0.5072556404  
-0.3735045437  0.294406346  0.8796699718  
0.0145366418  0.1724642872  0.9849085012  
0.01611398444  0.5507268777  0.8345299549  
0.4132967845  0.36057512  -0.8361646673  
0.1595604203  -0.03224072842  0.9866615467  
0.497140169  -0.6282432232  -0.5984664609  
