1  0  0  
0.6165873462  0.7847448336  -0.0632106844  
0.1184117795  0.3406882775  -0.9326897384  
0.3033760775  -0.2419268485  0.9216476309  
-0.2362771084  0.1741954919  0.9559440667  
0.9025319064  0.1163114735  0.4146176541  
-0.4566677371  0.0367484653  -0.8888780165  
-0.5559333351  -0.7776637011  0.2935596955  
-0.6828743511  -0.5094383835  -0.5235982754  
0.6199294604  -0.76221425  0.1863247199  
0.2257537109  0.953261329  0.2008185762  
-0.8928995849  0.4284063604  0.1385580085  
0.1965171915  0.9794453746  -0.04547253623  
-0.7924782277  -0.02888681909  -0.6092157339  
0.05931658061  -0.9128570241  0.4039475173  
-0.2000539403  0.4672331508  0.8612035786  
0.6023051818  -0.7935062495  -0.0870419434  
0.8768409888  0.4645882964  -0.1237238666  
-0.4150925918  0.3058596767  0.8568243685  
-0.9667578051  0.0692754192  -0.2461305804  
0.3682424745  -0.827370177  -0.4240944118  
0.8826818893  -0.4591153306  0.1004280615  
-0.4414438971  0.8929724632  -0.08790600487  
0.06504988305  -0.1796797051  0.9815720637  
0.07129409246  0.7912059802  0.6073798229  
-0.7275133876  0.2726015917  -0.62961309  
0.7667220051  -0.4422927968  0.4653111312  
0.7621317319  -0.02100606665  -0.6470811143  
-0.7612418711  0.2695389795  0.5897961954  
0.9702477155  -0.2370657883  0.04918518683  
-0.9637774276  -0.1862341472  -0.1909186018  
0.6473325044  -0.08638163379  0.7572970633  
-0.4027659531  0.8966659524  0.1837654941  
-0.8705090059  -0.1389006877  0.472144755  
0.7946798236  0.4337469308  -0.4246734957  
-0.969285576  -0.2410496539  0.04879074229  
0.1950286645  -0.6392314345  0.7438729685  
-0.6260757248  -0.1616852568  -0.7628152231  
0.8954059985  0.4257189134  0.1304281587  
-0.2227351271  -0.6889778868  0.6897090217  
-0.7761700932  -0.6294486695  -0.03680161684  
0.5593994257  0.7059928774  0.4343343637  
0.3942299119  -0.5360906567  -0.7464513275  
0.7620645934  0.2803367248  0.5836684642  
0.06866202072  -0.6527912159  -0.7544197475  
0.9682043864  0.04814223498  -0.2454844015  
0.3651642374  -0.4781840412  0.7987459561  
-0.7647960954  0.6442697831  0.001838205682  
-0.645027426  -0.4514220231  0.6165693609  
-0.1962849302  -0.2679929329  -0.943213663  
-0.2946517719  -0.4780032047  0.8274619445  
0.8704043446  -0.1536862828  0.4677358265  
0.7557736066  0.5861646891  0.2919198738  
0.2491820549  -0.8159064871  0.5217326018  
-0.9135271788  -0.2876141913  0.2876563409  
-0.6085462457  0.6537681283  -0.4497318105  
-0.7653836024  0.5855400804  -0.2670781822  
-0.7460968773  -0.6199129018  0.2429967981  
0.1313106643  -0.8548742828  -0.5019436921  
-0.1714139443  0.9448270745  0.2791398557  
-0.8923524762  0.1128632366  0.4369999406  
-0.1306868663  0.4225047136  -0.8968894636  
0.1647092547  0.8446089233  -0.5094179307  
-0.6125701038  -0.7673571231  -0.1895281341  
-0.3568182826  -0.2239518881  0.9069323376  
-0.7023127711  0.5217130281  0.4843266334  
0.5649815691  0.40007993  0.7216175415  
-0.5822360912  0.7418864255  0.3325743012  
0.6043788571  -0.1618898246  -0.7800755616  
0.6158357974  0.6332206965  -0.4688046716  
0.4469993423  -0.8165592373  0.3652705845  
-0.9001543828  0.3194874598  -0.2960571739  
0.2282847755  0.652121389  0.7229272129  
-0.2597295705  0.9309877287  -0.2565197833  
-0.3434827656  -0.4511807861  -0.8236840948  
-0.02617205781  0.768487641  -0.6393291554  
0.04313026822  -0.3150542144  -0.9480931505  
0.04733061122  0.5727405047  -0.8183691878  
0.4092073849  0.8578187508  0.3109602978  
-0.390999754  -0.7880167791  0.4755509943  
-0.9605267919  0.1936477467  0.1997218871  
0.5844861517  -0.4875186329  0.6486150792  
0.2306729769  -0.9729317621  -0.01391991757  
-0.03803037883  0.9882108801  -0.1483001916  
-0.4294893602  -0.9016250045  -0.05110030024  
0.3839893774  0.9010378953  -0.2016999486  
-0.1697280531  -0.9404856202  0.2944132914  
0.7329757887  0.2355975751  -0.6381538026  
-0.08845905683  -0.9178293649  -0.3869938657  
0.1796758081  0.08266705455  -0.9802462762  
-0.4592492977  -0.6162911592  -0.6397462698  
0.4467059929  0.6033578459  -0.6606156717  
0.8542225849  -0.3618125055  -0.3733570493  
-0.4165281348  0.6696399386  -0.6148875227  
0.594545782  -0.4124878294  -0.6901949751  
0.001733740806  -0.9930449865  -0.1177227629  
-0.5907066094  -0.1088466833  0.7995111639  
-0.5206170942  0.2916359708  -0.8024377245  
-0.8549654369  -0.3647854546  -0.3687352353  
0.7590242765  -0.6005708285  -0.2513897923  
-0.2721395159  0.716232056  0.6426132008  
0.4228987687  0.2147290042  0.8803681538  
0.4216644563  -0.02862446021  -0.9063000202  
0.006620542269  0.07555658703  0.9971195368  
0.0911000792  0.500077861  0.8611753065  
0.5115164768  0.3537048087  -0.7830988458  
-0.2397870268  -0.0152920494  -0.9707050711  
0.5116481818  -0.6529737863  -0.5584275893  
-0.3049485604  -0.8000034589  -0.5167212414  
