1  0  0  
-0.4472033115  -0.8763539488  0.1789216437  
-0.9667151195  -0.0342408021  -0.253553634  
-0.4329709435  0.1848665575  -0.8822474245  
-0.3912328644  0.1412825724  0.9093822522  
0.7053955969  0.6108181668  0.3596084245  
-0.3605080599  -0.05413319365  -0.9311839432  
-0.1701075396  -0.9765658167  -0.131843205  
-0.7767657623  -0.3964661242  -0.4893358386  
0.5875253916  -0.8005473311  -0.1180588197  
0.2132404401  -0.9752987562  -0.05762682389  
-0.908694031  0.2730409292  0.3157907679  
-0.002221966033  0.9995733272  -0.02912432799  
0.8645716786  0.1046890805  0.4914834779  
-0.04523668683  -0.8540054053  0.5182937486  
0.3557556382  -0.5339093807  -0.7670584717  
-0.8971910358  0.4368412907  -0.06494560891  
0.7662622956  0.636422638  0.08836469938  
-0.5052460632  0.3121042925  0.804560331  
0.905281235  0.2669395301  0.3304681117  
0.5110486116  -0.7784697286  -0.3644368235  
-0.9672630678  0.2413733269  0.07836500953  
-0.3679161216  0.9032404169  0.2208947186  
0.2043267143  -0.1442766243  0.9682121924  
0.07560792589  0.7107227049  0.699397368  
0.723225316  -0.5222289415  0.4519093659  
-0.7705169553  0.3194204786  -0.5516105324  
-0.7763830211  -0.04318502753  0.6287801349  
0.7841065135  -0.413496793  -0.4628146255  
0.7692502657  -0.07867738672  0.634085087  
0.9675415655  0.2352863851  0.09221516125  
0.5929601965  -0.01115716486  0.8051544716  
0.1043748361  -0.9571742848  -0.2700431115  
-0.7861925059  -0.2996956015  0.5404478606  
0.6273041929  0.7775063594  -0.04442196136  
-0.9664697224  -0.2000963632  0.1609276889  
0.3141799395  -0.6000726195  0.7356655605  
0.5071761549  0.2230974154  0.8324661502  
-0.9028028523  -0.4286745847  0.03442543116  
-0.09827437751  -0.6904554416  0.7166682844  
-0.5884646892  -0.779723585  -0.213870149  
0.3446734391  0.6584542787  0.669057683  
-0.4160115364  -0.4607614921  -0.7839854902  
0.9020728802  0.1318022803  -0.4109655432  
-0.09294914153  0.5533627848  0.8277379329  
-0.72127192  0.6394785484  0.266146583  
0.4594005056  -0.4153486573  0.785134809  
-0.7649419398  0.6437945207  0.01981019404  
0.8765850317  0.3762029252  -0.3001167128  
0.6260621629  0.3806859617  0.6805324142  
-0.3725389533  -0.5810920812  0.7235652848  
-0.7219378704  -0.1691563733  -0.6709633616  
-0.8569354413  -0.4657062818  -0.2208603823  
0.1969608677  -0.8779858199  0.436288112  
-0.7334493988  -0.5252663962  0.4314477864  
-0.389301314  0.7428931494  -0.5445679531  
0.7708301646  -0.5967180494  0.2230435538  
-0.6352311579  -0.7140204985  0.2943740882  
0.1896207128  -0.7169162888  -0.6708763077  
-0.2710524568  0.8511033879  0.4496149338  
-0.4380059307  -0.3645695393  0.8217297948  
-0.2441424423  0.381008269  -0.8917551047  
0.2813503426  0.7627598877  -0.5822708463  
-0.5855724337  0.7089185149  -0.3931150776  
-0.2383944402  -0.2776332612  0.930638417  
0.2706655718  0.3018380095  0.9141301681  
-0.5764912886  -0.5805775046  -0.5749674385  
-0.1738174924  -0.5299377827  -0.8300321836  
-0.6149911159  0.07037140405  0.7853876704  
0.7910216938  0.5880752799  -0.1686776367  
-0.6139191415  0.7757879616  -0.145795495  
0.8732730126  -0.3740213092  0.3122535921  
-0.2500530321  0.3601976455  0.8987386368  
0.4157677657  -0.857175488  0.303952871  
-0.2197585261  0.9565716494  -0.1915120619  
-0.07899767226  0.5577702716  -0.8262273851  
0.1244647447  -0.1630129969  -0.9787416871  
0.005580734685  -0.3371088977  0.9414491205  
0.1136559818  0.9281464269  0.3544383277  
0.230225163  0.9055565285  -0.3563197273  
0.9676374774  -0.03939131289  -0.2492509515  
-0.5592023163  0.5513083339  -0.6191541734  
0.4283484134  -0.9024669508  0.04550867454  
0.3554076849  0.8864154668  0.2965687067  
0.4185112204  0.9059789536  0.06364349175  
0.2272536336  0.9670451128  -0.1148021593  
0.5871028451  -0.4700808205  -0.6590404172  
0.6110187227  0.4404237441  -0.6577864745  
0.03780259163  -0.850354973  -0.524849868  
0.2560425221  0.04392712725  -0.9656669376  
-0.897427743  0.1423338654  -0.4175697749  
-0.4403380177  -0.800528145  0.4065182888  
-0.8636731641  0.1225056152  0.4889386871  
-0.1422264216  0.7486382759  -0.6475433397  
0.7204776691  -0.248278597  -0.6475103602  
-0.005141521027  -0.9592658976  0.2824579658  
0.6419619803  0.208139951  -0.7379448331  
-0.6292364539  0.2656737215  -0.7303964395  
-0.4825629065  -0.75264209  -0.4479541558  
0.8640135546  -0.4674860298  -0.1869154607  
-0.4226633329  0.6897977448  0.5878220634  
0.9657953679  -0.1990980311  0.1661303144  
0.4689809069  0.1156628576  -0.8756020856  
0.02694146991  0.09372828112  -0.9952332222  
-0.02080677602  -0.3575494392  -0.9336623997  
0.5399691488  0.6392372451  -0.5475482288  
0.1214065596  0.1133958493  0.9861043701  
-0.6362316391  0.6040479919  0.4799326254  
-0.2371837511  -0.8151966862  -0.5283921187  
0.1783832075  0.4981765251  -0.8485278906  
