1  0  0  
0.4916501368  0.8444476252  0.2125755189  
-0.969085941  0.08603558873  0.2312364946  
-0.3733457082  0.02182031739  -0.9274356344  
-0.2240569793  0.1347700243  0.9652126763  
-0.7744389493  -0.51939602  -0.3612092027  
-0.6345213513  0.2804066895  -0.7202463074  
0.5961274911  0.8028897148  -0.0003468052758  
-0.7665282781  -0.3380489978  -0.5460377953  
-0.6267862611  0.7194099617  -0.2993130299  
0.1211831912  0.8927649657  0.4339185986  
-0.8526088681  0.5103251311  0.1123671598  
0.1363906367  0.990608159  0.009647259093  
0.6937307513  0.1573697226  0.7028317118  
-0.2187718877  0.9486736433  -0.228379464  
-0.1627178018  0.3817786068  0.9098175709  
-0.581903151  0.8120726546  -0.04389449276  
-0.9097297612  -0.3994507747  0.1132732985  
0.6243774686  -0.1925924668  -0.7570078721  
-0.8593251284  -0.118860216  -0.4974259469  
0.4536556663  -0.6557019943  -0.6035324607  
0.8948047493  -0.4323125267  0.1114914342  
0.4848222915  -0.8528918529  -0.1937081127  
-0.3719626168  -0.8234872103  -0.4283837371  
-0.07674962162  0.5941053478  0.8007173854  
-0.6557842803  0.52478283  -0.5427245702  
0.4979452133  -0.4805682357  0.7218758449  
-0.775451355  0.04673751373  0.629675155  
0.8783446331  -0.1635136619  -0.4491925955  
0.9015612119  -0.1072807892  0.4191398496  
0.8738245955  0.4657445628  0.1396874315  
0.5873277094  -0.04680887421  0.807994487  
-0.2508035826  0.9413734805  0.225640274  
-0.9035295257  -0.07705130495  0.4215418041  
0.7963893199  0.5293123312  -0.2925619716  
0.9687334006  0.1667727157  -0.1836912076  
0.0917852637  -0.6061994502  0.7899985392  
-0.4849789182  -0.1897242353  -0.8536979345  
-0.9679423471  -0.2405847673  -0.0721566523  
-0.3121225239  -0.6819208592  0.6614858062  
0.5760263945  0.706412813  0.4113083156  
0.2451492857  0.7545869111  0.6086874579  
-0.1185090359  0.9929278581  0.007062367607  
0.5823096495  -0.7179065404  -0.3814782712  
-0.2303036436  0.7354502351  0.6372387178  
0.4997942241  -0.7020968231  0.5072137465  
0.7811527893  -0.3167768067  0.5380081547  
0.7592359496  -0.6443692557  0.0913730554  
-0.6102046737  -0.6626065014  0.4342843314  
0.2577801119  0.22905679  0.9386598963  
-0.3801459217  -0.4621507744  0.8011902021  
-0.7691936  0.07683111528  -0.6343801585  
-0.7044240905  -0.6830753181  -0.1928595617  
0.3970382783  -0.2923053067  -0.8700104673  
-0.8757411471  -0.3123976416  0.3680830842  
-0.3358504183  0.6496114902  -0.6820626132  
0.7747186149  -0.5392082447  0.3302507177  
-0.7906261294  -0.6114545272  0.03215096705  
-0.006717482253  -0.7701312604  -0.6378500742  
-0.364492753  0.826999484  0.428038417  
-0.8898103281  0.342070845  0.30203496  
-0.02897517617  0.3923111311  -0.9193761013  
0.404434145  0.7883063663  -0.4636874973  
-0.02312642315  -0.977035936  0.211815836  
-0.4456283993  -0.2253873409  0.8663809072  
-0.4289055163  -0.6168609659  -0.6599413662  
0.5678816631  0.3806318065  0.7298149385  
-0.9711588015  0.173557148  -0.1634885273  
-0.4630552269  0.04988669096  0.8849243894  
0.6660510831  0.7153363225  -0.2113525502  
0.445672611  -0.8605152954  0.2467576749  
-0.8856515509  0.3296562142  -0.3270292202  
0.1750112186  0.6022246321  0.7789072897  
-0.3102570257  0.8384198545  -0.4480990131  
-0.5422147359  0.4239501367  0.7254443202  
0.08618448121  0.7545135437  -0.6506009127  
0.001808379871  -0.1900213771  -0.9817782876  
0.1480569889  0.5590114311  -0.8158341424  
-0.2567137627  -0.9399568355  -0.2248981802  
-0.471966884  -0.8490756337  0.237313777  
0.9606226167  -0.2692205734  -0.06873478864  
-0.2757747596  0.4536621834  -0.8474307673  
0.3598839727  -0.9329330577  0.01092868041  
-0.05679239548  0.9014185518  -0.4292076634  
-0.3760882221  -0.9265593441  0.006740258134  
0.2544493001  0.9384432879  -0.2336230917  
-0.1805806151  -0.8712071867  0.4564960891  
-0.7249692184  -0.448215489  0.5229937933  
0.0006427138618  -0.9732378539  -0.2297991876  
0.2685659452  0.09190003396  -0.9588674136  
-0.3501513103  -0.4348195116  -0.8296541763  
0.52446619  0.568485672  -0.6338448204  
0.7684067473  -0.5400399053  -0.3433773018  
0.1467745231  -0.774885826  0.6148245246  
0.7542730053  -0.3227744232  -0.5717419919  
0.6313993183  0.08776105541  -0.7704757608  
0.7776683229  0.2083560797  -0.5931439317  
0.4355084254  -0.2594090394  0.8619973096  
0.6286167064  0.5380758965  0.5615294881  
-0.6935216438  0.7037696336  0.1540650265  
0.3214882881  -0.5332729715  -0.7824737814  
0.965163331  0.06655989154  0.2530405608  
-0.2042679275  0.2280111585  -0.9519902969  
-0.04075583949  -0.1330411163  0.9902721964  
-0.08927209308  -0.4131869441  -0.90625992  
0.6042856439  0.3429964998  -0.7191608038  
0.1435308975  0.01053387745  0.989589773  
-0.6506882934  0.5319196695  0.5419097803  
0.1264632461  -0.8861634328  -0.445781805  
-0.2052791589  -0.3298107849  0.9214582536  
0.8985170946  0.2973388904  0.3228879295  
