1  0  0  
-0.1781586093  -0.9834705142  0.03233044568  
0.900626672  -0.4023983655  -0.1641558806  
-0.3429091326  0.01888270109  -0.9391787744  
0.1711039697  -0.04349803425  -0.9842923105  
0.7679748702  0.6403655977  0.01210371813  
-0.7147204237  -0.4234742575  -0.5566365683  
0.02663144728  -0.981373155  0.190256397  
0.1551594314  0.7884838172  0.5951628524  
-0.9644841604  0.1614914096  0.2090235131  
-0.478393571  0.8781400504  0.003105337323  
-0.9656130205  -0.08491547388  0.2457251653  
-0.6209439377  0.6902266422  -0.3715047895  
0.5040789874  0.5434178553  0.6712685074  
0.3792251848  -0.2479876749  0.8914540775  
-0.4130481038  0.05619117763  0.9089740456  
-0.88863851  -0.455071028  0.05685031335  
0.5737706237  0.8168996914  0.05884016998  
-0.7084318212  -0.2665659444  0.6535035975  
-0.3975485291  -0.7358887922  -0.5481084314  
-0.7725857857  0.2402610259  0.587695366  
-0.9642520428  0.094937586  -0.2473961454  
0.7775369794  -0.6275042729  -0.04092228273  
0.2314056752  -0.9038875814  0.359775838  
-0.3678948477  0.484176172  0.7938682608  
-0.7689150855  -0.1804636317  -0.6133534617  
-0.8552897524  0.212984737  -0.4723525603  
-0.08232549775  -0.02198542352  -0.9963629628  
0.9053136058  0.3279778636  -0.269884783  
0.612848783  0.6377034887  0.4666375785  
0.9022301232  0.3975644949  0.1671025948  
0.5921160544  0.320351848  0.7394411888  
-0.7676998521  0.575505027  0.2818348825  
-0.5010109313  -0.3224623492  0.8031227055  
0.4151992459  0.9029498122  -0.1108657875  
0.8716053127  0.2786618828  0.4033010463  
0.694115292  -0.3215702588  0.6440469937  
-0.2649889052  -0.619500203  -0.7389183843  
-0.6966631177  -0.6806969427  -0.2265219034  
0.1203909138  -0.6309581717  0.7664188238  
-0.3575933968  -0.9236674218  -0.1377151282  
-0.179247021  0.9250592693  0.3348669194  
-0.8664647788  -0.1815824806  0.4650447181  
-0.3440869059  0.7929152592  0.502881291  
0.2521107654  -0.2748628539  -0.9278418904  
-0.7937170559  -0.5057452885  -0.337986595  
0.6158497871  0.06669000724  0.7850359754  
0.5823537687  -0.567352884  0.5822154181  
-0.6325104933  -0.7545036661  0.1750848186  
0.1204657505  0.4592422836  0.8801048391  
-0.2536156535  -0.6988501123  0.6687956496  
-0.3627200829  -0.4134288516  -0.8351710759  
-0.5026744533  -0.8062461272  -0.3119063583  
-0.5834439325  0.700848983  0.4103704189  
-0.4572323108  -0.8220366202  0.3394030187  
-0.8897209432  0.4514921008  -0.06746499953  
0.8951217347  0.03540576936  0.4444136716  
-0.2179812488  -0.9392300511  0.2652000874  
0.6046385946  -0.4026318649  -0.6872406793  
0.7092796935  -0.4965592921  -0.5003510626  
-0.6027347876  -0.4927041654  0.6276570571  
-0.4985050559  0.4189304155  -0.758940061  
-0.4222430821  0.7634141331  -0.4887838387  
0.7752538768  0.02479508628  -0.6311629189  
0.1126703672  0.5748056406  -0.8104960604  
-0.03871289556  -0.9094187731  -0.4140758467  
0.1147798889  0.9718655379  0.2056768175  
0.01036382588  0.658201259  0.752770678  
0.5847330856  0.09944573509  -0.8051072999  
0.006853226191  0.9061944767  -0.4228056335  
0.9005047045  -0.3357616096  0.2763248427  
-0.9657493488  -0.1517826273  -0.2104524396  
0.1067423894  -0.8113895655  -0.5746764614  
0.7815796798  -0.5772616005  0.236436564  
0.3617731427  -0.6244491121  0.6922308138  
-0.2571207199  0.4515423018  -0.854399488  
-0.01858852283  0.2597149975  0.9655063888  
-0.02282843988  0.4058347077  -0.9136613444  
0.2839184192  -0.9507992635  -0.1239802073  
0.1988017686  -0.791868131  0.577427675  
0.9722587889  -0.2313401235  0.03456290816  
-0.5746828009  0.1613810784  -0.8023065661  
0.6240157216  -0.7637974609  -0.1649782346  
-0.7631247754  0.4611936174  -0.4527041246  
0.4555792536  -0.8532276669  0.2538702268  
-0.2627172485  0.957116403  -0.122097659  
0.3427095111  0.1662912317  -0.9246066284  
0.2490006902  0.842443855  -0.4777938965  
0.4882529354  -0.6169275443  -0.6172596506  
0.7886823664  0.5638992395  -0.2449444276  
-0.6456797613  0.7540698728  -0.1203173837  
0.03316488894  0.7759559554  -0.6299146335  
0.8973455131  -0.07509562145  -0.4348927199  
0.7621551662  -0.0721286475  0.6433637858  
0.7774451445  0.4252454484  -0.4634062537  
0.1558033163  -0.2067961384  0.9658988993  
0.4622241831  0.6910322549  -0.5557186583  
-0.4405988767  -0.1832347661  -0.8788046713  
-0.06560611504  0.9959694973  0.06116042914  
-0.8616849821  0.3297623048  0.3856887526  
-0.471828996  0.2751764389  0.8376486889  
-0.9721369938  -0.2321022513  0.03283611145  
0.431732572  -0.8554904124  -0.2859075733  
-0.09288686812  -0.1861504197  0.978120673  
0.1268425682  -0.4839928817  -0.8658301527  
0.3878352518  0.5249103025  -0.7576628484  
0.2174504824  0.2255078681  0.9496638822  
0.6389720545  -0.1316986558  -0.7578721381  
0.2430104362  -0.6653491264  -0.7058728412  
-0.2392494876  -0.3800846298  0.8934737584  
0.2819536228  0.8805516411  0.3809605778  
-0.6434607781  -0.6448033494  0.4125371107  
