1  0  0  
0.01894422702  -0.9997523461  0.01167744435  
0.9676817536  -0.07943422652  0.2393370581  
-0.4160373559  -0.141363884  -0.8982923638  
-0.05557598832  -0.02707005636  0.9980874318  
0.6307083636  0.383979031  -0.6743641923  
-0.6164459889  -0.4420723359  -0.6515875939  
0.1376994068  0.9675297207  -0.2119554503  
0.3781712458  0.7857687329  0.4894425474  
0.9040254576  -0.3285277379  0.2735095931  
-0.3991117832  0.9017287332  0.1661176576  
-0.9713254269  -0.1894254543  0.1436833753  
-0.608651716  0.7485968177  -0.2629560669  
0.4144972207  0.6018587287  0.6826112545  
0.7247579238  -0.6865334624  0.05829028142  
-0.4974037675  0.1325399503  0.8573346217  
-0.9655701921  0.2544779583  -0.05399234037  
-0.2420486528  -0.970192549  -0.01178421113  
-0.7728811826  -0.4273974487  0.4690267567  
-0.5742851929  -0.643465582  -0.506111215  
0.7573202774  -0.2796555664  -0.5901345285  
0.4681123859  -0.6098374771  0.639506877  
-0.8733632228  0.4841074202  -0.05363475328  
-0.6281224751  0.4213877321  -0.6541364809  
-0.4228629408  0.511899822  0.7477603262  
0.9080926858  0.09643196115  0.4075150929  
0.7267287938  -0.1987140983  0.6575545357  
-0.4319640852  -0.5358610558  0.7254377699  
-0.8781864478  -0.4192169703  0.2303165098  
0.759591395  0.4706452597  0.4489030544  
0.7879949114  0.2608869063  0.5576755703  
-0.4374335095  -0.3812433219  -0.8144356661  
0.7992438576  -0.4513083601  -0.3969005168  
0.7247078443  0.6153186973  -0.3101313289  
0.476438072  0.8774959255  0.0548421758  
0.7027866438  0.6446206658  0.3009237952  
0.5301176348  -0.236746038  0.8142030501  
-0.1969170018  -0.7318900581  -0.652350088  
-0.6783131468  -0.7302434931  -0.08145990225  
-0.2670126812  0.7377805231  -0.6199871997  
-0.3152804497  -0.9145512601  -0.2533658042  
-0.4646770777  0.67938867  0.567896336  
0.2217621709  -0.5742850581  0.7880470872  
-0.8919011759  -0.3275757721  -0.3117794187  
0.3218966626  -0.3109651301  -0.8942500917  
-0.00563407579  0.6379299669  0.7700737722  
-0.7792289321  -0.03333518601  -0.6258522483  
-0.9726935174  -0.1685506232  -0.15955566  
-0.6182486213  -0.7724809188  0.1450581692  
0.3749195487  -0.8914022733  0.2546317324  
0.03956293942  -0.7385289913  0.6730599548  
-0.2234612596  -0.5360174184  -0.8140948302  
-0.5233000501  -0.8016019361  -0.2891217626  
-0.6189381637  0.7702806384  0.1535685114  
-0.2894557846  -0.8759015553  0.3860204841  
-0.8747582662  0.1475320027  -0.4615542046  
-0.266991306  0.08270396714  0.9601435811  
0.3978135259  0.9007134111  -0.1745272178  
0.5713533273  -0.3257939846  -0.7532686473  
-0.6351661418  0.5009641911  0.5878765615  
-0.8408524161  -0.5158205353  -0.1640011878  
-0.4184754384  0.4349769488  -0.7972912651  
-0.4531921656  0.769882658  -0.449330117  
0.6242427645  0.1415042262  -0.7683082226  
-0.2321297705  -0.4286245283  0.8731533562  
-0.2758930937  0.8424091289  0.4628497169  
0.07097286312  -0.9190172137  -0.3877759838  
-0.7864137631  0.5936540887  0.1706699039  
0.4315150365  0.08817933942  -0.897785708  
-0.1662604682  -0.7975282622  0.5799190699  
0.6491317542  -0.600241946  0.4672660612  
0.1678609148  0.09884256953  0.9808429333  
-0.04227904279  0.802339729  0.5953683246  
0.7864648135  -0.5544395618  0.2721578024  
0.2263045566  0.1942675138  -0.9544874964  
-0.001937593083  0.5346058424  -0.8450993072  
0.06794258151  -0.2254447842  -0.9718839719  
-0.2332374356  0.3485078833  -0.907822975  
0.1785649426  -0.9653319944  -0.1903909187  
0.2077398837  -0.8716909439  0.4438457378  
0.9726412282  -0.1593588802  -0.1690378313  
-0.5981555704  0.01016159973  -0.801315578  
0.5170789259  -0.8541115718  0.05588208348  
-0.4471760338  -0.3195023865  0.8354351081  
-0.2752777379  0.9604774729  -0.04129395915  
-0.1194709793  0.9651276475  -0.2329276908  
0.3727835305  -0.0985164252  0.9226738066  
-0.522387581  -0.7698543027  0.366654562  
0.6585198138  -0.6473396495  -0.3838007726  
0.6023454375  0.5932699526  -0.5340512497  
-0.7783596658  -0.1947985027  0.5968331207  
0.02412472642  0.9020829457  -0.4308878702  
-0.9477541328  -0.01637351748  0.3185812481  
-0.7898278639  0.3857658762  -0.4768192887  
0.8921345223  0.2309040478  -0.3883031224  
0.4768478644  -0.8025435743  -0.3585246514  
0.3935372113  0.7201724125  -0.5713844236  
0.623959861  0.218885753  0.7501753922  
0.08442205588  0.9746870641  0.2070218432  
0.9051667692  -0.3868867872  -0.1760446923  
-0.6911208361  0.0807721788  0.7182115601  
0.9319226768  0.3623792383  0.01419197486  
0.01503983222  0.4257106329  0.9047343591  
-0.1505553815  0.1398006802  -0.9786668723  
0.1995284106  -0.5018216463  -0.8416433025  
0.2010595488  0.6333840179  -0.7472614962  
0.2263545589  0.3120966165  0.9226913436  
0.8428291269  -0.0272972477  -0.537488533  
0.2465986088  -0.6932685792  -0.6771763457  
-0.01452051063  -0.3156106732  0.9487776651  
0.1603357661  0.8800517326  0.4469914877  
0.8050255818  0.5887038197  -0.07322312004  
-0.8915533388  0.2258877821  0.3925650953  
