1  0  0  
0.5907666852  0.8008557859  -0.0981057284  
-0.9115575416  0.2583716244  -0.3198545797  
-0.327647193  0.02870229789  -0.9443640691  
0.267598074  -0.02782608357  -0.9631287452  
-0.8294272306  -0.3794638939  -0.4099483166  
0.5493442776  -0.03174126521  0.834993028  
-0.3820063762  -0.8986144287  0.215785164  
0.4798444659  0.4073395074  0.7770610106  
-0.4354670233  0.7585791966  -0.484691731  
0.03942063577  -0.960832027  -0.2743133779  
-0.9043200048  0.4154408829  0.09805203624  
0.1558451334  -0.9749837279  0.1584898251  
-0.8095206361  -0.1787149779  -0.5592291984  
-0.07638084332  0.9111217235  -0.4049977429  
-0.4115461312  0.4118639593  0.8130177494  
0.6107245177  -0.7911400597  0.03336119638  
0.8856148011  0.4610099453  -0.05618055249  
-0.7839085257  0.2033781078  0.5866214866  
-0.9264443943  -0.1793951181  -0.3309353046  
0.4792038495  -0.790753026  -0.3808849203  
0.8772241417  -0.4556454517  0.1512118632  
-0.3928595767  0.9149787296  -0.09206126964  
-0.5337805956  0.5651526556  0.6290315983  
0.1211426683  0.7608058416  0.6375726824  
0.7974660242  -0.2618102232  0.5436021958  
0.4908258936  -0.4378947807  0.7532184963  
-0.8020710168  -0.05900187973  0.5943070437  
-0.874577026  0.3250481327  0.359803748  
0.8855957193  -0.04238262138  0.4625191188  
0.9710732649  0.2187590211  0.0957141831  
0.7445231381  -0.03374892561  0.6667430591  
-0.4538452456  0.8785978467  0.1486281156  
0.9041447956  -0.08693273275  -0.418288045  
0.7586744828  0.6150952054  -0.2146413694  
-0.9566291  -0.2537832958  0.1430202919  
0.1357080694  -0.6457309043  0.7514086233  
0.4242167559  0.1954737958  0.8842115918  
0.887398965  0.4249132166  0.1788066983  
0.1103307931  0.6184994607  -0.7780009854  
0.5996710799  0.7831591136  0.1644882936  
0.1531791761  0.8911926184  0.4269799257  
-0.4934323599  -0.07025823784  0.8669419163  
-0.2563997684  -0.4059182182  -0.8772055397  
0.1629696998  -0.5010956321  -0.8499082565  
0.0008524158744  0.9996175204  0.0276421097  
-0.6370549564  0.2421697236  -0.7317887725  
-0.7300107352  0.648063136  -0.2170218842  
-0.8572644362  -0.4091140432  0.3126073993  
-0.7723793841  -0.3213973495  0.5478447141  
-0.4616877648  -0.3299258928  0.8234034935  
-0.6334554792  -0.17988661  -0.7525788752  
-0.7526584176  -0.6069714861  -0.2551292251  
-0.3452943135  -0.7702624128  -0.5361600997  
-0.704348906  -0.5461242972  0.4534764279  
-0.6546773931  0.4657015702  -0.5954154503  
0.6262548859  -0.6384359333  0.4474420374  
-0.7574158824  -0.6525508159  -0.02232966207  
0.1066834918  -0.7096046563  -0.6964767508  
-0.3226292892  0.7715835477  0.5482418906  
0.9650694594  -0.1964726515  -0.1733188847  
0.02708078669  -0.4440793264  0.8955781277  
-0.1732032191  -0.8878793174  0.4262287679  
0.6569598887  -0.07167259973  -0.750510988  
0.6540594363  0.1964916877  -0.7304774264  
0.6133777716  -0.3265393194  -0.7191243163  
-0.5057122845  -0.5967868199  -0.6229771881  
0.2976500356  0.6074124447  0.7365151582  
0.460974266  -0.1742983954  -0.870128034  
-0.5883938827  -0.7381321958  0.3300810512  
0.5377157562  -0.8008264703  0.2637019719  
-0.7965126841  0.4653428439  -0.386035726  
0.07069191793  0.5749130523  0.8151549761  
0.3074449377  -0.8923156664  0.3305304248  
-0.1845414331  0.2618585707  -0.9472985529  
0.2133046758  0.4178294549  -0.8831306029  
-0.2389960376  0.2796641911  0.929875709  
-0.07088335727  -0.2092178063  0.9752966006  
0.2312967653  0.9715447982  -0.0510148168  
-0.2651631523  -0.7341171517  0.6251083988  
0.9682138853  -0.2383476794  0.07584362913  
-0.268910571  0.4688031279  -0.8413743115  
0.2305769482  -0.9686071813  -0.09292146886  
-0.2682563307  0.9041214557  0.3325701948  
-0.4265828555  -0.9027409362  -0.05555060271  
0.3910790792  0.8125781838  -0.4321734016  
0.3826926875  0.8728402265  0.3028138799  
0.5991276435  0.4454750325  -0.6652804388  
-0.1935076776  -0.9625426173  -0.1899117917  
0.8978952714  0.1819245115  -0.4008585208  
0.02689838772  0.7917602525  -0.6102394443  
-0.3692432862  -0.5497208621  0.7493105961  
0.7954237206  -0.5392130211  -0.2766774703  
0.3936264731  -0.6288371461  0.6705386218  
0.73166269  -0.434451533  -0.525282375  
-0.1908252204  -0.1844159545  -0.9641454719  
-0.550829112  -0.7332774472  -0.398611935  
0.4180361084  -0.2444542916  0.8749216601  
0.6850491613  0.5538211971  0.473275531  
-0.7858182016  0.6179685338  0.02458953607  
0.3273016548  -0.6154887472  -0.7169708703  
-0.972102336  0.03417165527  -0.2320546191  
-0.214828717  0.7921841955  -0.5712204678  
-0.0598591996  0.1236763873  0.9905155362  
-0.01434352163  -0.3562658058  -0.9342745523  
0.5079736069  0.6486351308  -0.5667762184  
0.0910000216  -0.04567509988  0.9948028857  
-0.637244153  0.6361086928  0.4350696731  
0.08527203777  -0.8600034574  -0.5031130417  
0.2969362879  0.1981716484  -0.9341075092  
0.6762917222  0.3789057653  0.6317119022  
-0.9727268432  -0.03660654006  0.2290468288  
0.6517065315  -0.7312336132  -0.2014348524  
0.08511618119  0.970228452  -0.226742115  
