1  0  0  
0.1770024205  0.9592936267  -0.2200588124  
0.03888557296  0.7681162819  0.6391285392  
-0.01340093924  -0.59462082  -0.8038945797  
-0.1509218953  -0.01771780394  0.9883868984  
0.7732972982  0.6326059036  -0.04267387087  
-0.4631299734  -0.502783207  -0.7298764789  
-0.1555331128  -0.8827337019  0.4433854557  
0.1682566376  -0.8231866608  -0.5422669319  
-0.6052269825  0.1457036367  -0.7826051047  
0.6513213081  -0.7531559999  0.09239368679  
-0.9164587575  0.4001198444  0.002730546935  
0.2127171932  -0.3014033963  0.9294661846  
-0.4380368595  -0.8207793504  -0.3666673801  
0.6006982102  -0.127888736  -0.789180671  
-0.4313602552  0.2976996875  0.8516473603  
-0.8052886672  0.5781654222  -0.1312817848  
0.4003269925  0.9080571304  -0.1231687748  
-0.8053077046  -0.2416757488  0.5413615551  
0.4154702131  0.9012066742  0.1233330139  
0.7291316836  0.0518702853  -0.6824049102  
0.8771298402  -0.4045107488  0.2588711987  
-0.7412043632  0.5806597163  0.3368239685  
-0.2265610516  -0.934276086  -0.2753148833  
0.4422940261  -0.5107566578  -0.7372269874  
0.6214406533  0.2870353256  0.7289871304  
-0.4190388635  -0.2998674748  -0.8570215449  
-0.452432768  -0.3569216317  0.817258551  
-0.9672145663  -0.23018039  0.1072985127  
-0.9692753466  0.2068909716  -0.1330467151  
0.8107591129  0.4535270109  0.3701120252  
0.4652109302  0.6805519366  0.56606347  
0.5667377931  -0.7311401242  -0.3797925653  
-0.7590882144  -0.4586777508  0.461952166  
0.5831190192  0.7731655582  -0.2493736734  
-0.88087018  -0.4458725069  0.1589510416  
0.3025194124  0.08229172403  0.9495841602  
-0.6448826133  -0.6453468842  -0.4094555093  
-0.6037391503  -0.7968767624  0.02205592619  
0.4634040977  -0.5576211211  0.6887055449  
0.6069380872  0.7675660478  0.2060789183  
0.4564134398  -0.8888149827  0.04116671615  
-0.1934687596  -0.2883715143  -0.9377695393  
0.2697579317  -0.943815856  0.1908986333  
-0.2346024052  0.4639532135  0.8542301371  
-0.9673837744  -0.03099367067  0.2514120628  
-0.9071826371  -0.24499886  -0.3420456425  
-0.7907261573  0.3907349697  -0.4712518728  
-0.3813535279  -0.8513851307  0.3601566964  
-0.6263362989  0.7655123974  0.147287508  
0.07557132519  -0.6705554027  0.7380002891  
-0.25768364  -0.6724354874  -0.6938513219  
-0.7742067482  -0.6033787709  -0.1911490777  
-0.4090301594  0.6939502891  0.5925599758  
-0.5825745855  -0.6687280806  0.4619627762  
0.8717116666  0.03990912427  0.4883912696  
-0.9041540071  0.1882143892  -0.3835112452  
-0.2031747982  -0.9789056156  -0.02153595029  
-0.6317916458  0.3504747152  0.6913803514  
0.6163813696  -0.5571878972  -0.5564311767  
0.9694166099  0.2119674877  0.1236981026  
-0.1286259951  0.08091917736  -0.9883862808  
-0.2866704679  0.7206482897  -0.6312575429  
-0.4214935836  0.8864690693  0.191090942  
0.2231369152  0.3915210191  -0.8927044352  
-0.6421159082  0.5547063061  -0.5291389935  
0.2442438317  0.8269101966  0.5065219418  
0.182043262  -0.9381407335  -0.2945372896  
0.3886000479  -0.06341756253  -0.9192215269  
-0.3770855336  -0.7337456682  0.5651758972  
0.7814844082  -0.1690052445  0.6005991568  
-0.788455271  -0.2692539445  -0.5530285697  
0.02820706271  0.9085584226  0.4168044558  
0.6400619806  -0.3610517512  0.6782052004  
-0.2297522616  0.9717946405  0.05318904962  
-0.258125513  0.523747523  -0.8118249513  
0.02359531484  0.137039635  0.9902845044  
-0.03293840562  0.4569001423  -0.8889079375  
-0.4966536117  0.823929313  -0.2729023217  
0.07489119764  -0.8334117005  0.5475547881  
0.9711979156  -0.1963262894  -0.1350207277  
0.5301008645  0.07787667849  0.8443508136  
0.4849250109  -0.7268726102  0.4863167099  
-0.540056569  -0.1140959564  0.8338591098  
0.6917650109  -0.6450814337  0.324547552  
-0.05984979077  0.9434110861  -0.3261802035  
0.2345318063  0.4929790881  0.8378343813  
0.5825513267  0.5110221143  -0.6320524903  
-0.3609746302  0.8368320594  0.4115937569  
0.6495114223  0.295544797  -0.7005627633  
0.3189262149  0.1755678384  -0.9313764027  
0.1493069962  0.7562383118  -0.6370329949  
0.8816415204  -0.4014663557  -0.2480584502  
-0.7240805917  -0.05969631125  -0.6871270968  
0.9011706238  0.2763841852  -0.3339210818  
-0.3901728768  0.1323004311  -0.9111869853  
0.3726881908  0.5694298635  -0.7327026293  
0.6575554665  0.4811467782  0.5797573512  
0.03229076876  -0.9956281441  0.08764647678  
0.7936552579  -0.5993502636  -0.1043580047  
-0.7811432057  0.1704224371  0.6006425602  
0.9662935389  0.008281804835  0.2573095577  
-0.2861854969  0.8619597943  -0.4184772089  
0.4423606902  -0.351158485  0.8252301122  
-0.01926262765  0.3887865062  0.9211264863  
-0.1463101494  -0.5889291739  0.7948306539  
0.2091061049  -0.2294539242  -0.9505922015  
-0.9064195358  0.1918082003  0.3763153458  
0.2046214712  -0.6615884502  -0.7214088827  
-0.05024973927  -0.2386257961  0.9698106481  
0.008513195009  0.9867587673  0.1619711726  
0.7482943983  0.6008252053  -0.2811842211  
0.7848013622  -0.3852045851  -0.4854938203  
0.8804458123  0.02853620127  -0.4732872878  
-0.8979817633  -0.4293549796  -0.09634860779  
