1  0  0  
0.0605400317  -0.9562922542  0.2860769636  
0.1950573571  -0.9678768227  -0.1586413677  
0.5532170195  0.00690641186  0.8330085418  
0.1494540853  -0.1402349398  -0.9787735377  
0.5675670477  0.7254453053  0.3893542799  
0.713941955  -0.5203604151  -0.4685209956  
0.5321173171  0.8106205115  -0.2444290228  
0.4783320878  0.6362043003  0.6053449447  
0.7101279593  -0.6604841623  0.2438830719  
0.01195890137  -0.9368958117  -0.3494040967  
-0.8975458318  0.4349484333  0.07232800348  
0.2431164673  -0.8795339453  0.4090408566  
-0.6593344598  -0.194275073  -0.7263162302  
-0.329906421  0.9242018796  -0.1923866919  
0.2649928613  -0.3277278801  -0.9068479586  
-0.5825726304  0.8088691368  -0.07962317386  
-0.8965410332  -0.4342300128  -0.08751269537  
0.8203486336  -0.08074655267  -0.5661343599  
-0.6853877983  -0.5440257673  -0.4840243078  
-0.5197404083  0.6016496139  0.6065374268  
-0.9633381555  0.2526178139  -0.09035396037  
-0.509534179  0.8070553362  -0.2983900212  
-0.7341627951  -0.1085735441  0.6702363581  
-0.0001068999358  0.6955980113  0.7184312043  
0.8818803847  -0.09263487428  0.4622832111  
0.7757321631  -0.2864491785  0.5623046143  
-0.6125246941  -0.2964242956  0.7327660856  
-0.9210341009  0.140901722  0.3631017622  
-0.8145436921  -0.1106210166  -0.5694572541  
-0.6359957994  -0.7549261371  -0.1599870955  
0.5871075695  0.4287679198  0.686631468  
0.4407363676  -0.8600196159  -0.2571336513  
0.7786201386  0.3203599296  -0.5395555535  
0.7691176805  0.638912592  0.01577001282  
0.8849734314  0.1139481455  -0.4514840483  
-0.421167862  0.4084894132  -0.8097864109  
-0.4664663562  -0.2683961982  -0.8428360572  
0.9631914483  0.2547551853  -0.08580226989  
-0.00733925491  -0.6972170238  0.7168225422  
-0.43743565  -0.8687971371  -0.2320378991  
0.2981813966  0.9529321317  0.05484712377  
0.05422987348  0.9916235684  0.1172255071  
-0.7893034809  0.30828702  0.5309982376  
-0.1382173864  0.5290232877  0.8372755312  
0.2120588444  -0.567555389  0.7955576201  
-0.7281830203  0.07276001524  -0.6815096984  
0.7704018384  -0.6375053249  0.008244276792  
-0.7686778406  -0.5120456361  0.383332289  
0.3694535634  0.4984686327  0.7842404521  
-0.2292078028  -0.6003082786  0.7662204342  
-0.3453719585  -0.07860758362  -0.9351679304  
0.8685381303  0.375950887  0.3229588934  
0.125622838  -0.8176517292  -0.5618403263  
-0.6223435157  -0.5026020325  0.6000664508  
-0.7782410519  0.4765172384  -0.4089892255  
0.8636550426  -0.4743934448  0.170443031  
-0.7094575066  -0.6756881764  0.2002886281  
0.2696979839  -0.6692327747  -0.6923803079  
0.3888689899  -0.770001496  -0.5058444474  
-0.9713270253  -0.05835020698  0.2304757324  
-0.2071512336  0.3538941614  -0.912056626  
-0.01779959165  0.8556260823  -0.5172882966  
-0.8984079083  -0.3060367898  0.3149677976  
0.4336879995  0.2265543596  -0.8721168736  
-0.5632284328  -0.03189932913  0.8256852701  
-0.9690400527  -0.200648395  -0.1438804983  
-0.2104119616  0.7468140303  -0.630868933  
-0.4822913377  0.2468457569  0.8405130801  
0.5937982895  0.6760540455  -0.436296366  
0.6128258435  -0.6355019196  0.4696613627  
-0.901629887  0.2852785111  -0.3250841706  
-0.7697491134  -0.5819866877  -0.262255215  
0.4144185554  -0.7575463021  0.5043618355  
-0.2423281558  0.895297125  0.3737915499  
0.01382969157  0.5043931041  -0.8633633859  
-0.1146432671  -0.1389494562  -0.9836411795  
0.01986669381  0.2859768158  -0.9580305712  
0.2185074582  0.9283070956  0.3008328889  
0.168036557  0.9154849629  -0.3655830934  
0.969465493  -0.2003675188  -0.1413842825  
0.6003469026  -0.2513055165  0.7592293026  
-0.1368752119  0.9885922438  -0.06285341506  
0.3981973853  -0.9167538181  -0.03164299853  
-0.3349259711  -0.9240407194  0.1843185905  
-0.3806636599  -0.8186578321  0.4299936418  
-0.4282182536  0.6004234741  -0.6753671439  
0.4238721181  0.6605401348  -0.6196927931  
0.1187728458  0.838052581  0.5325043498  
0.3684176883  -0.05731656073  -0.9278918142  
0.1974071146  -0.1163851623  0.9733883732  
-0.2038499938  -0.7806782814  0.590750879  
-0.7735681466  0.5879217624  0.2365170689  
-0.6224583642  0.4589890787  -0.6339358095  
0.8730250591  -0.3768852026  -0.3094911796  
-0.1122499185  -0.9867274149  0.1173412307  
-0.3519862986  -0.8074892062  -0.4733569768  
0.4094259256  -0.1777258818  0.8948653096  
-0.2379889076  -0.1396630861  0.9611740229  
-0.6265640337  0.7657615363  0.1450061422  
-0.3974061676  0.4819696887  0.780879989  
0.9189541878  0.1465492713  0.3661236291  
0.66900819  -0.1580368714  -0.7262591748  
-0.02526654764  -0.05341108807  0.9982529024  
-0.01038797553  0.3468773032  0.9378529877  
0.4370783213  0.4641659101  -0.7703976564  
0.243782016  0.3272090692  0.9129647056  
0.615403993  -0.3944618645  -0.6824058638  
-0.2478961534  -0.6897637741  -0.6802745277  
-0.2370013553  -0.3846183543  0.8921317611  
0.7725143774  0.3367869608  0.5383271122  
0.8635616222  0.480876304  -0.151721142  
-0.5938976425  0.7078848498  0.382340986  
0.5285846162  0.8486868066  -0.01813857436  
-0.9711753624  0.05250048528  -0.2325126116  
-0.1252011613  -0.5301214932  -0.8386273736  
