1  0  0  
-0.3756749681  -0.9041102718  0.2035999381  
-0.9107151323  0.1983869419  0.3622714026  
0.3869751794  0.0005060038909  0.9220899926  
0.09005602399  -0.1157969794  -0.9891819712  
0.7810221082  0.590497992  0.2032648223  
-0.7171831399  -0.09812532173  -0.6899418563  
0.519317905  0.773942005  -0.3623847216  
0.5626822664  0.5537184882  0.613827747  
0.4853830353  -0.851975462  0.1963189274  
0.1517687107  -0.9334309365  -0.3250737535  
-0.9112685525  0.4117357212  0.007957457551  
-0.1251248923  0.9346061275  -0.3329491668  
0.6449649275  0.340724037  0.6840521712  
-0.2785839691  0.949326471  -0.1454999091  
-0.4229152364  0.2819342249  0.8611944006  
-0.8093689751  0.5737252015  -0.1255438383  
-0.7798184918  -0.624121075  0.04853868176  
0.7979555227  -0.1734589617  -0.5772165732  
-0.8049970312  -0.2680072096  -0.5292937893  
0.6174485199  -0.5539727764  -0.5584545535  
-0.8789955052  0.3936373505  -0.2691032108  
-0.6492068993  0.7605182294  -0.01193417723  
-0.3192363783  0.08686778582  0.9436853938  
-0.1545092783  0.6928549966  0.7043286425  
0.771003754  -0.3576707615  0.526901165  
0.61134107  -0.3199360411  0.7238114573  
-0.7890674443  -0.2345156402  0.5677807524  
0.9698749896  -0.2073605928  -0.1278440028  
0.8629246689  0.01457849079  0.505122246  
-0.8728634091  -0.3948726781  -0.2866793282  
-0.3117492534  -0.2483280721  -0.9171398866  
0.5109997795  -0.7390354717  -0.438982684  
0.9063958315  0.2403156373  -0.3474118464  
0.5987584125  0.7896026742  -0.1342236203  
0.9659165422  0.2317780866  -0.1152568957  
0.4297476739  -0.48210561  0.7634730627  
-0.4430820106  -0.4161836122  -0.7940211161  
0.9015458504  0.430728829  0.04108230203  
0.009454741293  -0.717330758  0.6966686382  
-0.6438770188  -0.7580803319  -0.1036175426  
0.07868977889  0.9272739752  0.3660203459  
0.2111455347  0.4742609979  0.8546894577  
0.2195072889  -0.6171041875  0.7556447392  
0.1907724055  -0.3192600917  -0.9282666013  
0.346389294  -0.8524790156  0.3915277576  
-0.7563274042  0.1464777384  -0.6375838218  
0.6628013213  -0.7088719803  0.241236241  
-0.787466334  -0.4390294805  0.4326082386  
-0.7290304801  -0.02134541078  0.6841483264  
-0.2116211837  -0.3839401547  0.898780525  
-0.5300336637  -0.1757391331  -0.8295661953  
-0.9701996225  -0.2102811533  -0.1203932267  
-0.0452417128  0.994005998  -0.09952518986  
-0.6209664255  -0.6008539408  0.5033639242  
-0.5416795375  0.7176436687  -0.4376880664  
0.739752641  -0.5468342292  0.3920948303  
0.7207175898  0.6328368089  -0.2829906873  
0.2718304751  -0.5132694587  -0.8140409422  
0.3905261739  -0.6637081852  -0.637950431  
-0.9698434649  -0.01678476352  0.2431500059  
-0.2297634779  0.4070766737  -0.8840233741  
-0.03999060013  -0.8698560947  0.4916819362  
-0.2760778032  0.8206225379  0.5003595675  
-0.4818358269  -0.06475251678  0.8738657491  
0.2135293364  -0.1706872406  0.9619101249  
-0.7389739241  -0.4881082613  -0.4644005435  
-0.3021245782  -0.8690589184  -0.3917363088  
0.5892027806  -0.1283678493  -0.7977228708  
-0.424343309  -0.6916659363  0.5844065269  
-0.5989613679  0.7705908757  0.2177957348  
-0.8955397674  0.1968543239  -0.3990700442  
0.4474916412  0.7317833992  0.5140469703  
-0.3935170244  0.6857447372  -0.6122895613  
-0.1880707089  0.8059045185  -0.5613798317  
-0.003659512061  0.5313639977  -0.8471357092  
0.06812025332  0.3000996146  0.9514724654  
0.009324539367  -0.3189874461  0.9477130696  
0.2582028661  0.9500921705  0.1750889702  
0.2069249497  0.7561488248  -0.6208228571  
0.9668223263  -0.2223626783  0.1257355504  
-0.4256963004  0.2501810017  -0.8695930808  
0.4483872598  -0.8927438509  -0.04424117918  
-0.4877207978  -0.8334590281  -0.2597584876  
-0.1991278399  -0.9786478049  0.05095662224  
0.2951035842  0.8562599293  -0.4239490631  
-0.1243314278  -0.9526066277  0.2776370092  
-0.4431293925  -0.5106913332  0.7367704552  
0.0388167309  -0.8327656657  -0.5522631686  
0.6383421624  0.4180992944  -0.6463066329  
-0.01789354672  -0.9906305866  -0.1353915132  
0.2244605456  0.5862887649  -0.7783848326  
0.8743986  -0.4163006372  -0.2492405821  
-0.600223666  0.5335196047  -0.5958929285  
0.8812671594  0.02865850568  -0.4717487507  
-0.6564766793  0.3238987553  0.6812693783  
0.1972201921  0.7893375254  0.5814210753  
0.5876258565  -0.07622204266  0.805534638  
0.4419444302  0.8966699469  0.0258481501  
0.7857166868  -0.607305466  -0.1175982951  
-0.4867426658  0.4680309601  0.737582943  
0.9205365619  0.1772060669  0.3481529091  
0.6204577737  0.213788088  -0.7545374772  
0.02727481023  0.1010881483  -0.9945035299  
-0.03686514693  0.5045045623  0.862621648  
0.4263875622  0.3073343505  -0.8507286546  
0.1585037136  0.07004507756  0.9848706818  
-0.7866604726  0.3956599522  0.4739393452  
-0.08455773112  -0.6659268547  -0.7412094268  
0.2537373651  0.1491517826  -0.9557045021  
0.6339590594  0.6783768164  0.3713499778  
-0.8715989083  -0.4465966996  0.2021552149  
-0.7197502692  0.6011909421  0.3471728691  
-0.3832709495  0.8807014753  0.2783312607  
-0.9687868612  0.02478447952  -0.2466530905  
-0.3358073598  -0.6232799418  -0.7062262606  
0.221871792  -0.9706707543  -0.09258074645  
