1  0  0  
-0.7190587774  -0.6835211057  0.1255124406  
0.003516055546  -0.6178728862  0.7862701405  
-0.3847831307  0.09199598528  -0.9184109543  
0.3997265726  0.1446920456  0.9051424634  
0.6506792813  0.7554502295  0.07688578359  
0.4003622213  -0.3423852743  0.8499896562  
-0.5823819111  -0.7480184355  0.3182761847  
-0.7377978971  0.1631278764  -0.655014167  
0.3173989307  -0.9427405656  0.102460454  
-0.004527983223  0.9615417725  0.2746214068  
0.9165410209  -0.3879365491  -0.09725117406  
0.1597155531  0.9613224631  -0.2243881993  
0.8012936177  0.04958145801  0.5962132314  
-0.06055165328  0.9887338268  -0.1368901642  
0.2380312369  -0.4905519188  -0.8382719996  
-0.7848033729  0.616525539  0.06308665208  
0.5186553787  0.8486421529  -0.1039379355  
0.7885209332  -0.04577407356  -0.613302105  
-0.9109529404  -0.1224338932  -0.3939221778  
0.542418512  -0.6630014412  -0.5159566327  
-0.9687496625  0.2363680736  -0.07519458209  
-0.4188406721  0.8421706314  -0.3395896331  
0.3998786664  0.8360435065  0.375670477  
-0.03531342644  0.6040435579  0.7961685387  
0.6087404478  -0.708866877  0.3562903562  
-0.627115564  0.5585470663  -0.542909978  
0.4546814833  -0.1104414011  -0.8837802021  
-0.775886146  0.2811668636  0.56475294  
-0.8811376967  0.1306857708  -0.4544420632  
0.9145634931  0.39722936  0.07604244027  
-0.5657719043  0.174714885  -0.8058392279  
0.4761945236  -0.8200943133  -0.3173075684  
-0.8805321429  -0.153368576  0.4484877091  
-0.8584993594  -0.5000287293  0.1137985931  
-0.9680194676  -0.2374802917  0.08087905439  
0.2247291324  -0.6781977975  0.6996746133  
-0.6971865134  -0.2297883683  -0.6790642615  
0.4568896351  0.8778843923  0.1434254338  
0.2069078336  0.5179950063  -0.8299821214  
-0.6127733136  -0.7307140629  -0.3009415631  
0.315449756  0.7499699474  0.5814090896  
-0.003565874189  0.7901044631  -0.6129618438  
-0.1754272309  -0.2280674021  -0.9577110978  
0.07189318602  -0.3449366536  -0.9358686205  
0.1935197481  -0.2566720094  0.9469263893  
-0.7771964383  0.5284864027  -0.3415667116  
-0.8704068651  0.4767510747  -0.1228832856  
0.897115747  0.3348647508  -0.2881821214  
-0.2655731061  0.2297344265  0.9363188659  
-0.4031814925  -0.3901048201  0.8278060844  
0.7804163734  -0.3572434647  0.513154354  
-0.7953301416  -0.5883110563  -0.1460823976  
0.8070673315  0.31532134  0.4992141573  
-0.7769211395  -0.3893022496  0.4948103692  
0.4363195398  -0.7129673399  0.548910586  
-0.5325029472  0.8367362655  -0.127722485  
0.7618403216  0.5576782257  -0.3295365245  
0.1872890293  -0.7182616278  -0.6700918247  
-0.3367604616  0.7918875293  0.5094178368  
-0.9055627305  0.08870168365  0.4148350907  
-0.2077915049  0.4881534401  -0.8476608457  
-0.2143179502  -0.7085509054  0.6723268778  
-0.09516784574  0.8683392585  0.4867545718  
-0.4131878217  -0.1311567355  0.9011513384  
-0.15752663  -0.8828437266  -0.4424616539  
-0.8792670574  -0.3734326881  -0.2956982739  
0.4437254997  0.5528799198  0.7052882214  
0.1791414993  -0.008222814808  0.9837889553  
-0.6109061469  -0.6052909673  0.510310224  
0.2078694844  -0.9290240889  0.3061119399  
0.7167980197  -0.6813537491  0.1481811983  
-0.3308754195  -0.3942034808  -0.8573943507  
-0.0003573876371  -0.9163615291  0.4003516207  
0.2092382009  0.8555863797  -0.4734884605  
0.008164873601  0.3974371531  -0.9175930711  
0.1141292302  0.4533928516  0.8839736653  
0.02211031283  0.1485544728  -0.9886570197  
-0.2392637916  -0.9458525105  -0.2193532911  
0.4179442516  0.7525216073  -0.508953665  
-0.9707091589  0.1645497049  0.1750631983  
-0.4291887456  0.5450900916  -0.7201901225  
0.6142157913  -0.7842422043  -0.08776745832  
-0.5381834086  -0.6679417229  -0.5140160246  
-0.3095389071  -0.9501158146  0.03828320681  
-0.3728892167  -0.880495669  0.2927131854  
-0.4368876606  0.3619969703  0.8234606035  
0.6094503502  0.4331255072  -0.6640576524  
0.2500033245  -0.9183814856  -0.3067145004  
0.7483145665  0.1948596879  -0.63407808  
0.5281902102  0.3203368167  0.7863837649  
0.4207306022  0.5889935928  -0.6899799331  
0.8828812493  -0.3108794144  -0.3519583632  
-0.2228690308  0.8265049568  -0.5169322503  
0.6294963115  -0.2266186153  -0.7432216338  
-0.6278222899  -0.01060913358  0.7782844073  
-0.08770121616  -0.9952369987  -0.04256539702  
0.6087878955  -0.3814246747  0.6956238321  
0.739878664  0.5486033877  0.3893762776  
-0.8156197755  0.5132411008  0.2671103785  
-0.3952754566  0.5994905084  0.6959658352  
0.9683320924  -0.06439026266  0.2412195119  
-0.1629808289  0.9827204815  0.08773656431  
-0.03479313459  0.110849192  0.9932280173  
-0.2193044455  -0.6200212559  -0.7533121547  
0.5758637863  0.2387977544  -0.7818929161  
0.6019333242  0.05166364061  0.7968733535  
0.7219684804  -0.4989110509  -0.4794259865  
-0.0639248621  -0.7682945712  -0.6368964311  
-0.218257065  -0.2771649532  0.9357047837  
0.9705718609  0.173456382  0.1670423488  
0.9676548293  0.0715495479  -0.2419189812  
-0.6636829707  0.6842893868  0.3021141332  
0.2302926646  0.01452507554  -0.9730130065  
0.9019257914  -0.3121041401  0.2985311919  
-0.6459218385  -0.4674818439  -0.6035277161  
-0.4067276905  0.9071298528  0.1081111276  
-0.5902477954  0.4556473158  0.6663280451  
