1  0  0  
-0.4624252279  -0.8337095221  0.3018134213  
0.4046340727  -0.1641913132  -0.8996179633  
-0.4598806149  -0.07521882266  -0.8847892115  
-0.2139050339  0.03716786793  0.9761471129  
-0.3044300561  -0.8727948634  -0.3815120802  
-0.6184261002  0.07628357897  -0.782131686  
-0.5670867717  -0.5933957117  0.5712216055  
0.6556254973  0.3909187931  0.6460167989  
-0.6510587208  0.6470838658  -0.3967430059  
-0.2894762394  0.9552393606  0.06100221887  
-0.8832457899  0.4688792747  0.005394477553  
0.1513189049  -0.9807210267  0.1236481172  
0.6568986432  0.1575723262  0.7373297326  
-0.2223535065  0.9124531864  -0.3434939603  
0.1464863609  -0.5197505052  -0.8416657047  
-0.5344761082  0.844856165  0.02352339773  
-0.7982337684  -0.5523768799  0.2402137249  
-0.8879890533  0.1616001554  0.4305355166  
-0.803174248  -0.2204275603  -0.5534643783  
0.4174086101  -0.5238355412  -0.7425404891  
-0.9074446573  0.3647279607  -0.208608985  
-0.3908965352  0.9068994099  -0.15726843  
-0.2483464017  0.6847075477  0.685200437  
0.1580710058  0.8131475315  0.5601826927  
-0.7431413924  0.2601090212  -0.6165096657  
0.4770851775  -0.5069392214  0.7179152869  
-0.4548173157  -0.05261750473  0.8890290252  
-0.9704100498  0.2412968219  0.008954268334  
0.8789409958  -0.2051582713  0.4305494275  
-0.4985694658  -0.8640784504  0.06925979601  
0.7841035402  -0.02534385992  0.6201123503  
0.529473122  -0.7581366009  -0.3806403913  
-0.811085805  -0.2303083018  0.5376782524  
0.6697703037  0.7292217847  -0.1401546611  
0.918339211  0.07991579609  -0.3876423081  
-0.281194306  0.6238776379  -0.7291820453  
-0.4899384782  -0.3087677835  -0.8152439779  
0.9064254327  0.4129032798  -0.08890341156  
0.07140908847  -0.7109270248  0.6996309795  
-0.7973592241  -0.6031707795  -0.0200817956  
0.1776469278  0.9650456258  0.1926875946  
0.2655169372  0.937989378  -0.2228826659  
-0.2317415497  0.02307191474  -0.9725037485  
0.00858091652  -0.7070897493  -0.7070717463  
0.07692732807  0.9953492512  -0.05798322542  
0.5649600271  -0.3008828838  0.768303103  
0.7414721236  -0.6709362013  0.007981460842  
0.7511023888  0.4715632491  -0.4620317128  
0.4072770458  0.7305578751  0.5480972533  
0.1008980549  0.5795923097  -0.8086360968  
-0.9024558957  -0.03110551606  -0.4296577745  
-0.9642494422  -0.2566537304  -0.06596874869  
-0.1959009317  0.9286586011  0.3149857577  
-0.6595163916  -0.3639125014  0.6577277709  
0.6567769675  -0.4827202478  0.5793316643  
0.7882380464  -0.5767340346  0.214612757  
0.6306744501  0.6824113859  -0.3695462601  
-0.09718621279  0.8382110089  0.5366163849  
-0.4891171816  0.6532141553  0.5779927768  
-0.9712765796  -0.1706671569  0.1658147382  
0.1674600468  -0.2554949465  0.9521971776  
0.03692246986  -0.8628598408  0.5040928747  
-0.4348049631  -0.8819940891  -0.181744521  
0.2573539776  0.1962703282  -0.9461748721  
-0.2984463757  -0.440328974  -0.8467822362  
0.874300901  0.450392212  0.1809552149  
0.6366486712  0.7631630346  0.1107278283  
-0.5526595254  0.3143431767  0.7718521985  
0.472365669  0.4745604335  -0.7427402438  
0.6107878857  -0.768441756  0.1908806598  
-0.803054748  0.4306433176  -0.4118851838  
-0.6154312604  -0.5991461316  -0.5121213496  
0.4494096378  -0.8137955416  0.3684668152  
0.745418537  -0.2406135587  -0.6216561108  
0.05691437197  0.3528975294  -0.9339293806  
-0.07194492824  -0.3430485967  -0.9365583739  
0.02346172963  0.1174657365  -0.9927997522  
0.08381455145  0.5431253233  0.8354579607  
0.02450442515  0.9555039564  -0.2939587087  
-0.9722693078  0.08621260911  0.2173931441  
-0.3329781772  0.3905093443  -0.8582703452  
0.4163240753  -0.8791999041  -0.2316933166  
0.5451407367  0.7616187389  0.3503690537  
-0.3009687928  -0.9536309817  -0.002395084278  
-0.2136962515  -0.8742152938  0.4359834082  
0.6615344603  0.1402348029  -0.7366860647  
-0.477705137  -0.2684516505  0.8364995597  
-0.0444078309  -0.9268370541  -0.3728284052  
0.8005869028  -0.005447435612  -0.5991919029  
0.264747252  -0.7923509485  0.5496261156  
0.1481160602  0.763278527  -0.6288620858  
0.812454865  -0.5412516317  -0.2167112447  
-0.4770147975  0.6784036203  -0.5587713405  
0.9182976836  -0.3240999515  -0.2273512388  
0.3227651594  -0.8127903101  -0.4849686214  
-0.318109209  -0.6335945903  0.7052406868  
0.4082198968  -0.1636062929  0.8981032774  
0.7812568583  0.4461880927  0.4365248073  
-0.6561929306  0.7292485177  0.1939263707  
-0.322249579  0.3726344245  0.8702291621  
0.9723636466  0.08645833188  0.2168729941  
-0.6261499071  0.08823305169  0.7746942767  
0.03825418375  0.1101214721  0.9931816948  
0.1439205481  -0.2659425283  -0.9531848968  
0.4030930304  0.7555246378  -0.5164286306  
0.2749647795  0.2143698672  0.937251263  
0.6419547652  -0.4626861819  -0.6114045931  
-0.2538276881  -0.6538777066  -0.7127520253  
-0.2734919364  -0.4231060511  0.8638190958  
-0.9015310002  -0.2733090668  -0.3354757958  
0.8875998482  0.3274602798  -0.3239386895  
-0.6913035255  0.5910242397  0.4156799052  
-0.7331393821  -0.6206591821  -0.2780086799  
0.9657787622  -0.1421074272  0.2169720297  
0.4701633439  0.5372170801  0.7002458418  
0.05964512984  -0.989222903  -0.133718012  
-0.8125289337  0.3887375663  0.4343729232  
0.1187690622  -0.4989977424  0.8584259799  
