1  0  0  
0.5801751648  0.793095844  -0.1854609402  
0.05580795734  -0.1612120751  0.9853406207  
-0.2967540916  0.1592262262  -0.9415859058  
0.2407871753  -0.1719260657  -0.9552292731  
-0.8848322446  -0.3782155721  -0.2720751365  
-0.6091198365  -0.06816924611  -0.7901430115  
0.5118157773  0.7438385779  -0.429824127  
0.501520246  0.4887874361  0.7138377163  
-0.6293523119  0.6790526633  -0.3778930377  
0.03638831256  0.9181594337  0.3945366205  
-0.7849783437  0.6193556181  0.01440896159  
0.01673859654  -0.8421748151  0.5389447097  
0.7884391501  0.09331197695  0.6079938992  
-0.2444482953  0.8648279806  -0.4385403002  
-0.1847552905  0.4080775085  0.8940571736  
0.4280788501  -0.8844096531  -0.1859248869  
-0.8699460211  -0.4550196724  0.1901342106  
-0.5714907863  0.4740238984  0.6698504497  
-0.8169558849  -0.3059469694  -0.4888553304  
0.4911571625  -0.6664843322  -0.560859409  
-0.8929267989  0.4263344247  -0.1446398635  
-0.259539814  0.9449754105  -0.1991495883  
0.1660650553  -0.8643517277  -0.4746772464  
-0.01319077884  0.7784267099  0.6275968934  
-0.7757344355  0.3039777197  -0.5530222703  
0.5995966809  -0.347140084  0.7210947111  
0.7825164871  -0.1155058664  -0.6118221492  
0.9005751435  -0.4241860304  -0.09502958756  
0.8711121394  -0.09220414728  0.4823505321  
0.901334228  0.4309450018  0.04339371826  
0.4050074815  0.0636224583  0.9120971016  
-0.2051190564  0.9426615051  0.263278293  
-0.889599269  -0.03746658968  0.4552025871  
0.7857966916  0.4595788445  -0.4138971433  
0.9700974168  0.2324698765  -0.06977648849  
0.233992891  -0.551286691  0.8008310129  
-0.4634435995  -0.2836193584  -0.8395118163  
0.7662430106  0.6369508426  -0.08464793425  
-0.1657558469  -0.7087422582  0.6857181715  
-0.7808088489  -0.6074272553  -0.1461836897  
-0.2393032055  -0.9249471739  -0.2953078079  
-0.7619226427  0.3449449102  0.54816685  
0.2186590179  0.9735769029  0.06585019409  
0.1063223675  -0.6126763125  -0.7831495964  
-0.458308446  0.7208563211  -0.5199226218  
-0.7137740907  0.1237224147  -0.6893615245  
0.7667921601  -0.6065003221  0.2102073798  
-0.9238790129  -0.2470473589  0.2922587415  
0.2414077788  0.2804540264  0.9290144366  
-0.2531819087  -0.5221532477  0.8144046335  
-0.6591962438  -0.2766276194  -0.6992406398  
-0.9688182501  -0.1892379927  -0.159938052  
-0.3410954618  -0.3065441247  0.8886419895  
0.8281794985  0.2568452289  -0.4981458087  
0.6386233163  -0.5248503321  0.5627542881  
0.7946481027  -0.4655994568  0.3895529986  
-0.700590293  -0.6411451477  0.3132189984  
0.2651160281  -0.7299631949  -0.6299739881  
-0.3864507297  0.8243067479  0.4137320617  
-0.9720380214  0.2243988812  -0.06918979039  
0.151648311  -0.3640509264  0.9189503321  
0.149589579  0.9084384143  -0.3903365282  
0.3637365257  0.6738200281  0.6431658492  
-0.4075559268  -0.06910139922  0.910562004  
0.263160312  -0.7303267491  0.6303725008  
0.7514582642  0.5486562109  0.3664516877  
-0.613642501  -0.7362992741  -0.2851425258  
0.4125966859  -0.3626477427  -0.8356138998  
-0.6120063705  -0.5687117361  0.549559063  
-0.6191352758  0.7726129206  -0.1405019043  
-0.908308583  0.2649799929  -0.3236682274  
-0.5589400452  -0.6555336534  -0.5078008026  
0.4492957923  -0.8396928062  0.3050398043  
0.4107531475  0.8104794186  0.4176182033  
0.01820726504  0.5296179121  -0.8480408968  
-0.002905360264  -0.2699549236  -0.9628685778  
0.1074309234  0.3354311676  -0.9359190822  
-0.4157733123  -0.9079091134  0.05323151896  
-0.2934994561  -0.8023724974  0.5196695533  
-0.9630979708  0.2088685578  0.1697534215  
-0.3903926  0.3638742379  -0.8456885696  
0.2308116555  -0.9722982017  -0.03690781167  
-0.4439272687  0.894576433  -0.05159055824  
-0.1877021881  -0.9681796695  0.1655174193  
0.3756475529  0.8800445155  -0.2905349663  
-0.006468309165  -0.9863721882  -0.1644021513  
-0.6746973042  -0.3638508241  0.6421807577  
-0.2043838432  -0.8183737405  -0.5371142015  
-0.7426678659  -0.1200116056  0.6588183782  
0.05608824755  -0.9503436854  0.3061061711  
0.4048780655  0.6432827475  -0.6498161731  
0.7618233223  -0.6011377235  -0.2413683139  
-0.4490950962  0.5547957472  -0.7003679558  
0.8979267393  -0.1865159441  -0.3986720124  
0.6180264771  -0.01956238032  -0.7859138546  
0.5581682697  0.2202617611  -0.799958086  
0.5181828211  -0.1515837051  0.8417297335  
-0.6219005026  -0.7815746526  -0.04879372157  
0.6233373783  -0.775527494  -0.1000380871  
-0.3476877924  0.5595455369  0.7523443302  
0.9140807507  0.127059381  0.3851133534  
0.441849574  0.8787981963  0.1802295318  
-0.04944606508  0.05165602072  0.9974400945  
0.06448242842  0.4747119098  0.8777759504  
0.4817504561  0.4495348272  -0.7522200058  
-0.1824536715  -0.05814177297  -0.9814938573  
0.6895038369  -0.5538862521  -0.4666845601  
-0.1474207421  -0.6563550263  -0.7399089162  
0.1987481339  0.1146146772  -0.9733255648  
0.677411921  0.467274025  0.5681268123  
0.972285961  0.01847955125  -0.2330633311  
-0.5879755348  0.7363379215  0.3348002925  
0.6263695612  -0.2576538623  -0.7357143875  
0.9694176289  -0.05035267335  0.2401958975  
-0.2981482493  -0.4859968705  -0.8215319003  
-0.02373269077  0.9970790653  -0.07259543333  
-0.8541948616  0.4031297325  0.3283862925  
-0.05763816237  0.6977535575  -0.7140152766  
-0.4518930378  0.1495327411  0.8794501928  
