1  0  0  
-0.5758544998  -0.7755158143  0.2587794753  
-0.174848736  -0.9766601156  0.1247515056  
-0.4297254155  -0.2395560752  -0.8706026385  
0.2301753309  -0.06660207282  -0.9708673859  
0.6686267616  0.6417721717  0.375588516  
-0.7771872165  0.5383476168  -0.3258249131  
-0.374798429  -0.8255736487  0.4218462851  
-0.7721661868  -0.2286176849  -0.5928687326  
0.6172737612  -0.7860053439  0.03418629944  
0.0001542447635  0.8747966951  0.4844901634  
0.786264823  -0.6103406633  -0.09629072077  
-0.04169370443  0.9991285364  0.001950058464  
0.7742724802  3.444837325e-05  0.6328523724  
0.2264112522  -0.7851279138  0.5764651801  
0.2099481638  -0.4964952202  -0.8422673357  
-0.4428025613  0.8952793644  0.04899746403  
0.7252926532  0.5915194839  -0.3522148029  
0.7803195993  -0.2284488758  -0.5821618624  
-0.8999562545  -0.05885101254  -0.4319899284  
0.5352480409  -0.56889297  -0.6243959668  
-0.8898322905  0.4484314798  -0.08430719305  
-0.2397681253  0.9047174104  -0.3521330053  
-0.3747452271  -0.8862894498  -0.2721342056  
0.1806374821  0.5605605618  0.8081719845  
0.7695783819  -0.3974173756  0.499808507  
0.5505290421  -0.3004957493  0.7788581889  
-0.7782560748  -0.002384227456  0.6279425113  
0.9645338104  -0.1809750378  -0.1921524509  
0.8696239232  -0.1713037558  0.4630434703  
0.8705047693  0.4917852249  0.01920258002  
0.6199297149  0.1469461856  0.7707749134  
-0.3981631402  0.762497902  0.5099637862  
-0.878975683  -0.1334387317  0.4578163972  
0.7418109195  0.6600750592  -0.1183954215  
0.9028917885  -0.09767771929  -0.4186233169  
0.1943566976  -0.3892746787  0.9003836397  
-0.6022665123  -0.3699633359  -0.707391107  
-0.8617846178  -0.4649774163  0.2027887445  
0.01357840108  -0.7281586001  0.6852741643  
0.9324196311  0.3255106747  0.1569599698  
0.1728959052  0.9790897913  0.1071922881  
0.7465484683  0.2478355461  -0.6174487238  
0.4021752978  0.4648047352  0.788803897  
-0.05258235425  0.6387748583  0.7675947997  
0.4179841935  -0.6500719658  0.6345830547  
-0.5962998579  0.07566665496  -0.7991877356  
0.7613547568  -0.6357569552  0.1270906299  
-0.8007768312  -0.3946103314  0.4505986606  
-0.4385628007  0.8508574369  0.2893169401  
-0.1917528431  -0.6239772317  0.7575508309  
-0.4112990387  -0.008351227695  -0.9114622086  
-0.9689636527  -0.2414338266  0.05309564165  
0.5700135559  0.793734027  0.2122989413  
0.6279050308  0.5062358218  -0.5911518967  
-0.596804857  0.4767459217  -0.645397001  
0.6134190445  -0.6278607742  0.479069853  
-0.5537087282  -0.6841389326  0.4747215659  
-0.1093705922  -0.7470743022  -0.6556813712  
-0.3239832651  0.6375712927  0.6989547129  
-0.972052339  -0.04837723249  0.2297256921  
-0.3876936318  0.4702720957  -0.7928037612  
-0.02972823346  0.8770108508  -0.4795499971  
-0.2109245886  -0.4123272123  0.8862827359  
0.4080181667  0.2664429161  -0.8732292643  
0.03991084996  -0.9690987022  0.2434231488  
-0.9724728357  -0.1127387603  -0.20392782  
0.5823262585  0.8125778899  -0.02476492366  
0.4372529552  -0.204762879  -0.8757180006  
0.3878107786  0.6752527317  -0.627404613  
0.4372594412  -0.8766857788  0.2005647684  
-0.7265710317  0.2277281016  -0.6482549248  
-0.7381965337  -0.6633290823  -0.1227208466  
0.2465610384  -0.963538162  0.1039320193  
-0.6267490267  0.1173429736  0.7703351764  
-0.002537247204  0.523936736  -0.8517534027  
-0.005545969314  -0.4266597891  -0.9043951938  
0.0106844776  0.2894323776  -0.9571388304  
0.2664745838  0.8219124589  0.5034393768  
0.1714103204  0.9191143904  -0.3547495445  
-0.97132213  0.2342040997  -0.04100926072  
-0.1853288022  0.1373744197  -0.9730269801  
0.2509981915  -0.9566367856  -0.1478038172  
-0.1608538075  -0.9297984699  -0.3310602029  
-0.3881784087  -0.9207976361  -0.03806883736  
0.3864723677  0.9011920389  -0.1961938275  
-0.8220385127  -0.4981410824  -0.275877048  
-0.5778532189  -0.3460271519  0.7391555097  
0.2265379839  -0.8914864794  -0.3923421962  
0.6143276546  0.1166976599  -0.7803737495  
0.7178832834  -0.4598795055  -0.5226417816  
0.1844582329  0.7983511284  -0.5732457031  
0.9022262687  -0.4046831167  -0.1490615145  
-0.4292185458  0.7903978958  -0.4370842096  
-0.8667063904  0.3301548951  0.3739221552  
-0.6159521728  0.3424757226  0.7094457698  
-0.6104541371  0.7415987991  -0.2781671579  
0.3766180015  -0.2269299532  0.8981434614  
-0.7360708897  -0.4488553111  -0.5066838808  
-0.628319272  0.7517904846  0.2000648889  
-0.2211711638  0.2902886142  0.93102945  
0.8772260783  0.2858848506  0.3856737737  
-0.4800623272  -0.7515654267  -0.452426316  
-0.0157360937  -0.0345944184  0.9992775398  
0.00220822922  -0.2023196035  -0.9793170589  
0.4072120957  0.4977194345  -0.7658026336  
0.2217784944  0.3369189528  0.9150409383  
-0.4245380295  0.4263381525  0.7987510509  
-0.3465860863  -0.663320765  -0.6632372483  
-0.2161773856  -0.1708833065  0.9612836384  
0.9636090082  -0.1110400796  0.2431620447  
0.9215938935  0.2685400691  -0.2802693825  
0.6008857924  -0.6786159846  -0.4223939038  
0.1645553102  -0.7773918609  -0.6071107349  
-0.8983631889  0.333201246  -0.2862175928  
0.5552075904  0.5758714695  0.600097144  
-0.0474581491  0.9682668724  0.2453711229  
-0.7721537253  0.5513596996  0.3158814748  
-0.2051430958  0.6149697429  -0.761399058  
-0.433912997  -0.03025053542  0.900446787  
0.2107587398  0.1047790734  0.9719064252  
