1  0  0  
0.6352517271  0.7658798125  -0.09941506957  
0.2641696761  -0.01396894752  0.9643750571  
0.480776443  -0.3255997692  0.8141491277  
-0.1930770954  0.1308620352  0.9724177924  
0.6773801044  0.7203047332  0.1493897101  
-0.6326908512  0.4041404006  -0.6605852128  
-0.5706398526  -0.7488061871  0.3371341762  
-0.794060634  0.008565393265  -0.6077782027  
-0.3179107744  0.9450098228  -0.07674095637  
-0.1179054118  -0.8071596887  -0.5784388911  
-0.6796973229  0.7251100624  0.1105755248  
0.4978104854  0.8652069219  0.06001418911  
0.904157581  -0.1013232866  0.4150092292  
-0.2943659888  -0.9550265491  0.03567849835  
-0.05615372539  0.7041476979  0.7078296255  
0.5147810386  -0.8572565983  -0.01056441879  
-0.9678429935  -0.2078687436  0.1416704816  
-0.6146084558  0.1849684778  0.7668396888  
-0.9645336799  -0.05512075549  -0.258140432  
0.2650300439  -0.7429365732  -0.6146578918  
-0.8311066717  0.5554058816  0.02803581526  
0.02771790143  0.9143847028  -0.4038964388  
0.6399590606  0.07980063339  0.7642540544  
-0.1649879662  -0.6237821278  -0.7639861439  
0.655374336  -0.6646351276  0.3588100149  
0.5527316269  -0.6029086466  0.5753163586  
0.7265810983  0.0135013561  -0.6869480482  
0.9016676023  -0.3867849728  -0.1933724896  
0.8870928526  -0.325308584  0.3274761  
-0.9103670157  -0.4127768353  -0.0291063733  
0.7937386956  -0.2571789209  0.5512149179  
-0.2877345571  0.8747865695  0.3898169858  
0.8739045372  -0.004405733357  -0.4860776167  
0.8854494574  0.4176574991  -0.2038172509  
-0.7868482955  0.2002212957  0.5837646723  
0.05148830613  -0.7792202952  0.6246316402  
0.4897053522  -0.08349736153  0.8678806707  
0.9740813447  0.2075664758  0.08989823153  
0.08580688883  0.6440320157  -0.7601709943  
-0.9069860505  -0.3135365636  -0.2811958881  
-0.4284736557  -0.5410605674  -0.7236461765  
0.08619972244  -0.9600289755  -0.2662967782  
0.1696824974  0.8124796804  -0.5577496025  
0.0210912465  -0.2912138482  -0.9564254565  
-0.2411349635  -0.9194864699  0.3104811765  
-0.7484890549  0.4765962026  -0.4611075736  
0.702829248  -0.7012795086  0.1193235055  
-0.9098658801  -0.1949775686  0.3662346625  
0.5173017359  0.6817696654  0.5172900902  
-0.2538900421  -0.4900962965  0.8338737714  
-0.6612871983  0.1695544101  -0.730719196  
-0.9748033083  0.2023283769  0.09392410834  
-0.4103135756  -0.2786035737  0.8683448729  
-0.814317826  -0.3965382294  0.423844206  
-0.1955909439  0.8600874691  -0.4711621039  
0.3316907025  -0.8952711841  0.2974403886  
-0.7566754046  -0.6076459795  0.2412647833  
-0.06226959354  0.5166839445  0.8539087769  
0.2749382751  -0.5671674584  -0.7763568889  
-0.9118287833  0.2064127742  0.354911308  
0.2291655873  -0.4288638166  0.8738186084  
-0.305888184  -0.6670223915  0.6793478844  
-0.32190161  -0.9234218104  -0.2089773042  
0.336239006  0.06909865007  -0.9392383656  
0.6509664003  -0.3869043442  -0.6531062503  
0.7444219127  0.2471411293  0.6202880606  
0.631171314  0.4883631004  0.6025979212  
0.4602945216  -0.385236859  -0.7998259285  
0.6793922064  0.5778440393  -0.4522416346  
0.09563042682  -0.9953385962  -0.01248600916  
-0.5309855871  0.8188931956  -0.2178720739  
-0.5709171861  -0.3178954623  -0.7569650201  
0.09291707971  0.9854427587  -0.1423691879  
-0.5409783689  -0.03566947694  0.8402797705  
-0.005327259592  -0.4519809516  0.8920116814  
0.2140404867  0.2173378554  0.9523397118  
-0.07705055091  0.2279250858  -0.9706252458  
0.3192235299  0.7115544657  0.6259285744  
-0.3797896752  -0.8038523723  0.4578003563  
0.9259009082  -0.3705381115  0.07354601399  
0.3087436292  -0.7154800863  0.6267101544  
0.2884631501  -0.9454883907  -0.1511314461  
-0.3296861595  -0.8394712142  -0.4319665691  
-0.7960888511  -0.6049958599  0.01491813221  
0.4399090809  0.8765053966  -0.195494988  
-0.7909017855  -0.4114291238  -0.4529905538  
-0.6610696838  -0.4199004537  0.6218283381  
0.1216744523  0.924393056  0.3615145994  
0.7868653267  0.2118472896  -0.579623743  
0.6129140929  0.2369567911  -0.7537823253  
0.5057906043  0.6398899389  -0.5785470859  
-0.7825247351  0.5596190375  0.2729131213  
0.1195011671  -0.9654744092  0.2314705949  
0.8056223593  -0.3928052091  -0.4434824483  
-0.4755924845  0.5794336668  0.6618673692  
-0.4520236304  0.7693535542  -0.4514086245  
-0.4021506502  0.5336756607  -0.74395238  
0.8210928841  0.526672688  0.2200508019  
0.6215503626  -0.7085109646  -0.3341965887  
-0.2475505091  0.3584331302  0.9001357879  
-0.9712728463  0.1650467586  -0.1714311103  
-0.6863066152  -0.6201961732  -0.3799209611  
-0.04865293435  -0.05369299053  -0.9973715229  
-0.1546272121  -0.4397343869  -0.8847169572  
0.4709588712  0.4706936679  -0.7460865986  
-0.3039402307  0.226930632  -0.9252690551  
0.4575362018  -0.7419250148  -0.490110086  
0.3665366257  0.3732041722  0.852273165  
0.1808516048  0.300139131  -0.9365944688  
0.8770573651  0.1547721458  0.4547702291  
0.9688285749  -0.009679540828  -0.2475429236  
-0.473443342  0.8472207166  0.2409739803  
-0.08629274127  0.8627522567  0.4982088983  
-0.8189741804  0.5270696039  -0.2268896746  
-0.4404939208  -0.1462981385  -0.8857550228  
0.1110164557  0.9866400906  0.1192337125  
-0.6534746859  0.5630906985  0.5058652984  
-0.1519821497  0.6175194986  -0.7717325282  
0.4129365093  -0.1676961301  -0.8951879396  
-0.1123172929  -0.09624655314  0.9890002157  
-0.5207571146  -0.7991017506  -0.3004137477  
