1  0  0  
-0.7155254017  -0.6957224574  0.06319542577  
0.3313305746  -0.6980992052  0.6347263584  
0.0295260024  0.5549928623  -0.8313309437  
-0.2601467322  0.1921947171  0.9462477838  
0.2988197278  0.02949082444  -0.9538537946  
-0.7016586873  0.1277674592  -0.700964024  
-0.4622577978  -0.7929600376  0.3969031458  
-0.6610644154  -0.3591183115  -0.6588079211  
-0.4772164765  0.8536502632  -0.2086759752  
-0.09844541865  -0.891418326  -0.4423594326  
-0.7927744912  0.6094349752  0.009880137635  
0.02127752344  -0.929403239  0.3684520137  
0.7959228758  0.4099326528  0.445490736  
-0.1788424138  0.8384713164  -0.514763288  
0.3537812754  -0.3735031668  -0.8575162935  
-0.5162069169  0.8542181438  0.06198210756  
-0.8267272322  -0.5568689833  -0.08011878058  
-0.7427198662  0.2333800888  0.6276152758  
-0.971566805  -0.01824033264  -0.2360619276  
0.6295842061  -0.4788999404  -0.6117831108  
0.7750605924  -0.5857232923  0.2370850124  
-0.1049630172  0.9844471542  -0.1408778394  
0.2659068506  0.4772913521  -0.8375479163  
0.1768871447  0.7644621474  0.6199262563  
-0.6406693482  0.3935302406  -0.6593001866  
0.5348511331  -0.2432707228  0.8091684749  
-0.7901321779  0.3972354591  0.466792386  
-0.8980791273  0.4263002712  0.1082680003  
0.965295917  -0.2064145706  0.1599900547  
0.658704552  0.7343388525  0.163874229  
0.9129440891  -0.1425514859  0.3823769921  
-0.08202712594  0.8190000853  0.5679000007  
-0.9121375494  -0.1088847478  0.3951571872  
0.8258492143  0.5306710559  -0.1906864069  
0.9233350163  0.381163979  -0.04654534162  
0.2324177379  -0.5645199426  0.7920222405  
-0.3496622744  -0.1481345131  -0.9250905145  
-0.7466817133  -0.586912633  -0.3130494854  
-0.1823284878  -0.6726238234  0.7171704921  
-0.4585413009  -0.8564907095  -0.2369884803  
0.02406442911  0.9713770598  0.2363207798  
-0.8004498997  -0.03228787941  0.598529407  
0.3589183008  0.9116466303  -0.200195092  
-0.1829864749  0.5422476945  0.8200508446  
-0.971525558  -0.2138990313  -0.1019082657  
-0.5333552016  -0.002097412765  -0.845888781  
0.6519256982  -0.7516498705  0.1000767515  
0.8926384687  0.3328160331  -0.3040231114  
-0.4764157807  -0.4908393099  -0.7294551225  
-0.4300058686  -0.5660187776  0.7033617109  
-0.8409142542  0.009951972308  -0.5410768664  
-0.6281224747  -0.5591929139  -0.5410780367  
0.6685545989  0.1973438956  -0.7170007916  
-0.7608369348  -0.4790201333  0.4377977507  
-0.5448920839  0.6202085236  -0.5642995695  
0.7239221251  -0.5095695489  0.4650544393  
-0.6789406075  -0.6592900948  0.3230730914  
0.004489196855  -0.6743770996  -0.7383734656  
0.2567248629  -0.7004156164  -0.6659656966  
-0.9735408991  0.2173885369  0.07042969395  
0.1221980741  -0.4035937792  0.9067412487  
0.07685736684  0.8232487805  -0.5624539008  
0.4201430023  0.6806413996  0.6001725942  
0.6546790141  -0.05614516642  -0.753819016  
0.8028005145  0.2682287768  -0.532507894  
0.8057468927  0.2104626593  0.5536040228  
0.5604450102  0.7259559266  0.3986093114  
-0.5669245058  0.3137748481  0.7616704992  
0.5702548767  0.6274190854  -0.5302401973  
0.4138911951  -0.7976651387  0.4386620626  
-0.8643416845  0.3718054216  -0.3386357643  
-0.9138001944  -0.1900253308  -0.3589701635  
0.2617420514  -0.9176787743  0.2989260204  
-0.9726531958  -0.1720852959  0.1559884987  
0.09634960375  0.336253249  -0.9368300307  
0.09638474483  -0.3573045824  -0.9290013005  
-0.3114881209  -0.2539330224  0.9156927272  
-0.3350591189  -0.8303970273  -0.4451698147  
-0.2311575727  -0.8851513652  0.4038232749  
0.9084439887  -0.2924024876  -0.2987144198  
-0.3385692914  0.3375694516  -0.878303877  
0.3487541725  -0.9117886579  -0.2168224399  
0.135191418  0.9704532111  -0.1998595648  
0.5148371452  0.8571171542  0.01711425941  
0.5626731916  0.8037446038  -0.1933739676  
0.07871858667  0.4953493687  0.8651198686  
-0.6405608475  -0.4269966183  0.6382442233  
0.1542749705  -0.9204105135  -0.3592265581  
0.8767977006  -0.1353285119  -0.4614238682  
0.3315177008  -0.9419444605  0.05326018557  
0.335222097  0.7459966832  -0.5754260111  
0.6725536842  -0.7194976516  -0.1731896972  
-0.4520310326  0.4938606235  -0.742811975  
-0.7982161847  0.5380263659  0.270884758  
-0.323114064  0.8230927959  0.4670284263  
-0.6141396116  0.7078487818  -0.3489736947  
0.3519887508  -0.1064223665  0.9299345134  
0.3134694887  0.3881920273  0.8666278496  
-0.5150402503  0.7928592789  0.3257417756  
-0.4270693114  0.5381342303  0.7266521544  
0.7947583615  -0.2705534674  0.5432862671  
-0.07562331996  -0.9969620698  -0.01864791679  
-0.08548403962  -0.1103258093  0.9902124493  
0.05261398902  -0.1181851296  -0.991596714  
0.4885960455  0.3514770735  -0.7985848553  
0.686543267  0.1100262327  0.7187159179  
0.6588936806  -0.6236315927  -0.4206456398  
-0.2561076872  -0.5983189241  -0.7592254722  
-0.5043116786  -0.1101876951  0.856462727  
0.8913516949  0.3923197403  0.2271065331  
0.9679602354  -0.05703390359  -0.2445406235  
0.4812978748  -0.6797803791  -0.5533994867  
0.5183885117  0.2583276123  0.8151933486  
0.8984724456  -0.4231453509  0.1170268194  
-0.1317742436  -0.2731466723  -0.9529042156  
-0.1624979244  0.9818505927  0.09779487774  
0.2462865877  0.9377571082  0.2448561265  
0.08016310824  -0.7158248048  0.6936632648  
0.4722383681  -0.1327707135  -0.871414288  
-0.1322620929  0.1914565575  -0.9725487779  
-0.3023763983  -0.9529475569  -0.02143519567  
0.1583034782  0.03358247444  0.986819247  
