1  0  0  
0.6438841501  0.6129470345  -0.4579400988  
-0.3064609139  -0.9247844031  0.2255116761  
-0.4432022849  0.2420690652  -0.8631189387  
-0.1520892784  -0.04513211939  -0.9873357804  
0.647527209  0.7160191575  0.2608161798  
0.6129923122  -0.08268600608  0.7857502463  
-0.5462602564  -0.4995076805  0.6723777282  
-0.758214247  -0.04041130431  -0.650751936  
-0.6839695672  0.7011904202  -0.2012899047  
0.02390067256  0.8300976463  0.5571056053  
-0.6673337969  0.7434297358  0.04447281776  
-0.08630167568  -0.937298635  0.3376733475  
-0.9013419556  0.04596921967  -0.4306617117  
-0.1207816201  0.9690894094  -0.2151220973  
0.1564681034  -0.5409730252  -0.8263570164  
-0.486987791  0.8655964104  0.1165579074  
-0.6748371275  -0.6978182553  0.2400927611  
-0.8114930263  0.4459724042  0.3776078428  
0.9637496318  0.08871430704  0.2516275402  
0.5460328882  -0.512903594  -0.6624031916  
0.8121227521  -0.581648013  0.04628417166  
-0.3207189334  0.9454207481  -0.05761054488  
0.108362338  0.9881183119  -0.1089945199  
0.07473461349  0.5262859622  0.8470170149  
0.4737991615  -0.6583316136  0.5849049846  
-0.7765894109  0.391941301  -0.4932452772  
-0.687197387  0.1780902122  0.7043036473  
0.9726593074  -0.2282189537  -0.04301140374  
0.5055494751  0.8535859055  -0.1257411238  
0.8154413485  0.5691453403  -0.1054940223  
0.7916992451  -0.1769166413  0.5847331077  
0.4723007421  -0.7082154946  -0.5247502474  
-0.879817539  -0.2805533103  0.3836807762  
0.6634991346  0.7481624265  -0.004677818355  
0.9028711031  0.4200311168  0.09163859534  
0.2920385689  -0.6139991151  0.7332929571  
-0.5533772564  -0.1275214751  -0.8231111015  
-0.505129852  -0.8523534828  -0.1354155567  
0.2486865342  0.7331415463  -0.6329758927  
-0.4717872759  -0.792030954  -0.3874322317  
-0.1132144805  -0.9221552701  -0.36988125  
-0.2656088289  -0.8156673988  -0.5139442037  
-0.8542222063  0.2065431995  0.4771208747  
0.1160761599  -0.3483634667  -0.9301447308  
0.6671928761  -0.6139647953  0.4217829966  
0.4522884828  -0.4560328361  0.7664653813  
0.5183653036  -0.8455090899  0.1281085121  
-0.9180041466  -0.3678029118  0.1482882492  
0.8018269528  -0.0234479162  -0.5970960836  
-0.4019622667  -0.3647364591  0.8398771646  
0.8554770236  0.1746940546  0.4874844094  
0.7973303821  0.5096165466  0.3233500229  
-0.6477140984  -0.05932809541  0.7595700256  
-0.804388697  -0.494691788  0.3289967463  
0.2575203053  -0.3932617509  0.8826259047  
0.816618776  -0.5042199849  0.2808842849  
0.7289863514  0.4136689446  -0.545396098  
0.05997127387  -0.6988811826  -0.7127191164  
-0.3428198321  0.6180461246  0.707455688  
-0.9727360642  0.1352016559  -0.1884278683  
-0.09019336665  0.5389828818  -0.8374739457  
-0.05950989818  -0.8314762313  0.5523638736  
-0.6181760528  0.491780077  -0.6131971327  
0.4974537738  -0.09058245829  -0.8627482606  
0.2823814723  -0.9423620112  -0.1794841047  
-0.7645201476  -0.3907091004  -0.5126942001  
-0.785812482  -0.6067337059  -0.1198872519  
-0.3120757545  0.2108254786  0.9263699806  
-0.4574855724  -0.6881297003  0.5631913232  
-0.5118777861  0.7765339074  -0.3673911031  
-0.9194881764  0.3725575225  -0.1254686649  
-0.9041726314  -0.304456345  -0.2996300828  
0.332971844  -0.8965462316  0.292120875  
0.5834534475  0.4831689926  0.6527861818  
-0.1568304147  -0.4616338311  0.8730970318  
0.09501985454  0.2743735835  0.9569171145  
-0.02271521516  0.3305931659  -0.9434999617  
0.1814176818  0.6905270025  0.7001857493  
0.2856439121  0.8505406784  -0.4415745801  
-0.9697138439  0.0716732281  0.2334909193  
-0.3130143694  0.7933903362  -0.5220668338  
0.09820928887  -0.99511497  -0.01005644766  
0.4397926839  0.6790724386  0.5877440076  
0.3175889214  0.9101929071  0.2658686683  
0.4941354189  0.7941690309  -0.3537311664  
-0.2433050991  0.7761125451  0.5817662297  
-0.7823793168  -0.2000899251  0.5897852377  
0.1581501174  -0.8951831811  -0.4166960675  
0.9093206138  0.04753176873  -0.4133724135  
0.5347785784  -0.3129962093  -0.7848854981  
0.3321367813  0.5631220077  -0.7566893437  
0.7595042493  -0.6131887779  -0.2171469964  
-0.1231241481  0.7418425319  -0.6591738026  
-0.8875776771  0.4453984452  0.117584404  
0.1371511792  0.9827387854  0.1241532674  
0.6100719307  0.2875589705  -0.73832383  
-0.637172378  0.2913856618  -0.7135164727  
-0.637866385  -0.610681731  -0.469248653  
-0.3851515629  0.8478879131  0.3643409947  
-0.3514449021  0.4203362167  0.8365428535  
0.8964101212  -0.2703104757  0.3512565179  
0.6855385962  0.2579103174  0.6808223713  
-0.08690508782  0.1180434217  0.9891982897  
-0.2595087185  -0.4049954025  -0.8767177134  
0.4549845032  0.1447350716  -0.8786585576  
0.392364951  -0.02945027484  0.9193380372  
0.7186014111  -0.3751449806  -0.5855580718  
-0.3588435999  -0.5548407789  -0.7505884231  
-0.03477074175  -0.1095460186  0.9933733766  
-0.9750029873  -0.2161459528  -0.05147914054  
0.9691628934  0.1541076609  -0.1922865436  
-0.6609334853  0.5921295982  0.4610308741  
-0.2225653184  -0.2471373821  0.9430735886  
0.589496933  -0.7513069791  -0.2967005041  
0.4822187019  0.3460220201  0.804819163  
-0.06259132852  0.9705059503  0.2328100642  
0.9198572631  -0.2805817266  -0.2741103979  
-0.07898789773  -0.6536766871  0.7526404857  
0.2768382709  0.01954884704  -0.9607176559  
-0.20905454  0.1785492062  -0.9614657458  
-0.3307992824  -0.9436416356  -0.01059708862  
-0.3326072011  -0.1897241769  -0.9237841666  
0.131089104  -0.8902704633  0.436158399  
