1  0  0  
0.6649089403  0.680173251  -0.3086429162  
0.9166040418  -0.2568735078  -0.3063544215  
0.1484310188  -0.3689217622  0.9175319973  
0.1122333488  -0.1645935871  -0.9799554207  
-0.4802887484  -0.7848633348  -0.3915510999  
-0.2626546678  0.1792830222  -0.9480876138  
-0.6496750283  -0.5621269185  0.511796527  
0.6464110081  -0.01421811671  0.7628569026  
-0.2839198532  0.9532831594  -0.1031539378  
0.1360141971  0.7616916525  0.6335029319  
-0.8075885769  0.5881362176  -0.04354859342  
-0.2934616555  -0.9299331379  0.2215956133  
-0.8031243207  0.02666997162  -0.5952142792  
0.09103732915  0.9857761464  -0.1412713486  
-0.2491658394  0.3403243081  0.9066949596  
-0.6483288082  0.7610715775  0.02097165658  
0.7951486219  0.5952742087  -0.1157034376  
-0.8196932537  0.4572014857  0.34506488  
-0.7427362901  -0.1900110001  -0.6420581152  
0.4533325167  -0.7645567698  -0.4581949094  
-0.8104470483  0.5178840125  -0.273809663  
-0.09172800594  -0.924087149  0.3710106655  
-0.1090602711  -0.9654145815  -0.2368133085  
0.06654739541  0.6000364789  0.7971998922  
0.6703346252  -0.6144181868  0.4161030905  
0.5191779627  -0.6225968448  0.5855146555  
0.7510873805  -0.02628548232  -0.6596793314  
-0.9727038932  0.2205051497  0.07228149925  
-0.8108039803  0.2422248671  -0.5328452114  
0.8105241472  0.510871626  0.286462543  
0.665274097  -0.2379788318  0.7076556023  
0.2229305042  -0.8441835965  -0.4874997905  
0.8908624845  0.004102359074  -0.4542545589  
0.9129989609  0.3781496804  -0.1530872846  
0.9691889248  0.2413380143  0.04928276393  
0.1235606263  -0.7408743014  0.6601803096  
-0.4595248188  -0.00854458439  -0.8881238264  
-0.8846293695  -0.4611877062  -0.06882425675  
-0.297759389  -0.703754766  0.6450337786  
-0.7452593764  -0.6596832643  -0.09698686914  
0.2378959505  0.879785551  0.4115615397  
-0.8314820975  0.2155026301  0.5120509135  
0.5591259418  0.8171008949  0.1404432581  
0.02609028492  -0.4027219066  -0.9149504702  
-0.1117504672  0.948433525  0.2966238049  
-0.5468010805  0.4353079565  -0.7152031609  
0.4926471337  -0.8551436444  0.1613324179  
-0.9012687627  -0.2281745582  0.368308279  
-0.4455202306  -0.4283575  -0.7861434833  
0.4543877649  0.3470276786  -0.8204288814  
-0.9717819762  0.1645013302  -0.1690535507  
-0.9137541485  -0.3045246997  -0.2689201804  
0.6191319753  0.1616654572  -0.7684659245  
-0.7868153281  -0.1769833062  0.5912685928  
0.3279491732  -0.7710804825  0.5457877145  
0.6731367503  -0.7109189792  0.2036691445  
-0.8104660579  -0.4913256633  0.3189731362  
0.3722011505  -0.5004015635  -0.7817061972  
-0.160273076  0.5669111436  0.8080373113  
-0.9716266138  -0.07628886637  -0.223878834  
-0.128736634  0.5682753221  -0.8127053816  
0.09217921886  0.8108140626  -0.5779996085  
-0.5057528777  0.7719576992  -0.3850913364  
0.5616270012  -0.05491364383  -0.8255662319  
-0.6776745037  0.2274189478  0.6993124404  
0.6381384885  0.3992396425  0.6583213329  
0.6561104671  0.6894541158  0.306874693  
-0.4646873084  0.2678890261  0.8439793689  
0.7815053183  0.3746015587  -0.4989219475  
0.4579268227  -0.8862675384  -0.06951888598  
-0.7164525491  0.4405638243  -0.5409244509  
0.5061918432  0.6024571053  0.6171023044  
0.1080381997  -0.9657891517  0.2357521194  
0.09051069401  -0.7448175314  -0.661101096  
0.0744692563  0.4544677187  -0.8876448741  
0.114104751  0.2260065422  0.967419841  
0.2474260824  0.2974974834  -0.9221038885  
-0.3487584483  -0.7489875045  -0.5633695615  
-0.4877007404  -0.7211998826  0.4919539787  
-0.9674729939  0.04810310913  0.2483588069  
-0.3357438129  0.606200578  -0.7209694524  
0.2395759139  -0.964507262  -0.1110365843  
-0.5741800024  0.7794466712  0.2505597965  
-0.6306106847  -0.7711592635  0.08742742525  
0.4891330465  0.8273003054  -0.276266298  
-0.3611961334  -0.9069712892  -0.2166574112  
-0.285866992  -0.5173365804  0.8066244017  
-0.01501470061  -0.8802176676  -0.474332601  
0.5682034892  -0.4183297733  -0.7086218989  
-0.6729468858  -0.5599301952  -0.483343217  
0.4795310326  0.5553104938  -0.6794705618  
0.7553237478  -0.6281019887  -0.1870131751  
-0.1193846132  0.8763532596  -0.4666393453  
0.9181196147  -0.3825104224  0.1036443428  
0.5652582863  0.2113097593  0.797390278  
0.7245508768  -0.4248639922  -0.5426938503  
0.3552808839  -0.4082734844  0.8408853997  
0.8005064386  0.3602684201  0.4789531367  
-0.3564563432  0.8872073877  0.2929196589  
-0.3167381218  0.6908162222  0.6499614676  
0.91843164  -0.08544381103  0.386241735  
-0.4178892947  -0.1245192983  0.8999241533  
-0.04261771333  0.01756365772  -0.9989370593  
-0.2951864388  -0.601969382  -0.7419554093  
-0.6340641293  -0.3741846824  0.676718925  
-0.481903116  0.2158780241  -0.8492149701  
-0.5307047029  0.6026698074  0.5959375987  
0.2129291926  0.4262273222  0.8791993111  
-0.1925079889  -0.07110048888  0.9787161972  
0.8844414966  0.1429308591  0.4442229268  
-0.9726486836  -0.1584266413  0.1698691781  
0.6631075137  -0.6268974896  -0.4090085119  
0.2284293245  0.9728131473  0.03813953447  
0.8843242508  -0.3219669288  0.3380945375  
-0.3577245523  -0.2413962238  -0.902087029  
-0.03396120807  0.9985797077  0.04105123229  
0.8916013117  -0.4351600276  -0.1252311911  
-0.08951258613  -0.6519387783  0.7529696716  
0.3394031521  -0.1014104414  -0.9351585014  
-0.01632263116  -0.2309721574  0.9728234342  
-0.4354028696  -0.8994276495  0.03813455744  
0.2541964068  0.04280203173  0.9662050367  
-0.3138592944  0.8893021541  -0.3326169298  
0.2985329064  0.8436651084  -0.4462143977  
