1  0  0  
-0.973438786  0.2076872303  0.09634803718  
0.560202971  0.04083588182  -0.8273482109  
-0.4905796576  0.1441195706  -0.8593958046  
-0.1245476135  0.2052189008  0.9707590302  
0.6561766975  0.6423288263  0.3960376506  
0.1010295029  0.03436756215  -0.9942896511  
0.313382055  -0.7136993413  0.6264382952  
-0.6528826979  0.01344268479  -0.7573397368  
0.6634453165  -0.7444439351  0.0751234945  
-0.2813140652  -0.7806973964  -0.5580089353  
-0.6614198193  0.7321284131  0.1628244741  
-0.0802432883  0.9852560096  -0.1511013243  
0.7672960205  0.1173227271  0.6304698205  
-0.03787819803  -0.8210718045  0.569566795  
-0.3159068381  0.3146713278  0.8950892833  
-0.2968602038  0.952959541  -0.06117297316  
-0.7611798351  -0.6029539395  0.2388551978  
0.3337660469  -0.5243416023  -0.7833684382  
-0.8938055384  -0.08119771899  -0.441042617  
0.5569942659  -0.7057229236  -0.437849909  
0.8086708533  -0.5861661095  -0.0496058782  
0.01104945446  -0.9307761145  0.3654226788  
0.344800602  -0.8318025418  -0.4349908922  
-0.1408997869  0.6506769587  0.7461680411  
0.5545163671  -0.6557413416  0.5123620708  
-0.6433733369  0.4552659956  -0.6154702451  
0.6736850582  -0.1520814655  -0.7232009888  
0.9138640508  -0.4031575286  0.04813007184  
0.8084066772  -0.1062030518  0.5789642096  
0.8838006893  0.4474662637  -0.136639249  
0.6646742761  -0.2435545139  0.7063209649  
0.1509004173  -0.9224788574  -0.3553333951  
0.811466796  0.4379462683  -0.3869427672  
-0.1088093822  0.1541095501  -0.9820441767  
-0.9721643131  -0.2072721699  -0.109246492  
-0.1158932954  0.6690729816  -0.734104958  
-0.4929943854  -0.09677137441  -0.8646339324  
0.7516515449  0.658968335  -0.02794080348  
-0.3065196654  -0.5734944047  0.7597037992  
-0.638050913  -0.7480294725  -0.1826004949  
0.4535786588  0.8754153823  0.1670757573  
-0.4813361447  -0.4965096278  -0.7223528953  
0.0472539506  0.9647595282  0.2588553975  
0.1268529494  -0.4471328714  -0.8854267472  
-0.7001734943  0.3533047373  0.6204295613  
0.799831845  -0.3266844848  0.5035337795  
-0.4957279917  0.8679273993  0.03091581931  
-0.9140509728  -0.246882023  0.3218075293  
-0.09457374156  -0.995513353  0.002995237223  
0.2783454953  0.3870435345  -0.879045555  
-0.894533156  0.4041281232  0.1910258955  
-0.901972113  -0.4225808954  -0.08872256905  
0.9695847577  -0.1982492654  0.1435361499  
-0.808656897  -0.2472665452  0.5337914187  
-0.6253496276  0.7194708674  -0.3021580947  
0.7387964111  -0.536253354  0.4081815813  
-0.4099559081  0.8069817813  -0.4251077017  
-0.5251569127  0.564119547  0.6371650914  
-0.1415529896  0.8090396276  0.5704538826  
-0.9130834097  0.1605826955  -0.374822471  
-0.3020149085  0.2768614033  -0.9122142064  
-0.2860387329  -0.748931324  0.5977321434  
0.2227368848  0.8787232798  -0.4221773059  
0.3213817313  -0.06525332869  -0.9446987805  
-0.4769572126  -0.7921470119  -0.3808082575  
-0.7975708536  -0.3061486157  -0.5197631756  
-0.7911342195  -0.5853889038  -0.1772751478  
0.5218280324  -0.3753567725  -0.7660305463  
-0.648342642  -0.620924585  0.4405728978  
0.4692900548  -0.8596138078  0.2020666867  
-0.7950178861  0.5778929786  -0.184353644  
0.6600705878  0.4832175792  0.5751587522  
0.25140177  -0.9208545416  0.2980336611  
0.07129846793  0.7379979502  0.6710257476  
0.06719461405  0.5101763359  -0.8574409543  
-0.07045160661  -0.3321297014  -0.9405989754  
-0.08920629584  -0.2775917165  0.9565485224  
0.4861595325  0.6625515676  0.5698020089  
-0.4577489964  -0.7714792612  0.44191131  
-0.9738175061  -0.02624731275  0.2258108575  
0.2643388036  -0.5161619497  0.8146789789  
0.115327609  -0.9888060659  -0.09466840409  
0.9660334156  0.2352632488  -0.106914189  
0.398699084  0.8812134811  -0.2539721267  
0.2829148453  0.6270841405  0.7257579976  
-0.3517735978  -0.9348477998  0.0481136899  
-0.6767185889  -0.4425936349  0.5883560366  
-0.06265559503  -0.8754728336  -0.4791884744  
0.6556096348  0.2418423544  -0.7153239003  
-0.7574879609  -0.04533034593  0.6512734824  
0.4926844797  0.6167882269  -0.6138682975  
0.4944442143  -0.8281982764  -0.2638418729  
-0.4521339528  0.5604546888  -0.6938771004  
0.9298053849  -0.1779968803  -0.32214757  
0.4518780819  0.310961421  0.8361274985  
0.5999469455  0.7614531881  -0.245464264  
0.48065415  -0.3667983967  0.7965114716  
0.8051344679  0.4696390797  0.362212125  
-0.3120791548  0.9318094644  0.1853044069  
-0.3490190047  0.7024735914  0.6202552601  
0.971174768  0.01980007712  0.2375447894  
0.2683769914  0.8920571591  0.3636039265  
0.0894518627  0.09003556935  0.9919132828  
-0.6378819033  -0.2795431184  -0.717608753  
0.500206613  0.4337979749  -0.7494082074  
0.3043819525  -0.03043560385  0.9520637064  
0.6909834344  -0.5340690065  -0.4871469898  
-0.06724824906  -0.5599726669  -0.8257773824  
-0.292829481  -0.1517959534  0.9440386028  
0.9100076354  0.2772395874  0.3082601414  
0.8936280338  0.0399795525  -0.4470241297  
-0.7627162326  0.580056028  0.2860051624  
-0.4667669497  -0.2377815406  0.8518148588  
-0.880767001  0.3795620707  -0.2831644829  
-0.2629028558  -0.4391485129  -0.8590871155  
-0.2458130939  -0.957382906  -0.1516373768  
-0.8339145299  0.3673274094  0.4118945631  
0.1050683251  0.6803974901  -0.7252722954  
-0.4911625035  0.1697360112  0.8543705763  
0.1084035488  -0.3951902511  0.9121805392  
-0.5679123166  -0.8223113426  0.03577228642  
0.2766222983  0.2048534527  0.9388903914  
-0.1771609574  0.8406073577  -0.5118527771  
0.170322902  0.962045871  -0.2132084686  
0.826700239  -0.1630749258  -0.5384916745  
