1  0  0  
-0.6894308604  -0.7242703802  -0.01083997714  
-0.09141628021  0.944430389  0.3157440484  
-0.336395173  0.2909156613  -0.8956597376  
0.2697923385  -0.02309421818  -0.9626415486  
0.8835347141  0.2968117841  0.3623108802  
0.5153424555  -0.3559888164  0.7795473791  
-0.6352957659  -0.6858031839  0.3550679975  
-0.6325842328  -0.2813550927  -0.7215791712  
-0.7585509539  0.6501007713  -0.04437834373  
0.1390482805  0.9555130992  0.2601159221  
0.6683753433  -0.7222300232  -0.1779274964  
-0.05994606416  -0.9816914411  0.1807992914  
0.6769184114  0.04090223422  0.7349207247  
0.2810922077  -0.9273475438  0.2470095216  
-0.2529265753  0.4843481182  0.8375171926  
0.0078990856  -0.9957753828  -0.09148219161  
-0.9723147044  -0.2272624018  0.05436834004  
-0.64297608  0.2531512456  0.7228389914  
-0.814269464  0.02909896706  -0.5797572682  
0.5683427212  -0.6352373624  -0.522934073  
-0.805342125  0.5260148499  -0.2733723458  
-0.1449141243  0.985984171  -0.08267473106  
-0.5913175714  0.8055163971  -0.03855987359  
0.01107312553  0.7515172699  0.6596204809  
0.6729245996  -0.5800586554  0.4590255326  
-0.08620303316  0.9323117951  -0.3512317666  
-0.7719279576  -0.1209898442  0.6240902866  
0.8625002986  -0.3759412036  -0.3387645885  
0.8845889396  -0.1709946201  0.4338931295  
-0.9144045412  -0.07422083498  -0.3979391946  
0.5439907984  -0.1335756376  0.8283909465  
0.3222133849  -0.8810072739  -0.3464169713  
-0.9029946536  0.1525062013  0.4016746371  
0.826193766  0.5585988832  0.07328812041  
0.9721055082  0.1500486195  0.1802672811  
-0.3153512763  0.7039847472  -0.6363639275  
-0.5092043854  -0.1144427061  -0.8530027907  
-0.9211186041  -0.3658465007  -0.1330295274  
-0.08837132052  -0.7446501226  0.6615789481  
0.6837735141  0.6909286706  0.2346728651  
0.4586968335  0.7013667618  0.5456023096  
0.1541213699  -0.8415204737  -0.5177739813  
-0.7951963508  0.1101391957  0.5962651434  
0.0544613088  -0.3766898196  -0.9247371224  
-0.893049787  -0.4352189466  0.1142214802  
-0.6616991747  0.4153813938  -0.6241894744  
0.883792272  -0.4630643206  0.06695263263  
0.9152132256  0.2789666438  -0.2907960856  
0.3078134264  0.8602625581  0.4064470762  
-0.2893531162  -0.6444410502  0.7077927006  
-0.7129300756  0.2061208974  -0.670257326  
-0.8066233789  -0.5056190186  -0.3061178412  
-0.3889853594  -0.9162030831  0.09624084724  
-0.8048228092  -0.4836648559  0.3439891757  
-0.4853952377  0.8360335409  -0.2558112229  
0.6632356756  -0.7036395009  0.2549703736  
0.7635237417  0.6224300447  -0.1720823505  
0.2080368862  -0.6832612913  -0.699910467  
-0.3695278025  0.7565945712  0.5394570029  
-0.9231483254  0.3623641782  0.1284109485  
0.1353288525  -0.44621761  0.8846332269  
-0.1053861764  0.8157522387  -0.5687196487  
-0.9711331944  -0.06426956683  0.2297166549  
-0.4503512098  -0.08489247946  0.888806534  
-0.2658690692  0.265182932  0.9268180245  
-0.5747128715  -0.496207356  -0.6507560028  
0.3809982297  0.5672435002  0.7301199631  
0.6404179773  -0.03692699638  -0.767138326  
-0.4840451391  -0.6851955768  0.5442493223  
0.3856530347  -0.9215522469  0.04486862088  
-0.8042861985  0.3719579829  -0.4634338894  
-0.212469491  -0.42755604  -0.8786652082  
-0.5027742917  0.7297457203  -0.4633456542  
-0.3425897051  -0.9232255351  -0.1740313344  
0.07204740774  0.5661380566  -0.8211558146  
0.07560368135  -0.1312440115  -0.9884629952  
0.06789391353  0.3488652327  -0.9347103647  
-0.03529533667  0.5696630879  0.821120092  
0.2881002331  0.7998704428  -0.5265031153  
0.9700092281  -0.1540032381  -0.188056109  
-0.4506765308  -0.3289398657  0.82987302  
-0.2434648396  0.9601532087  0.1372249531  
0.4710719951  -0.8674765826  -0.1599235883  
0.5252068911  0.8462435928  0.08960749559  
0.5722372354  0.8034369626  -0.1644189575  
0.4370657753  0.359595087  0.8244179046  
0.665161768  0.5345107362  -0.5214001297  
-0.07971778313  -0.8770643403  -0.4737121679  
0.8101887113  0.3102347519  -0.4973415836  
-0.6450162982  -0.6165971481  -0.4513999689  
-0.4392238689  -0.8273826458  0.3500290708  
0.8135435249  -0.5561896928  -0.1697055058  
-0.3311884194  0.5136475047  -0.7915051938  
0.774640128  -0.3396454555  -0.5334544373  
0.2680883653  0.4572858284  -0.8479494676  
-0.6551984059  -0.3663441492  0.660686774  
0.5029525126  -0.5749809161  0.6453183061  
0.7452901852  0.4146591045  0.5221114507  
-0.9728648719  0.2261430612  -0.0489209252  
-0.4182179021  0.5798734195  0.6991713693  
-0.9697220152  0.0808795273  -0.2304294151  
-0.1407068985  -0.0117678654  -0.9899813564  
-0.06865407275  -0.1095059891  0.991612352  
-0.1703751582  -0.6163436468  -0.7688256074  
0.4823881453  0.5194912319  -0.7052875565  
0.3512575804  -0.06091905119  0.9342949114  
-0.7287269153  0.5635884613  0.3890053073  
-0.2468405374  -0.7572315651  -0.6047066279  
-0.2654094062  -0.2254469082  0.937406816  
0.794091152  0.2005989509  0.5737414951  
0.8941797379  0.07844928304  -0.4407814723  
-0.5374731854  0.7656573656  0.3533997361  
0.2496672478  0.9264048052  -0.281851738  
0.9134968333  -0.3179183985  0.253872857  
-0.3196921598  -0.183876771  -0.92950861  
0.198913176  0.9800168793  -0.0006817510569  
-0.6188486146  0.4598420385  0.6368451082  
0.1261441754  -0.6497349336  0.7496213465  
0.4632019352  -0.1507859502  -0.8733313028  
0.1363285455  -0.2193255983  0.9660801259  
-0.5076863438  -0.7967163534  -0.3278683098  
0.1161362588  0.244660844  0.9626284022  
0.3022940783  -0.8396769849  0.4511771839  
-0.09994394789  -0.8854494601  0.45386172  
0.4575178989  -0.3730396014  -0.8071671624  
0.6119768991  0.1842016791  -0.7691254881  
