1  0  0  
0.5095131736  0.841668021  -0.1788610308  
-0.5289026231  0.1521471099  0.8349330945  
-0.4884754327  0.1772191338  -0.8543916726  
0.3494202738  -0.02278666843  -0.9366889772  
0.8457771964  0.3623823637  0.3915864611  
-0.6842235089  0.4265819012  -0.5914947772  
-0.4802640177  -0.7814116747  0.3984247331  
-0.2702236692  0.09665107779  -0.9579340989  
0.5976055363  -0.7602063042  0.2548607424  
-0.3918978714  -0.6081184234  -0.6903680479  
0.7088957679  -0.6791052967  -0.1904804092  
0.1212647753  0.9921841247  0.02941966915  
-0.8297805427  -0.1758425954  -0.5296636976  
-0.03391239513  -0.8760528116  -0.4810212269  
-0.3279013625  0.2571084054  0.9090522341  
-0.6770620582  0.7352018354  -0.03263786945  
-0.8989270279  -0.4001763349  -0.178294979  
-0.6756705058  0.2889829868  0.6782021829  
-0.93433975  -0.1716603864  -0.3123170557  
-0.3616248732  0.8608166494  0.3580812019  
0.8267554343  -0.5622604904  -0.01840089226  
-0.282234091  0.9561197497  -0.07860624688  
0.0929178601  0.7339004174  -0.6728717921  
-0.0027821507  0.7425589586  0.6697749268  
0.6640597116  -0.6076921753  0.4355857199  
0.5140791195  -0.3916689024  0.7630977197  
0.8283554128  0.06006313214  -0.5569737249  
0.779210487  -0.3893316252  -0.4911740044  
0.7735177244  -0.02328560647  0.6333467538  
0.9752089175  0.2029522823  0.08819262024  
0.6684152552  -0.2185730828  0.7109478561  
-0.2207378781  0.6758446703  0.703213176  
-0.8268532945  0.1683958883  0.5366157416  
0.8130131833  0.5578776716  -0.1666795351  
-0.975648047  -0.1535894602  0.1565923563  
0.3251929951  -0.5263235393  0.7856418064  
-0.6159262301  -0.01470701668  -0.7876665429  
0.8140849505  0.5766290738  0.06902611581  
-0.266056007  -0.6155186002  0.7418564915  
0.5048678533  0.8616035652  0.05241895883  
0.4635556924  0.840244723  0.2812559788  
-0.2124816181  -0.8339235703  0.5093358822  
-0.6097482691  -0.6982728787  -0.374996047  
0.04838798374  -0.5651092951  -0.8235958278  
0.2724399728  -0.844597771  0.4609024478  
-0.8122725851  0.4377232143  -0.3855017967  
0.4926233261  -0.8684615706  0.0556485306  
-0.9236589853  -0.3794324437  0.05371312341  
0.5913309985  0.5840931077  0.5560241827  
-0.4758416603  -0.5234366804  0.7068159279  
-0.8975064686  0.03626267403  -0.4395078581  
-0.6657876138  -0.7285098851  -0.161245777  
-0.6809505739  -0.7292921608  0.06662777258  
0.8892829389  0.3645094573  -0.2762403122  
-0.5137065979  0.5830814482  -0.6293818841  
0.8929503949  -0.4221374481  0.1563315937  
-0.6649386878  -0.6856926151  0.2961117681  
0.2729197998  -0.4766947875  -0.8356296204  
0.2162331372  0.7683409478  0.6024080164  
-0.8329940338  0.4910686952  0.2548969915  
-0.1199183169  0.4449617811  -0.8874844284  
-0.09180261822  0.8085393039  -0.5812370199  
-0.5160820811  -0.3100921276  0.7984373225  
0.5368983901  0.08182784359  -0.8396691745  
-0.7211402215  -0.4072963425  -0.5604163367  
0.5469354514  0.4274856162  0.7198039039  
0.4218226504  0.7525718904  0.5056690631  
0.6984390451  -0.05477913573  -0.7135700012  
0.5941440319  0.6137935891  -0.5198560371  
-0.3970329904  0.8773276209  -0.2695571369  
-0.9178081044  0.242730407  -0.314181847  
-0.3418706609  -0.4235491713  -0.8388864946  
0.06176636954  -0.9924478064  0.1059823912  
0.3106949326  0.421023454  -0.8521783323  
0.1159729061  0.3348298812  -0.9351145575  
-0.108511043  0.3566387225  0.9279192719  
-0.131801075  -0.1081298187  0.9853610602  
-0.3218484026  -0.9433902596  0.08017745244  
-0.07831798077  -0.5411065992  0.8372991951  
-0.9770441474  0.1405274481  0.160114866  
-0.1448990973  0.9319542921  0.3323634292  
0.3305560188  -0.9327656927  -0.1438084873  
-0.9163655202  -0.1610453452  0.366522346  
0.1237191567  0.9672847894  -0.2214807136  
0.3089414434  0.8971987875  -0.3155780731  
0.1086845515  -0.9873245046  -0.1156632654  
-0.7618714903  -0.5032390741  0.4078017492  
0.1172612181  -0.6450575137  0.7550831813  
0.8074099473  0.2970686962  -0.5097444131  
0.9275587547  -0.362670106  -0.09002861089  
0.3843022904  0.713991202  -0.5852591846  
0.6970809514  -0.5860411522  -0.4130785822  
0.4812482706  -0.7454522231  0.4611952787  
0.4942124758  -0.3743150627  -0.7846287419  
0.1266149547  0.4217859539  0.8978113735  
-0.9010465903  0.2841210061  0.3277045866  
0.8146922797  -0.241338646  0.5272875377  
0.7667127629  0.5567545638  0.3196496439  
-0.5562614528  0.7412264696  0.3757080208  
0.1965671175  -0.8235034377  -0.5321686354  
0.9744714172  -0.03113774511  0.2223418492  
-0.3128683714  0.7035715275  -0.6380442679  
-0.06368276915  -0.2181882519  -0.9738266743  
-0.178421065  -0.6100839977  -0.7719866834  
0.6592761899  0.4139959143  -0.6276641525  
0.4228819133  0.04194586068  0.9052134733  
0.4200110713  -0.7245444826  -0.5464668267  
-0.2563541605  -0.882430107  -0.3944612157  
-0.3356480843  -0.204075258  0.9196160354  
0.6822195915  0.2177965999  0.6979549198  
0.9328394895  -0.05325219018  -0.3563350825  
-0.5343391596  0.8292200744  0.1639381919  
-0.765920738  0.605448612  -0.2163270703  
-0.9722084951  0.2197937558  -0.08063093053  
-0.4946704994  -0.2408656066  -0.8350358415  
0.08086498037  0.9617045846  0.2618876608  
-0.6081551653  0.51743763  0.602001324  
0.08384709723  -0.2324152301  0.9689957818  
0.1459996435  -0.1209790181  -0.9818595527  
-0.3123115068  0.3188097138  -0.894886523  
-0.3001316356  -0.9402046517  -0.1610472425  
0.2760496599  0.2046535808  0.9391024955  
-0.1604160966  0.9413983592  -0.296708283  
-0.02594117384  -0.9083893014  0.4173199403  
-0.4246787777  0.5733958066  0.7006177166  
-0.6921437483  -0.1873544315  0.6970189013  
0.07918121373  0.003634500637  0.996853613  
