1  0  0  
0.505697228  0.8573979105  -0.09559883171  
-0.6857146492  -0.6884699234  -0.2362299398  
-0.6103880682  -0.2766404431  -0.7422240035  
0.1962657546  -0.08666672714  -0.9767131779  
0.8121046112  0.5767448258  0.0886087266  
-0.7975024595  0.06424834879  -0.5998849696  
-0.2081048472  -0.9018816976  0.3785522107  
-0.6362414402  -0.6030693784  -0.4811487863  
0.7472886202  -0.5996238663  0.2863755176  
-0.3204691235  0.9382545238  0.1302996142  
0.8812123873  -0.3846253776  -0.2748236659  
0.2673662482  -0.8939465417  0.3596871834  
0.718932344  0.4056638515  0.564422824  
0.4678073641  -0.8438317242  0.2628769511  
-0.1976346197  0.2966959075  0.9342976483  
-0.6585679825  0.743929201  0.1133911653  
-0.951390997  -0.2443756802  0.1874451861  
-0.6043887238  0.1982111162  0.7716389207  
-0.8590481249  -0.3015787191  -0.413626154  
-0.5914447169  0.5697107768  0.5706336633  
-0.9489711894  0.256297555  -0.1837532176  
-0.5841709336  0.7046555315  -0.4027466975  
0.08562312736  0.818638049  -0.5678912086  
-0.1619032213  0.6416002929  0.7497575682  
0.8974301061  -0.1704139011  0.4069131443  
0.5933854331  -0.4093127404  0.6930777794  
-0.7925484661  -0.1165307987  0.5985712171  
-0.8953340123  0.03672976803  0.4438782836  
0.8979774451  0.06087311489  0.4358107066  
-0.902652861  -0.38931933  -0.1834346528  
0.6567022663  0.05130707863  0.7524026297  
-0.3045474579  0.8815432989  0.3607384898  
0.8954753551  0.1898509838  -0.402592216  
0.7872727553  0.5945252474  -0.1635277924  
0.9756685087  0.2170673357  0.03086637101  
0.2539281146  -0.3191897862  0.9130380019  
-0.4608594431  -0.147246997  -0.8751724948  
-0.9023879511  -0.4270955195  0.05731843448  
-0.07426936972  -0.5314343152  0.8438374425  
0.3286576333  0.9428597434  0.05476919176  
0.1255481539  0.8761325206  0.4654347079  
0.5380108396  0.4844814067  0.689798596  
-0.4049505044  0.2596900313  0.8766847647  
0.06184769289  -0.4716753512  -0.8796006059  
-0.4482751707  -0.666544287  -0.5956241137  
-0.4559820688  0.2813489271  -0.8443477566  
0.7837446778  -0.6203240444  0.03069788265  
-0.630481505  -0.7336945612  0.2533483031  
-0.8415982138  0.3910190575  -0.3725809218  
-0.1985186065  -0.6813350256  0.7045373984  
-0.7789203489  -0.1796748722  -0.6008327806  
-0.5260253485  -0.8388555621  -0.1400666936  
-0.3272212084  0.9388808054  -0.1069070342  
-0.7207424709  -0.5658896901  0.400373762  
-0.6911614007  0.5172836566  -0.5046915264  
0.7669141798  -0.2981338303  0.5682946947  
-0.3034066024  -0.9382478128  0.1662392113  
0.3027891301  -0.4742888173  -0.8266612731  
0.2495829302  -0.7784670022  -0.5759318427  
-0.9039543487  0.423831239  0.05686489559  
0.1580113251  -0.5155749167  0.842148993  
-0.278167582  0.6677268404  -0.6904807477  
-0.9491594447  0.1797042567  0.2584622383  
0.4855488093  0.1996189996  -0.8511137461  
-0.0924689376  0.8905802168  0.445327265  
0.3186651209  0.5601045703  0.7646799403  
0.3354237071  0.8152061382  0.4721545182  
0.4571099727  -0.04853742456  -0.8880847883  
0.4357616528  0.8375153098  -0.3296663279  
0.5028189045  -0.6084141054  0.6140076755  
0.8736641483  -0.4596758054  0.1594023525  
-0.2152826518  -0.7322748543  -0.6460858438  
-0.6411752954  0.7524890083  -0.1505142283  
0.2925528285  0.502510843  -0.8135697237  
0.002840073179  0.3482023748  -0.9374150842  
-0.0217337371  -0.2640596788  -0.9642614431  
0.09784152019  0.1364655496  -0.9858012937  
0.1099800164  0.9931391853  0.03973606113  
-0.04505064734  0.6903906583  -0.7220326711  
0.9760035031  -0.2145340287  -0.03731370402  
-0.6511315028  0.1872853966  -0.735494355  
0.4966705804  -0.8317772218  -0.2479213339  
-0.678348097  -0.7346858678  0.008974125363  
-0.08808832278  -0.9791879662  0.1828424846  
-0.02445989392  0.9182126969  -0.3953317048  
0.1296754997  -0.9709930366  0.2008899888  
-0.5445560462  -0.6908217955  0.4756300657  
0.1082542406  -0.9657279615  -0.2359036324  
-0.7797723153  -0.3531700507  0.5169391178  
-0.1152845069  -0.9593186374  -0.2577154135  
0.3273085705  0.7800073889  -0.5333456411  
0.8438735389  -0.2617387562  -0.4683698046  
-0.3843238017  0.4889519751  -0.7830844025  
0.76638864  -0.1138981302  -0.6321990734  
0.1780952024  0.4169246747  0.8913225648  
-0.4838759654  -0.4050442156  0.7757597782  
0.4951081902  -0.07181268892  0.8658584282  
0.5242637716  0.768755465  0.36628204  
-0.7885851336  0.5795861317  0.2054590059  
-0.3934690362  0.624456046  0.6747123566  
0.9535114522  0.1738913945  0.2461253612  
0.4606128048  -0.7479179669  -0.4779692028  
0.04965936089  0.05122883472  0.9974515298  
0.08292432692  0.6122032263  0.7863401081  
0.4298474995  0.6140717846  -0.6619267108  
-0.2991239304  0.03804965419  -0.9534553467  
-0.7557920116  0.4888517281  0.4356631991  
0.01431011846  -0.7729517062  -0.6343034608  
-0.2478015697  -0.3182030895  0.9150634819  
0.7891008467  0.5108818704  0.3410565469  
0.9743603164  0.03139976283  -0.2227914467  
0.6421188787  -0.6793928199  -0.3551179267  
-0.6590253216  -0.2721005588  0.7011753785  
-0.9746436033  0.04316896049  -0.2195593025  
-0.3995245761  -0.359452102  -0.843311508  
0.5061906121  -0.8624216027  0.0002081787758  
-0.6984432484  0.3535814553  0.6222195619  
0.8576504225  0.4155451526  -0.3029157951  
-0.3120396944  -0.1037815373  0.9443837258  
0.1257173356  -0.1609668744  0.9789202301  
-0.3337606016  -0.9030702245  -0.2703109884  
0.2455421674  0.1903250019  0.9505185099  
-0.3882825808  0.7719433216  -0.503329063  
0.1574528415  -0.8153724785  0.5571142828  
0.5157597788  -0.4244588048  -0.7441952523  
0.6226154482  0.496085283  -0.6051854225  
-0.1149179544  0.9932120464  0.01799151647  
0.6401113485  0.04041991149  -0.7672181517  
