1  0  0  
0.8142842783  0.5059289262  -0.2845646424  
-0.5137271721  0.3497645038  0.7834214604  
0.3603697235  0.1652432386  0.9180568253  
-0.001340789129  -0.3845745082  -0.9230929801  
0.7038455845  0.6405268347  0.3071266307  
0.9086572511  -0.1718044553  0.3805591007  
-0.7019968962  -0.5373024442  0.4674467254  
-0.8024154733  -0.2872816905  -0.5230665717  
0.4828256294  -0.8394197533  0.2495072931  
0.5277557398  0.795683317  0.29725736  
0.899884637  -0.3598489229  0.2464069657  
-0.02093978452  0.9537789256  -0.2997787292  
-0.7457615736  -0.1006298439  -0.6585691382  
-0.1213726624  0.9888726737  -0.08602041635  
-2.770194124e-12  1.705991012e-07  -1  
-0.5583681694  0.828297765  -0.04634436148  
0.8871695259  0.4536649475  -0.08437030079  
0.2608677669  -0.6703236622  -0.6947043947  
-0.8794147183  -0.0584242987  -0.4724577807  
0.3075151141  -0.8830942435  -0.3543712908  
0.6842837671  -0.702050121  0.1971835532  
0.3947328601  -0.7459306736  -0.5364451503  
-0.9702613615  -0.06090976055  0.2342709788  
-0.4870575436  0.5678216475  0.6635913847  
0.6664469828  -0.5201144019  0.5341623611  
0.5367771643  -0.4582669782  0.7084219453  
-0.9174076872  0.1090031893  0.3827289382  
-0.8510779013  0.5018695631  0.154250924  
0.8024991346  -0.1241179086  0.5836007914  
0.8063176983  0.580989802  0.110917174  
0.645531639  -0.08296601844  0.7592137663  
-0.04068573637  0.7174645036  0.6954058937  
0.9027307337  -0.3220567715  -0.285230886  
0.9112644688  0.2926822442  -0.2897139481  
-0.9678960733  -0.2369746065  0.08378679617  
0.1303078085  -0.4183237629  0.8989021662  
-0.5684628363  -0.1356147085  -0.8114546534  
-0.9132037476  -0.3861992449  -0.1300348363  
-0.1596059846  -0.7146603564  0.6810187257  
-0.8278023517  -0.4517259707  -0.3326964291  
0.2089007755  -0.9684003042  -0.1362399234  
-0.3251824626  -0.2915907021  0.8995728033  
-0.3906283648  -0.68901325  -0.6104672161  
-0.1013690335  -0.5690939848  -0.8160002179  
0.3869436123  -0.8083467011  0.4436780947  
-0.6871282068  0.2991355938  -0.6620972164  
0.3479581701  -0.9353188954  0.06405993843  
0.8855855557  0.1137622107  -0.4503291939  
0.3057292741  0.8303176243  0.4659423288  
0.2421838985  0.5176762459  -0.8205840991  
-0.4475941958  0.05055800848  -0.8928064312  
0.9123069991  0.2376041865  0.3335268953  
-0.5167227989  0.7783262033  0.3566593196  
-0.7471496485  -0.1532805586  0.6467398805  
-0.4639919063  0.6378932928  -0.61465735  
-0.7728438601  0.5421605143  -0.329809558  
-0.8097378447  -0.3319566806  0.4838691817  
-0.8022129119  0.05446162546  0.5945488839  
-0.5343293815  -0.5157776027  -0.669675725  
0.8462579466  -0.5225292386  0.1039744324  
-0.06554217421  0.2132230642  -0.9748026202  
0.07853612859  0.8623296334  -0.5002196316  
-0.7510317914  -0.6525337928  0.1007516629  
-0.4690569455  0.1493974264  0.8704401133  
-0.1111503766  -0.9873214097  0.1133226712  
0.4568532944  0.3495537318  0.8179836526  
0.6519886284  0.6955026868  -0.30197159  
0.3382440204  -0.4831208902  -0.8075798339  
-0.5537512183  -0.5485079175  0.626497129  
-0.2580824881  0.9263535185  -0.2743402779  
-0.8087525171  0.3520132132  -0.4711751944  
-0.3439510173  -0.9013758015  -0.2630957281  
0.05466351353  -0.7486397425  0.6607196351  
-0.3470034585  -0.9297618978  0.1230098091  
0.02042086033  0.5765842094  -0.8167824912  
0.3237695533  0.5456945235  0.7729105792  
-0.1011121583  -0.3690190249  0.9239054555  
-0.6521574217  -0.7518248513  -0.09721157509  
0.3014472636  0.8085419535  -0.5053607195  
-0.9755454197  0.1621787814  0.1483549021  
0.4414249676  0.8420382846  -0.3100250396  
0.1518103468  -0.8688570133  0.4712123821  
0.2356578858  0.9687132188  0.07784639159  
-0.5709582469  -0.812145681  0.1201085888  
-0.5115838548  -0.7126757915  0.4799741407  
-0.0650272893  -0.856349639  -0.5122858065  
0.6640796642  0.3607758605  -0.6548579831  
-0.1329779652  -0.9413407748  -0.3101522311  
0.6725906105  -0.2053598916  -0.7109494958  
0.6511954564  0.3180302306  0.6890582341  
0.4516576842  0.4286572416  -0.782469364  
0.7206577943  -0.6334818428  -0.2816968199  
-0.3539049994  0.4495177566  -0.8201737852  
-0.7833300556  0.4652755071  0.4122047143  
-0.2963942424  0.2461886203  -0.9227901258  
0.4221794625  0.08091344002  -0.9028939676  
0.5070947919  -0.2590649221  0.8220342074  
0.6992021687  0.4960068293  0.5148723653  
-0.4191473529  0.8949494631  0.1529083226  
-0.08816963221  0.937657508  0.3361911862  
-0.9654557245  -0.002442243348  -0.2605557129  
0.2661214625  -0.06361086058  -0.9618383573  
-0.09689849664  0.2016483663  0.9746530756  
-0.1670500464  0.8288956672  0.533878502  
-0.5577785398  -0.2229876692  0.7994745774  
0.1380860819  0.1860970984  0.9727795762  
0.6094388443  -0.7767132396  -0.1590623731  
-0.1287356312  0.5322055919  0.8367701866  
-0.1734416497  -0.1451810293  0.9740844229  
0.9759547254  0.1767932633  0.1275010428  
0.9375504416  -0.3473211383  -0.01916236773  
-0.7452823263  0.6662878973  0.02479298292  
-0.5894879539  0.6951710153  -0.4113893676  
-0.9747097207  0.1839290048  -0.1269294357  
0.1807202417  0.7283170858  0.6609798914  
0.012954527  0.9935531162  0.1126249775  
0.6155348154  -0.6185212457  -0.4884141272  
0.2105823441  -0.6000190301  0.7717721424  
0.2821273896  -0.3030128109  -0.9102677477  
0.2305277941  -0.03179060934  0.9725462936  
0.3644820714  0.6464224079  -0.6702916457  
-0.235141056  -0.3767457635  -0.895975063  
-0.2740368494  0.7365701548  -0.6183592905  
-0.2149252584  -0.9236199399  0.3173851603  
-0.6658559148  0.4213173025  0.6157334093  
0.6252297418  0.002527255697  -0.7804366617  
0.465182713  0.8824054925  0.07046694532  
0.8135608522  -0.2667496248  -0.5166849885  
-0.5567978005  -0.678585807  -0.4790589859  
