1  0  0  
0.4816428594  0.8285209332  -0.2856102577  
-0.5398709922  -0.68730749  -0.4859503328  
-0.5795139259  0.2329800013  -0.780950657  
0.2633480705  -0.01778370605  -0.9645369529  
-0.8378763459  -0.4304269069  -0.3357021102  
-0.845677202  0.1709765797  -0.5055660977  
0.5635816657  0.691050657  -0.4525756242  
-0.793784204  -0.2823457017  -0.5386905811  
0.3584898877  -0.8156684088  0.4540595195  
0.1020102612  -0.8709901422  -0.4805934651  
-0.924309585  0.3810958215  0.02043932507  
-0.0767099801  0.9884937332  -0.1303676276  
0.8479730995  0.05583819404  0.5270898582  
0.2268005469  -0.9264071679  0.3005516117  
0.1094419697  -0.2113496003  -0.9712640227  
0.801695352  -0.5941224608  0.06559774444  
0.8949333145  0.4409388931  -0.06831731263  
-0.6716546352  0.05750334219  0.7386294176  
-0.9086663419  -0.2116118733  -0.3599248452  
-0.3823744264  0.4353299522  0.8150322882  
-0.8830681763  0.4278355188  -0.1927365166  
0.6824162021  -0.7260415623  -0.08468634457  
-0.245869548  -0.9234252102  0.2946761723  
0.01170849565  -0.5776655841  -0.8161895516  
-0.7149347006  0.328524533  -0.6172033741  
0.549426735  -0.4680458774  0.692144002  
-0.7704344393  -0.1290113185  0.6243291235  
0.904747191  -0.3433854175  -0.2520297115  
-0.9461076016  0.02727278038  -0.3227020324  
0.9271721692  0.3456067461  0.1445951097  
0.5509999231  -0.01473725706  0.8343751542  
-0.4450372619  0.6122641125  0.6535093665  
-0.8966352658  -0.1028852751  0.430650462  
-0.5936939743  -0.7996301518  0.0901059662  
-0.9727643796  -0.2257768727  0.0524810967  
0.3336997577  -0.5579054162  0.7598592095  
-0.6994395113  -0.1258408965  -0.7035257201  
0.7698069369  0.6342859675  -0.07126423612  
0.0213983718  -0.7378720975  0.6746012729  
0.4756729249  0.8739111086  0.1000731873  
-0.3547116946  -0.6419153161  -0.6797972791  
-0.1663885195  0.983792666  0.06683450316  
-0.1363979227  0.9497110988  0.2818588929  
0.1699225533  -0.4197984608  -0.8915691663  
-0.0481691561  -0.9932645754  -0.1053812874  
0.4112921452  -0.3635644744  0.8358586269  
-0.6461418884  0.7471993346  -0.1555436093  
-0.4143632576  -0.6752853222  0.6101580323  
-0.2589311902  -0.3790811421  0.8883986304  
-0.2046986059  -0.724766636  0.6578843394  
-0.3619757441  -0.08463984808  -0.9283370384  
-0.8215904288  -0.5535544855  -0.1362593074  
-0.3731471133  0.1625387689  -0.9134234398  
-0.8245865828  -0.4927908162  0.2778743942  
-0.4571767754  0.8554241753  -0.2433903785  
0.8097531896  -0.4061760607  0.4234628434  
-0.6840326989  -0.6770226645  0.2715503241  
0.2362254522  -0.6085836303  -0.7575113865  
0.14685134  0.7076663799  0.6911171961  
0.7873966363  -0.4897292175  -0.3743952866  
-0.2080507808  0.3756180684  -0.9031201134  
-0.1238609694  0.8595880175  -0.495748828  
-0.9255831147  0.1267333056  0.3566995474  
0.5965062442  0.1549851484  -0.7875023203  
0.6372589487  0.3433944329  0.6899139771  
0.5434714739  0.5386465831  0.6438156689  
0.2137696287  0.520633893  0.8265850805  
-0.4780326106  0.02999489739  0.8778297838  
-0.4868440978  -0.3572502615  0.7970916353  
0.5720509717  -0.7234411804  0.38651073  
0.7263870282  -0.09285704711  0.6809841804  
-0.4253194707  -0.4301391647  -0.7962936938  
0.3205638381  -0.9429211816  0.0902134743  
0.3391411669  0.7899404296  0.5108594587  
0.1183676277  0.5804455596  -0.8056500835  
0.05699580328  0.3789629847  0.9236549868  
0.0299205985  0.4086020286  -0.9122220892  
0.09358647141  0.9430374412  0.3192521839  
0.1102665892  0.8572094734  -0.5030240531  
0.9758720477  -0.1746057376  -0.1310976081  
-0.3782930986  -0.9200858457  0.1016679306  
-0.5150642704  0.8571509501  -0.001022748842  
0.5068859325  -0.72575439  -0.4651313973  
0.2665341872  0.95769129  0.1085675829  
0.3374957862  0.8192627587  -0.4635786088  
-0.4648415561  0.6610339314  -0.589030109  
-0.5631171382  -0.5168563787  0.644793434  
0.3321102108  -0.8626362418  -0.3815252577  
0.8235106441  0.3189735195  -0.4691333637  
0.1592115123  0.1960295969  -0.9675867359  
0.149745171  0.9835676482  -0.1008516985  
0.7091243689  -0.2720397293  -0.6504898271  
-0.6595441296  0.5502493473  -0.5120812405  
-0.8249084834  0.3047480114  0.4760826016  
0.7479155683  -0.5940180686  0.2962513071  
0.6822362352  0.3322009375  -0.6513035057  
0.9187459525  -0.2443201722  0.310183056  
0.7015823902  0.6362537319  0.3208790091  
-0.8224557289  0.5477197063  0.1535242568  
-0.07172474624  0.7455046111  0.6626299386  
0.9779064242  0.1236966701  0.1685175343  
-0.2901576989  0.7618867744  0.5790829412  
-0.1229419938  -0.1642320475  -0.9787303514  
-0.3139312701  -0.8947519644  -0.3175942064  
0.3443881613  0.5398656187  -0.7680767592  
0.1971618407  -0.05166246667  0.9790087835  
0.5731453303  -0.4317951606  -0.6964606016  
-0.1229817434  -0.8471694919  -0.5168939377  
-0.0355402674  -0.005157797055  0.9993549352  
0.7081967359  0.4960087001  0.502426863  
0.9734204486  0.05656134983  -0.2219311693  
-0.6753165492  0.667524299  0.313622175  
-0.920956837  -0.284416409  0.2663565481  
-0.9759567814  0.1873997447  -0.1113090139  
0.2850320443  0.3028375067  0.9094207927  
0.3553560716  -0.9213310085  -0.1577061671  
-0.6513170231  0.5420568046  0.5309995819  
0.1157327669  -0.5739891375  0.8106431994  
0.3862767005  0.1790290511  -0.9048419251  
0.07148195347  -0.2203563968  0.9727966842  
0.5196364724  0.7992793576  0.3018781957  
-0.5128156218  -0.2170801582  -0.8305999897  
-0.2441689558  0.7265301433  -0.6422892432  
-0.01718183115  -0.9464635775  0.322353038  
0.5344628168  -0.2376979367  -0.8110790272  
0.7134000417  0.517321902  -0.4726927439  
-0.5264431195  0.8146935951  0.2431706973  
0.8242248038  -0.08355262729  -0.560064667  
-0.6671813995  -0.7353790565  -0.1186870818  
-0.3309291846  0.2316866017  0.9147716619  
