1  0  0  
0.671766111  0.7225541819  -0.1632352484  
-0.09546445624  -0.7867772985  -0.6098098229  
0.5194916806  -0.07034905914  0.8515746612  
-0.4917740121  0.3723315107  0.7871007351  
0.4192425566  0.9053327785  0.06788401142  
-0.6082524856  0.5917908872  -0.5289730235  
0.7109923922  0.5962009683  -0.3728729322  
0.6407972192  0.2507969003  0.7255893044  
0.09214598329  0.1422794513  -0.9855281201  
-0.294746706  -0.8290097408  -0.4752549094  
0.5360749536  -0.8229579603  0.1880527576  
0.09184446635  -0.9188613812  0.3837425649  
-0.3117796812  0.379849239  -0.8709236396  
-0.2791188488  0.8352340014  -0.4737898597  
0.2890929907  -0.3668078217  -0.8842382398  
-0.534462233  0.8443791388  0.03706739071  
-0.8896738011  -0.4534450485  -0.05355479031  
0.3008876117  -0.5592070543  -0.7724986185  
0.8081782936  0.5292740964  0.2582959092  
-0.4907268185  0.7168048124  0.4953564882  
-0.14761006  0.9734735712  -0.1748155495  
-0.3323092812  0.9265363914  0.1763543509  
-0.9240551729  0.1014616555  -0.3685479207  
-0.09151224632  0.5122107092  0.8539705487  
-0.8200921268  0.2597197148  -0.50989663  
0.3497368999  -0.9353141856  0.05358614595  
-0.9098016608  0.2147567373  0.3551626132  
-0.8271426977  0.5260156163  -0.1978447093  
0.6693427883  -0.3958577082  0.628710511  
0.1454410944  -0.9379619734  -0.3147605828  
-0.51666594  0.2897436012  -0.8056704984  
-0.07410829564  -0.9065345619  -0.4155755631  
-0.9762164805  -0.1578862993  0.1485708572  
0.9168950872  0.3657957911  -0.1596772944  
0.9746885744  0.06895165905  0.2126684076  
0.06719668123  -0.06945958636  -0.9953190302  
-0.4938648681  -0.1569818146  -0.8552509585  
-0.6064713977  -0.7932108567  -0.05485417622  
0.01991988219  -0.661074495  0.7500558049  
0.6669094398  0.4328654556  0.6065140529  
0.09947613509  0.9558612058  -0.2764667318  
0.4984202552  0.7283626218  0.4701756485  
0.2793775843  0.9503260245  -0.1372173917  
0.0721011525  -0.3043339126  -0.9498327713  
0.4844120647  -0.4941573659  0.7219095853  
0.1131597773  -0.2731570589  0.9552905767  
0.3376283718  -0.9001890433  0.2750759328  
-0.9141836642  -0.1948538595  0.3553873965  
-0.1192493569  0.8405638436  0.528424087  
0.1647735128  0.5587561816  -0.8127983876  
0.6918313129  -0.1850466826  0.6979449547  
0.9138264409  0.3150437171  0.2562590334  
-0.4737805839  -0.835972501  -0.2769150337  
-0.8346544684  -0.4072696555  0.3707874676  
0.3056805169  0.5212930646  0.796751506  
-0.9744450532  0.1659807744  -0.1513513161  
-0.8144086132  -0.5561529843  0.1656274999  
0.4963133605  -0.5597292946  -0.6636084425  
-0.1019607649  0.6949954292  0.7117480986  
0.8978556685  -0.3265496207  0.2953312442  
0.2737056629  -0.5728645182  0.7726004491  
-0.01536566842  0.8226044136  -0.5684064347  
-0.3290861694  0.1682261541  -0.9291944114  
-0.3480369263  -0.03925377535  0.9366586566  
-0.3442720978  -0.4294865302  0.8348760645  
-0.7905781447  -0.2003587859  -0.5786558166  
0.7667016298  0.6400163701  0.05047431869  
0.6692327827  -0.3705129099  -0.6440866915  
0.5642578368  0.6129364597  -0.5531021515  
0.4161401935  -0.679602991  0.6041250814  
0.8089345854  -0.3884883106  -0.4412501208  
0.9031973296  0.1377019976  0.4065375059  
-0.2134298433  -0.9743073501  -0.07192280248  
-0.9690380719  -0.2402912614  -0.05679194463  
-0.08885071162  0.4851670613  -0.8698956683  
0.1202964764  0.4219084077  0.8986223085  
-0.09794427342  -0.3739853959  0.9222482545  
-0.5001294995  -0.5831545413  -0.6401572187  
-0.1859304793  -0.731358726  0.6561587237  
-0.9758394734  0.1953355813  0.09788428301  
-0.3814957468  -0.7590934996  0.5274827524  
-0.1490224183  0.9867434369  0.06426280877  
0.5024714543  -0.8235862282  -0.2631124518  
0.6575739621  0.7071109673  0.2599818538  
-0.5477685415  -0.7549534861  0.360547998  
-0.6925379453  0.7104395541  0.1251672252  
-0.7086376147  -0.430934124  0.5586846265  
0.3053868631  0.6951083986  0.6508173155  
-0.745677957  -0.0242920705  0.6658635594  
-0.04158275589  -0.9972159818  0.06189636516  
0.3786859572  0.6074022179  -0.6983262071  
0.325948402  -0.850305508  -0.4132047705  
0.8341851285  -0.5501831306  -0.03786415405  
-0.7057556406  0.7018131114  -0.09678498022  
0.3500877164  0.8756676008  -0.3326331971  
0.6618169441  0.237075702  -0.7111915663  
0.5668714088  0.03497313118  -0.8230635978  
0.825743208  -0.0329391156  0.5630836253  
0.9283886722  -0.367316623  0.05632913831  
-0.3052294405  0.7251838706  0.6172060777  
-0.8120286879  -0.3823095401  -0.4409635195  
0.6461898354  -0.1704600985  -0.7438965327  
-0.2556909343  0.1564156308  0.9540211196  
-0.6819195414  -0.03342834603  -0.7306629078  
0.5434793667  0.4382843992  -0.7159168691  
0.3200422945  0.05973279553  0.9455183356  
-0.6650977405  0.5457161656  0.5097439182  
-0.1050291195  -0.6236676703  -0.7746015241  
0.2762715391  0.2407085681  -0.9304479684  
-0.7734470794  0.4717009189  -0.4234121615  
0.9653582333  -0.03007299194  -0.2591893064  
0.6465438619  -0.6827245944  -0.3403941287  
-0.4820232099  -0.2388209463  0.8429817203  
0.6782069263  -0.6623059828  0.3184119192  
-0.3166950302  -0.3003908781  -0.899705273  
0.03592606915  0.9794738385  0.1983439367  
0.9063986569  -0.3771378101  -0.1902854355  
-0.2000815034  0.7351618926  -0.6476915807  
-0.4605045907  0.1656295092  0.8720678802  
0.1285124603  -0.05129091631  0.9903806286  
-0.4928484658  -0.8573161284  0.1486924537  
0.1291851132  0.1910884198  0.973034646  
-0.4947147714  0.7682145916  -0.4063294676  
-0.1728567068  -0.8674710522  0.4664917283  
0.8794866051  -7.806589308e-06  -0.4759236404  
0.8081559229  0.2221223529  -0.5454774648  
0.2649196098  0.9228233473  0.279668858  
-0.7953730366  0.5411254202  0.2730659485  
-0.6752563094  -0.5864001866  -0.4473966224  
-0.8002590266  0.1907814595  0.5684961961  
-0.4864506139  -0.398581258  -0.7774951968  
