1  0  0  
-0.705058678  -0.6482850852  0.2874347036  
0.254116596  0.9601934086  0.1159886794  
-0.5148663691  0.1072320094  -0.850537429  
-0.07024763067  0.0592280408  0.9957697071  
0.769204844  0.610128712  0.1899127769  
-0.6024524067  0.4347009929  -0.6693923696  
-0.7838546656  -0.454073863  0.4235431384  
-0.6949817571  -0.2265928224  -0.6823899546  
0.4743168595  -0.8523189676  0.2203993973  
0.07753384834  0.7478031671  0.6593776806  
-0.7976130035  0.592047428  -0.1152967461  
0.1390716853  0.9444352327  -0.2978273956  
0.8297761392  0.09977434845  0.549105307  
-0.09346236539  0.932683558  -0.3483764729  
-0.2545663288  0.2183131171  0.9420909548  
-0.4159053016  0.909336264  -0.01141661388  
-0.7602074886  -0.6472420673  0.05623415893  
-0.1617560283  0.4377134572  0.8844444113  
-0.9188456478  0.04078344163  -0.3925039954  
0.6518539294  -0.6978146097  -0.2968858791  
0.8142340988  -0.4852054373  0.3187452209  
0.3507891795  -0.911830564  -0.2133353557  
0.8187534825  -0.5181623292  -0.2472863432  
0.2687664001  -0.5916803601  -0.7600519545  
0.5139231647  -0.6214865398  0.5913014981  
0.392452743  -0.5336698789  0.7491176843  
0.2569077351  -0.8612415916  -0.4384761528  
-0.9715803164  0.2345564272  0.03185861276  
0.8133993471  -0.140437392  0.5644987521  
0.9608919577  0.2543199628  0.1095810298  
0.6615753065  -0.2261514371  0.7149640839  
0.1458816755  -0.7529153794  -0.6417452518  
-0.8206525923  -0.225696733  0.5249669584  
0.8458367491  0.4940455969  -0.2011942896  
-0.871283062  -0.4096427982  -0.2702935511  
0.1956885268  -0.63931418  0.7436285226  
0.5437907284  0.1140421123  0.8314361312  
-0.6346659285  -0.7682343758  -0.08375621188  
-0.1475736993  -0.5765214478  0.8036448366  
0.4756227492  0.8549968752  0.2067929975  
-0.07981355619  -0.9509631113  -0.298829311  
0.9008033595  0.2935314549  -0.3199884257  
0.645312997  0.4461366311  0.6201074441  
0.03784743124  -0.2710660049  -0.9618164029  
0.3083904538  -0.8659765123  0.3936750032  
0.7653785211  -0.3629280626  0.5314874794  
-0.6250563266  0.7776123663  -0.06799703225  
-0.9774422763  -0.1277165543  0.1682114093  
-0.5243514088  -0.7750690357  0.3525955048  
-0.3438509923  -0.4253087306  0.837185152  
-0.6987696793  0.003567712888  -0.715337827  
0.8772425208  0.4775826435  0.04858372437  
-0.7422890016  0.6641449106  0.08898637985  
-0.9421511026  -0.3219587087  0.09324103027  
-0.3313489211  0.7366298892  -0.5895628031  
0.6699535633  -0.6911475564  0.2710669258  
-0.6844955072  -0.1569518086  0.7119213653  
-0.476969964  0.5267827977  0.7035620352  
-0.3593559829  0.7226414582  0.5904681198  
-0.9137640788  0.3758892217  -0.154086019  
-0.05126363318  0.5077604778  -0.8599717071  
-0.2132350684  -0.7536219051  0.621759463  
0.3006730155  -0.2057150277  0.9312771151  
0.2934522061  0.005486717371  -0.9559580005  
0.02622025191  0.9962864573  0.08201093501  
-0.800518121  -0.3335170854  -0.4979328184  
-0.6200962019  -0.7151915236  -0.3224620674  
0.380408373  -0.3798813139  -0.8431960964  
0.6305780413  0.5958096004  -0.4973753652  
-0.2599418412  0.9482727691  -0.1822333519  
-0.6793457444  0.5678967054  -0.4647393803  
0.5580369784  0.6321207914  0.5376039768  
0.03303985822  -0.990184557  0.1358046788  
-0.5085999491  0.7541754384  -0.4153859649  
0.1343655906  0.3734119072  -0.9178831274  
0.1582165381  0.1794069379  0.9709689376  
0.1084344662  0.1578665761  -0.9814887216  
-0.1884782165  -0.8455622447  -0.4995002024  
0.4438922001  0.7092472077  -0.5476569301  
0.9711991631  -0.09403191284  -0.2189296346  
-0.2516650234  0.4188860986  -0.8724672787  
0.1994132212  -0.9791337248  -0.03913459143  
0.2936859697  0.9011085419  0.3189858099  
0.3760197543  0.8992695824  -0.2234353657  
-0.5299152631  -0.5043714456  0.6817618784  
-0.2009790474  -0.9753213587  0.09140935239  
0.6899986538  0.3745335157  -0.6193758982  
0.3262501077  0.7115854114  0.6222596479  
-0.121603668  0.05742894608  -0.9909159723  
0.5530682728  -0.8206055797  -0.1439512702  
0.3440149539  0.6078406623  -0.7156699245  
-0.2014626666  -0.5995077751  -0.7745987487  
0.1360474466  -0.8204087031  0.5553563289  
0.8231924839  -0.3520048464  -0.4454735936  
-0.5044010936  -0.08357300896  0.8594155508  
0.8073363518  0.004313162158  -0.5900757678  
-0.4671747447  0.3256182817  -0.8220221971  
0.736349086  0.5357932444  0.4131774713  
-0.7172562372  0.5420654702  0.4378453107  
0.5515091527  -0.6480374133  -0.5252477181  
0.9699034196  -0.1594215831  0.1840437871  
0.8879523818  -0.4572571982  -0.04956230815  
-0.5750100543  0.2923491453  0.7641304959  
-0.9770875486  -0.06293893485  -0.203318993  
0.5294168728  0.3008876822  -0.793211433  
0.3373207659  0.0110518802  0.9413248944  
0.6602518638  -0.4291042883  -0.6163902872  
-0.09298178112  -0.4282313807  -0.8988727791  
-0.3276455456  -0.2218503598  0.9183848944  
0.9116911633  0.2050427206  0.356057166  
0.9195453139  0.07182266334  -0.3863650098  
-0.918490252  0.3121640379  0.242753518  
-0.465186401  0.801213833  0.3763748214  
-0.8894213075  0.2688460395  -0.3696640974  
0.3049215537  0.4198625167  0.8548323304  
-0.1373451376  0.9549820477  0.2629555129  
-0.8908399918  0.1448923765  0.4305929727  
0.004961135779  0.7154749595  -0.6986207622  
0.4580371564  -0.1410021816  -0.877678955  
0.08024001293  -0.2851015949  0.9551327766  
-0.4356269236  -0.9000747802  0.00972489301  
-0.3603691573  -0.2240700218  -0.9054980374  
0.07219270652  0.8645922056  -0.4972610292  
-0.3042854632  -0.8499067124  0.4301963935  
0.649079166  -0.06658609331  -0.7578011141  
0.5906867746  0.7947736754  -0.1393697931  
-0.03845837729  0.8762727235  0.4802781146  
-0.5211706734  -0.3408753742  -0.7824225894  
-0.4343506594  -0.7857683823  -0.4403493545  
-0.7540338449  0.2165176307  0.6201234364  
-0.4404924438  -0.5433966581  -0.7146233126  
-0.0341460328  0.6022041883  0.7976115371  
