1  0  0  
0.5820134704  0.7598711986  -0.2895791459  
0.6725804161  0.3409801826  0.6567861897  
-0.4391897121  0.2021826697  -0.8753482535  
0.1159334135  -0.0508872199  -0.9919525868  
0.883707603  0.3361019002  0.3257244004  
-0.5906650765  0.3199381209  -0.7407795665  
0.6670061071  0.6090861818  -0.4290884247  
-0.8128155206  -0.2364888623  -0.5323569737  
0.6312400444  -0.7712850633  0.08158037377  
0.3107431039  0.9174199332  0.2485546007  
-0.7975708808  0.6032252102  -0.000189610506  
0.002849893301  0.9678037448  -0.2516898678  
0.8022113811  0.0208147977  0.5966771693  
0.1230361133  -0.9000402409  0.4180785567  
0.2752955835  -0.3946192449  -0.8766344696  
0.9140226642  -0.3964448758  -0.08598854428  
0.8183179203  0.4739145804  -0.3252087819  
0.7990513466  -0.2600530017  -0.5421156535  
-0.9168076497  -0.1141584783  -0.3826637889  
0.3740783912  -0.6711203393  -0.6400490976  
-0.8834224762  0.4492506294  -0.1331863378  
-0.4934357221  0.8671678357  0.06738792828  
0.3159500615  -0.9177214451  -0.2407548709  
-0.03943889656  -0.831954837  -0.5534398998  
0.6984922871  -0.4307625823  0.5714473926  
0.4016202494  -0.4187263121  0.8144749541  
-0.8039573897  0.04201910072  0.5932005654  
-0.7574201487  0.4621516938  0.4612272003  
-0.8354808378  0.3021162889  -0.4590179928  
-0.9688975903  -0.1768356643  -0.1731086579  
0.4789028357  0.0273461995  0.8774418837  
-0.1723233386  0.7722473249  0.6115053034  
0.9119309095  -0.134505611  -0.3876728735  
-0.7493038609  -0.6336335112  0.1924897336  
0.9731977787  0.2267324903  -0.03845076565  
0.3284230631  -0.6225037158  0.7103713222  
-0.6689340875  -0.1283275928  -0.7321606487  
0.8877838223  0.4468107577  -0.1104537538  
-0.1331293819  -0.6847343726  0.7165301157  
0.7983014484  0.6013542086  0.03298353134  
0.4397488763  0.7205480635  0.5361263042  
0.6471144433  -0.6149382465  0.4506593506  
0.2810431187  0.2983092999  -0.9121547714  
-0.05077832107  0.4836529454  0.8737856662  
-0.1240436231  -0.9898135028  0.06987423937  
0.2272376574  -0.2828294681  0.9318640132  
-0.5591694472  0.7681352341  -0.3119259391  
-0.4811859424  -0.708136365  0.5167233083  
-0.9328451072  -0.2637679986  0.2454107756  
-0.2188638338  -0.4917845303  0.8427612937  
-0.6291766542  0.09078619471  -0.7719420993  
-0.9096052942  -0.4009645388  -0.1088377115  
-0.7552038758  -0.4585114327  -0.4684382265  
-0.8491197069  -0.290632777  0.4410536388  
-0.3531742375  0.8565674346  -0.376244851  
0.7356465864  -0.6404960524  0.2204289156  
-0.7189368362  -0.4236965812  0.551009104  
-0.1603648573  -0.5536676322  -0.8171506994  
-0.006675749101  0.6783864176  0.7346749641  
-0.9688335736  0.1806594007  0.1694806406  
-0.1960783136  0.4884376638  -0.8502834489  
0.01007291429  0.8157429013  -0.578326945  
0.8121672872  -0.5394387706  -0.222238859  
0.3200361785  0.05639172612  -0.9457255509  
-0.2724398489  -0.8441893401  -0.4616501779  
0.5866092978  0.5601103947  0.5849494658  
0.3635643082  0.5989539922  0.7134949958  
-0.308106517  0.1755116409  0.9350219452  
-0.5531961103  -0.5343563751  0.6390910169  
0.4384818381  -0.8847111829  0.1581764855  
-0.8050257884  0.4817978651  -0.3461275735  
0.3171497487  0.3983380192  0.8606641967  
0.2252488639  -0.9513786153  0.2100992138  
0.2610557449  0.9385598402  -0.2257328605  
0.01248700252  0.5408955991  -0.8409970426  
-0.09570616254  0.2717071368  0.9576092952  
-0.00446159036  -0.3480011673  0.9374834835  
0.5024916795  0.8577437429  0.1085254973  
0.2617882998  0.7855690631  -0.5606675782  
0.9730372328  -0.225020205  0.05064040757  
0.2836478112  -0.04883330281  0.9576843048  
-0.08789548185  0.9957650338  -0.02695147091  
0.1052938986  -0.9750335301  -0.1955065476  
0.464507319  0.874821458  -0.1375513261  
-0.3850459316  -0.8441075287  0.373124792  
-0.479025929  -0.1900327099  0.8569840888  
0.6181895636  0.31064954  -0.7220377599  
0.1256817497  -0.9042217938  -0.4081507632  
0.9014292964  0.07994145145  -0.4254815954  
0.4569678306  -0.716841935  0.5266099525  
0.3518407546  0.6214938176  -0.6999667979  
0.6766285258  -0.6438055547  -0.3573349211  
-0.5275090992  0.5397559866  -0.6560469687  
0.6431796621  -0.3642938668  -0.6735056799  
-0.3258185001  0.8308050843  0.4512263477  
-0.649133778  -0.07138637393  0.7573171884  
0.7530762216  -0.1952598877  0.6282911592  
0.7988174577  0.5440373249  0.2567373335  
-0.6744824724  0.7246671469  0.1411769124  
0.2188547757  -0.593144257  -0.7747789863  
-0.9747755526  0.0502228507  -0.217463301  
-0.6426465296  -0.7646356606  0.04835022671  
0.0973627463  0.1134125758  0.9887659396  
-0.1175693005  -0.3377947135  -0.9338480557  
0.4349327523  0.4203024488  -0.796353786  
-0.3038751993  -0.1812821423  -0.9353056443  
-0.5092245122  0.717717838  0.474943682  
-0.2071037951  -0.7306224611  -0.6506142001  
-0.1265856856  -0.171749479  0.9769739918  
0.8970299376  -0.0969588558  0.431203283  
-0.9753492763  -0.04143790492  0.216741065  
0.5123939693  -0.8122438644  -0.2787693041  
-0.8839054361  0.3441787659  0.3166262104  
0.926413691  -0.2712988794  0.261064343  
-0.5014162476  -0.4383800266  -0.7459253977  
0.113428112  0.9827933321  0.1457783582  
-0.48546841  0.2809438501  0.8278834314  
0.1096989063  -0.683845379  0.7213332431  
0.4982709825  -0.0559625131  -0.8652133986  
-0.07986599134  0.1177207606  -0.9898299076  
-0.4879266507  -0.8071104586  -0.3324158406  
0.50227846  0.239522785  0.8308701367  
-0.2408186468  0.786041702  -0.5693371778  
-0.1388031332  -0.8995158894  0.4142521634  
0.5914661742  -0.5534060921  -0.5864379439  
0.7699012499  0.1816120612  -0.6117753874  
-0.2959929054  0.9550142997  0.01832723155  
-0.6649602087  0.154331438  0.7307596925  
-0.6674111757  -0.7224522207  -0.1806242268  
-0.4433274177  0.4876390787  0.7521096527  
-0.6436150984  -0.6560805602  -0.3941039249  
0.09227781447  0.9301342527  0.3554364599  
-0.3209831116  -0.9468586926  -0.02069923432  
