1  0  0  
0.611594183  0.7062092801  -0.3566805407  
-0.1016030294  -0.4278185302  0.8981359193  
-0.4245670445  0.1037681395  -0.8994303742  
0.2001176749  -0.2444765703  -0.9487803343  
0.8268735408  0.448003693  0.3399600543  
-0.553275369  0.2587618316  -0.7917882802  
-0.5424278586  -0.6229545824  0.5636484778  
-0.548934736  -0.4320756028  -0.715528706  
0.5280072698  -0.8252463685  0.200441399  
-0.1474214486  -0.8400266846  -0.5221322492  
-0.8089595473  0.584714323  0.06077508801  
0.1343879236  -0.9705249166  0.2000531735  
-0.5761505193  -0.2037798894  -0.7915329025  
-0.1466498321  0.9033045487  -0.4031559489  
-0.3996220709  0.1072982545  0.9103786493  
-0.8111457591  0.5583396768  -0.1740671213  
0.8012760301  0.5972910181  -0.03464337472  
-0.009794390561  -0.3750468049  -0.9269541326  
0.7039271386  0.3003629149  0.6436370894  
0.4797094518  -0.8438334062  -0.2404662648  
0.9292446986  -0.147058966  0.3389364993  
0.6627481462  -0.731851075  -0.1586155688  
0.8931012771  -0.3637730292  0.2646493758  
0.3674848445  -0.5333436821  -0.761905116  
0.67971502  -0.391812907  0.6200565599  
-0.5009247035  0.4733979623  -0.7245473143  
-0.8155385984  -0.08010614196  0.5731315735  
-0.8284434451  0.1804262131  0.5302148997  
-0.7553214924  -0.08546572588  -0.6497576878  
-0.9289643333  -0.2558351503  -0.2675325088  
0.6040058451  -0.01524549773  0.7968340567  
-0.2647280932  0.900272098  0.3455852807  
-0.9643362018  -0.2025248521  0.1704094309  
-0.7717720388  -0.5841543894  0.2512599637  
0.9745960914  0.2189576279  0.04711704458  
0.286507459  -0.5562579468  0.7800580572  
-0.3933000691  -0.3486117543  -0.850755488  
0.9004657212  0.4211037029  0.1087803123  
0.1114976286  0.7171866819  -0.6879037303  
0.3159792789  0.9361859457  0.1539901631  
-0.3177603211  -0.871724528  -0.3729942701  
0.2760433763  0.9146620684  -0.2952852095  
0.08542637858  0.9865796959  -0.139150413  
-0.1887370736  0.4569690521  0.8692281648  
0.3068014398  -0.9431571434  -0.1277790254  
-0.7140041234  0.1721294676  -0.6786527523  
-0.6860084085  0.7239102928  -0.07311874923  
0.8583750605  0.394170628  -0.3283622566  
-0.6517734446  -0.7472667246  0.1295523801  
-0.2334060716  -0.5651131016  0.7913082763  
0.4094157466  0.1202073763  0.9043942354  
-0.7833496211  -0.5934109227  -0.1850049944  
-0.1119962532  0.9936322327  0.01232174112  
-0.9057420363  -0.1881950573  0.3797551634  
0.6087399439  -0.5884121094  0.5321718428  
-0.8239871725  0.2989193721  -0.481344314  
0.7161025084  0.5202179827  -0.4653713011  
-0.3918570029  0.3292279456  0.8591024672  
-0.2039193344  0.6577350542  0.7251217163  
-0.9731617986  0.1928229282  -0.1256002872  
-0.1526500648  0.4260189052  -0.8917431526  
0.01944751402  -0.8289002875  0.5590582328  
-0.6677213927  -0.6551068966  -0.3535294835  
0.9121257126  -0.02662868297  -0.409044738  
0.4149967994  -0.6572654189  0.6291103446  
0.5352773347  0.6106944139  0.5835499189  
-0.5080558231  -0.8309785252  -0.2266141462  
0.550407095  -0.4383422627  -0.71056885  
-0.6299912734  -0.4159772897  0.6558001905  
0.6681646456  -0.6774867066  0.307518729  
0.8396425066  -0.08270883391  0.5368050949  
0.3367340666  0.7388026642  0.5837643289  
0.3456593643  -0.8860667421  0.3088775364  
-0.1839682192  -0.203449442  0.9616465145  
-0.02514991548  0.5894689537  -0.8073994268  
0.007668926761  0.1606256001  0.986985615  
-0.02762245928  0.2660775259  -0.9635557845  
0.120544122  0.9437723499  0.3078357779  
0.2083161597  0.8357193868  -0.5081116847  
-0.9705768305  0.2205277697  0.09668567105  
-0.21886998  -0.03247870902  -0.9752133435  
-0.5150133748  0.8568970709  0.02210506024  
0.08575865547  -0.9697098287  -0.228710081  
-0.2966745521  -0.9521375282  0.07360935702  
-0.4214956347  -0.7920162306  0.4416466012  
0.4251789238  -0.7865147628  -0.4479033496  
0.7858872276  0.3090478171  -0.5356031294  
-0.02471449001  0.7643477348  0.6443304542  
0.3847755121  0.1252544563  -0.914472048  
-0.7671166792  0.4991428339  -0.4029744804  
0.3404630922  0.6935966616  -0.634829547  
-0.7652023042  0.5712803205  0.2968235657  
-0.4943314688  0.756774568  -0.4277015925  
0.8880345085  -0.4168280622  -0.1940337038  
-0.9047562567  -0.4104958768  0.1136188852  
0.3209485973  0.3617299129  -0.8752962173  
0.3638687716  -0.3467965101  0.8644834861  
0.6589786921  0.7455860536  0.09923970973  
0.9145774637  -0.4026872583  0.03729658046  
-0.4635568373  0.6474341996  0.6049330672  
-0.9762923766  -0.0374746211  -0.2131873547  
-0.9187166224  0.2343815989  0.3178443549  
0.2013883759  -0.02238719771  -0.9792556027  
0.832682972  0.2729988474  0.481778681  
0.4452421795  0.5046818394  -0.7396320994  
0.2121634414  0.2576305969  0.9426627974  
0.6569892218  -0.5355569364  -0.5306071336  
0.006897089817  -0.5828110138  -0.8125784592  
0.01204262612  -0.05531643823  0.9983962474  
-0.7028996379  -0.4898194081  -0.5157606485  
0.9775538298  -0.01829814093  -0.209889704  
-0.6084152153  0.6941880161  0.3846217935  
0.8090624097  -0.3979874287  -0.4324627427  
-0.9027095826  -0.08225246315  -0.4223149794  
-0.1692310156  -0.6771983981  -0.7160748515  
-0.3339827092  0.9381314639  -0.09145986242  
-0.706410413  0.3193593346  0.631659674  
0.1599165928  -0.7114043944  0.6843467476  
0.5718345496  -0.2117841288  -0.7925608688  
0.2304932299  -0.1896704163  0.9544097674  
0.4913338432  0.8709708389  0.0009232192821  
0.1972445908  0.4784695144  0.855664359  
-0.28819156  0.79934253  -0.5272543452  
-0.0655665964  -0.9326008976  0.3549036309  
0.6815969966  0.1849767166  -0.707961262  
-0.5152384121  -0.2813013988  0.8095671076  
-0.06232688839  0.8908624706  0.44997713  
0.7150796017  -0.0738590785  -0.6951302035  
-0.4750637901  -0.8510489565  0.2236740239  
-0.5650824826  -0.03065589568  0.8244646772  
0.4960066888  0.7556322619  0.4277817778  
0.2432280074  -0.7907845418  -0.5616938177  
-0.1087439282  -0.9905296715  -0.08381961611  
0.3670648596  0.564248284  0.7395182641  
