1  0  0  
0.2981016422  0.942864078  -0.1488043729  
0.04486817648  0.9917165069  0.1203545461  
0.3334035986  -0.2355943609  0.9128731223  
-0.3583453555  0.1955073112  0.912888546  
-0.9173596507  -0.2814275479  -0.2815134216  
-0.7090524387  0.1685249985  -0.6847218151  
-0.3183761461  -0.8815990896  0.3484532607  
-0.8250380728  -0.2712284387  -0.4957290717  
-0.5139555091  0.8520807445  -0.09903605164  
0.06304816342  -0.9385677381  -0.3392867962  
-0.9031411415  0.4124714933  0.1191777903  
-0.08097144527  -0.9915012532  0.1018277466  
0.5083282506  0.1706646814  0.8440829083  
0.2230951873  -0.7153184865  -0.6622295676  
-0.2461930729  0.3938102833  0.8856085093  
0.6702494986  -0.7418621572  -0.02015314655  
0.821613844  0.552273768  -0.1412245608  
-0.5745749086  0.1554707876  0.8035499416  
0.7458461222  0.1404734662  0.6511380555  
0.6236000432  -0.6327505519  -0.4590748579  
0.9141422355  -0.3923119544  0.1021533339  
0.105775131  0.9429320407  -0.3157384809  
-0.4271035526  0.02899756338  -0.903737626  
-0.1205372208  0.5740139163  0.8099251831  
0.7280132783  -0.4781470464  0.4912963145  
0.6406423939  -0.3743189985  0.6704197271  
-0.8209483825  -0.3114170809  0.4786054272  
-0.7663968463  0.1245712928  0.6301728865  
-0.9194461781  0.1335279344  -0.3698499917  
0.9058030899  0.09299844257  0.4133667283  
0.811181699  -0.2754503296  0.5158598329  
-0.3246904403  0.9078437533  0.2653221393  
0.9212656276  0.1396476313  -0.3629988739  
0.6408235803  0.7649126501  -0.06522098316  
0.9719656892  0.2208839711  0.08057896973  
0.339566557  -0.6044103927  0.7206820592  
-0.6217477577  -0.3042237539  -0.7217185278  
-0.9203899422  -0.3884296071  0.04477493338  
-0.1033377711  -0.5858358578  0.8038144393  
0.5959708489  0.7891138526  0.1487214674  
0.1192979965  0.8624869031  0.4918173747  
-0.6776450407  -0.4813375737  0.5559778224  
-0.2119392297  -0.3914684897  -0.8954519443  
0.01363546732  -0.4029440091  -0.9151230516  
0.4184214636  -0.7331102695  0.5361649109  
0.5349243114  -0.2113118274  0.818048466  
0.6624253889  -0.7192168773  0.2095702446  
-0.4078206066  -0.7659339485  0.4970186508  
-0.7723585986  -0.6329794373  -0.05290772293  
-0.3251512107  -0.5405335804  0.7759511187  
-0.8262859575  0.04066218785  -0.5617811877  
0.8724090872  0.4642818621  0.152789846  
-0.3994935442  -0.8904076516  -0.2181263901  
-0.6849080857  -0.6833582791  0.2528287495  
-0.6162173108  0.6627847299  -0.4254322833  
0.8090572808  -0.5823470991  0.0793610269  
-0.4629007316  -0.8862462247  0.01704528963  
0.3466021067  -0.5534312689  -0.7573511803  
0.2854830226  -0.8386764199  -0.4638117145  
-0.9731627107  0.04596158369  0.2254814215  
-0.2452583387  0.4348006426  -0.8664852846  
-0.2042013565  0.7576869072  -0.6198486562  
0.6323812226  0.6114223265  0.4756645119  
-0.5422522324  -0.1951856674  0.8172301216  
-0.785095034  0.5464110312  -0.2916518001  
0.4207698784  0.3767523295  0.8252335376  
0.3234686417  0.5695928737  0.755600421  
0.4546771612  0.005930016283  -0.890636578  
0.5061966626  0.8241172227  -0.2541569238  
0.4801761323  -0.8143158446  0.3260683782  
-0.8809029479  0.3516368675  -0.3167988477  
-0.2283978712  -0.7340400083  -0.6395464633  
0.2740342521  -0.8643890578  0.4215884075  
-0.5155678383  0.8442593647  0.1463418233  
0.1825413233  0.3911455084  -0.9020442653  
0.128596321  -0.2140512509  -0.9683207362  
0.09390320635  0.2002690117  -0.9752304911  
0.3305400557  0.8376482861  0.4348432134  
-0.1215302489  0.608538258  -0.784162985  
0.9749610871  -0.2128653858  -0.06433666281  
-0.4517165926  0.4183198563  -0.7880105442  
0.487310018  -0.790421285  -0.3711645708  
-0.9200542758  0.2669292606  0.2867906893  
0.257241856  0.9639324643  0.06827028544  
-0.1675117213  -0.8424568976  0.5120607375  
0.8972002751  -0.07655674219  -0.434937618  
0.5958656656  0.6694248445  -0.443637787  
0.1638814546  -0.9749735577  -0.1502312573  
0.7025463425  0.260311562  -0.6623190525  
0.03173319032  -0.4211598505  0.9064311253  
0.4825464116  0.6064784936  -0.6319278419  
0.8282966848  -0.2830380611  -0.4835432328  
-0.5423169223  0.5664229035  -0.6205299753  
0.6697059413  0.03756633191  -0.7416756184  
0.8974990067  0.3519324925  -0.2657800853  
0.2543383967  0.7076256797  -0.6592252099  
-0.6284661276  -0.006595967155  -0.7778089866  
-0.4380181378  -0.6935151226  -0.5719937811  
-0.7943072847  0.5917382472  0.1375564766  
-0.4308706353  0.6943320391  0.5764143606  
-0.9755331815  -0.04086836384  -0.2160203432  
-0.5451455496  0.5183846412  0.6588578705  
2.220564809e-08  2.680051967e-05  0.9999999996  
0.1110727909  0.5742947545  0.8110785228  
-0.5522272628  -0.4166349182  0.722122147  
-0.2173436486  0.02042140019  -0.9758815014  
0.8094381929  -0.4851124651  -0.3308711353  
-0.0122464859  -0.7256754522  -0.6879281661  
-0.3122447774  -0.1742940396  0.933876216  
0.8046889796  0.4666938387  0.3669775294  
-0.974012093  -0.1742807302  0.1446605327  
-0.6639084675  0.7013791772  0.2594085515  
0.109470044  -0.9532866113  0.2815332063  
0.9703688797  -0.1826432754  0.158195042  
-0.3090095123  -0.184562416  -0.9329790115  
-0.1376616334  0.9882127664  -0.06696867254  
-0.7171682124  0.4576434782  0.5255779695  
-0.3211774728  0.9250799772  -0.2026624454  
0.2238773343  -0.01732106301  -0.974463401  
0.1222889009  -0.2251396452  0.9666217279  
-0.5305222049  -0.7667405297  -0.3614625156  
0.09494637395  0.2015333615  0.9748689606  
-0.05450851705  0.8720214033  -0.4864231633  
-0.02147666782  -0.7461949384  0.6653809936  
0.6612726412  -0.3139571282  -0.6812851207  
0.7771227585  0.5125188459  -0.365246014  
0.3486125566  -0.9369145475  -0.02569856252  
-0.8189575573  -0.09218098861  0.5664019639  
-0.719032801  -0.6419234853  -0.2663194888  
0.4672491464  -0.3612910705  -0.806936799  
-0.526533105  -0.5167632794  -0.6750693315  
-0.08783391032  0.8420498847  0.5322003343  
-0.1765885834  -0.9402331029  -0.2911669358  
0.7030373069  0.4288751728  0.5672782661  
0.3923599568  0.3512506831  -0.8501038889  
