1  0  0  
0.3616188843  0.9152585094  -0.1775771482  
0.01118631649  -0.9127508284  -0.4083635533  
-0.4920121961  -0.03806971315  -0.869755538  
0.1739484752  -0.05525290479  0.9832034604  
-0.6835082152  -0.3441905007  -0.6436997894  
-0.6786490398  0.01222529986  -0.7343609622  
-0.3703888148  -0.841798711  0.3926665966  
0.6893303499  0.5107891888  0.5137295721  
-0.7080435062  0.6728429492  -0.2143752763  
0.2260045133  0.8818312806  0.4138786688  
-0.8988422818  0.3557572228  -0.2559674802  
-0.2289663071  0.9325511977  -0.2791463666  
-0.9345460068  0.1107353909  -0.3381736748  
0.2312131248  -0.8391124501  0.49237261  
0.481275032  -0.2598984171  -0.8371542011  
0.8369341317  -0.5329300252  0.1246067709  
0.7487499605  0.6449008334  0.1532201415  
-0.5672335238  0.4232542593  0.7064714867  
-0.6503390999  -0.6694957077  -0.358935304  
0.5689806842  -0.7066686007  -0.4205715988  
-0.9750777038  0.1779650679  -0.1324836073  
-0.5135557448  0.8556091841  0.06475662984  
0.1065564255  -0.9721807791  -0.2085911332  
-0.1622885512  0.5130562766  0.8428734681  
0.5949668248  -0.581453144  0.5549114513  
0.5863867918  -0.3982628554  0.705363189  
-0.6500619178  -0.1908103091  0.7355344513  
-0.970052688  0.008475519734  0.2427466749  
0.8343593311  -0.06381773115  0.5475142041  
0.9157451883  0.2917030833  0.2762608573  
0.7774143682  0.1432214508  0.6124659306  
0.3692448313  -0.7780977231  -0.5081556728  
-0.9165023942  -0.2300042899  0.327294039  
0.8338633563  0.4829477945  -0.2672701458  
0.8834957635  0.4550269157  0.1112912482  
0.236346553  -0.5216294152  0.8197823248  
-0.6671200252  0.5375834968  0.5157081112  
-0.8066849612  -0.4976634221  -0.3187326337  
-0.1733865686  -0.6880833287  0.7046122555  
-0.8220986101  -0.3214932832  -0.4698892892  
0.4598495598  0.7894797574  0.406521949  
0.4497228701  -0.8443255369  -0.2913137961  
-0.4168466727  0.3663790263  -0.8318685356  
-0.281240041  0.3171281934  0.9057227767  
-0.4185796638  0.7281837439  -0.5427149346  
-0.7229021024  0.2203765173  -0.6548639103  
0.7726798551  -0.5225238268  0.3604645502  
0.6972617448  0.5588515631  -0.4488997545  
0.9210330248  -0.2009027227  -0.3336708905  
0.1652406967  0.5097872093  -0.8442822475  
0.5186535894  0.4441748669  0.7305526277  
0.5745625374  0.7955098531  0.1924628907  
-0.809077232  -0.5846745047  0.05957983085  
-0.815122997  -0.3700947735  0.445650489  
0.5909347464  -0.7085608298  0.3856652383  
-0.7308845754  0.4178209576  -0.5396604347  
-0.5480884459  -0.7180822813  0.4289019617  
0.3762163992  -0.4847676509  -0.7895958115  
0.2735507195  -0.6666792507  -0.6933316526  
-0.9747880252  0.1948362301  0.1087526979  
-0.04750617273  0.2287568633  -0.9723237429  
-0.03245692323  0.9056154199  -0.4228560742  
-0.5436743334  -0.8105049011  0.2179450032  
0.3878419714  -0.07730032437  -0.9184787777  
0.03125249723  -0.7877545549  0.6151959385  
0.6917382361  -0.7221444411  0.002370403391  
-0.9680207317  -0.2398026111  -0.07369240573  
-0.1824920332  0.1333737246  0.9741191444  
0.7037169113  0.6662115001  -0.2468698969  
-0.5506302618  0.818545147  -0.1636769903  
0.8502262284  -0.2723610185  0.4504828922  
-0.05344921682  -0.1343278533  -0.9894944209  
0.4161150355  -0.8428434479  0.3412670502  
-0.9183719408  -0.3815822879  0.1048233559  
-0.03357606499  0.6305358889  -0.7754335179  
0.1762645501  0.3077868312  0.9349856015  
0.03791908794  -0.4415845595  0.8964179938  
-0.3079739082  -0.7605564746  -0.5715819458  
-0.1750802356  -0.8282119528  0.5323644169  
0.9286941722  -0.3702564319  0.02091193837  
0.8967698288  -0.3954007046  -0.1986508418  
0.37036771  -0.9231540246  0.1030262408  
-0.242023819  0.8979935124  0.3674671723  
0.03125137485  0.9986771795  0.04083188404  
-0.1644682856  -0.9782987668  0.1260226407  
0.7555107899  -0.5772884145  -0.3097443024  
-0.5428672957  -0.5718846988  0.6150146263  
0.08037825076  0.8070167036  0.5850327999  
-0.8041189342  -0.1895447717  0.5634407858  
0.4686702579  0.1704540259  -0.8667719506  
0.3715236878  0.7199424623  -0.5862192426  
-0.8271495728  0.389639119  0.4049752353  
-0.4244740685  0.5664538167  -0.7063652304  
0.8952185893  0.03180213513  -0.444491059  
0.1710343719  0.9260804812  -0.3363364179  
0.5216575013  0.3840788337  -0.7618115914  
0.5563142739  -0.1856960353  0.8099576601  
-0.4777890237  -0.8784047542  -0.01107865393  
-0.8150700086  0.5714833798  0.09522409226  
-0.4816058736  0.6172669866  0.6221231789  
0.9755466886  0.06351051085  0.2104164283  
-0.4158718675  -0.2852909368  -0.8635158778  
-0.07341584824  -0.05282848237  0.9959012324  
0.05683254958  -0.3296146946  -0.9424034244  
0.3624995103  0.555505524  -0.7483366341  
0.2989712832  0.1172874881  0.9470268301  
0.7320665662  -0.3411088147  -0.5896806926  
-0.1651456392  -0.6576552984  -0.7349941676  
-0.1509044141  -0.2956429215  0.9433043628  
-0.06171237912  -0.5049350013  -0.860948446  
0.9756556339  0.1747633171  -0.1324910074  
-0.6430448103  0.7362837038  0.2106648511  
-0.3678948976  0.1352678024  -0.9199760682  
-0.9015662549  -0.1093934846  -0.4185825528  
0.3761044007  0.6025504635  0.7039022792  
-0.3167752178  0.9385506842  0.137025817  
-0.832012943  0.1595985541  0.5313028932  
0.6587030191  0.7518982254  -0.02755705526  
0.2794925113  0.1114269415  -0.9536603026  
0.2335370767  -0.3117947831  0.9210018714  
-0.3732606055  -0.8966298011  -0.238183795  
-0.2865854375  -0.4649306063  -0.8376803199  
-0.233058342  0.6990748541  -0.6760015959  
0.03401444281  -0.9779555814  0.206024024  
0.7512933855  -0.0002175032906  -0.6599683338  
0.6829274277  0.3888467801  -0.6183917125  
-0.1488215969  0.8122634403  0.5639860245  
-0.5742928941  0.0168172175  0.8184771548  
0.274795337  0.9597374937  0.05823629407  
-0.6602834236  0.1933960063  0.7256884905  
-0.5275440317  -0.638653039  -0.5601960285  
-0.05428833446  0.6797117643  0.7314674936  
-0.1323348702  -0.9627323695  -0.2358683253  
0.5990577486  0.2004713407  0.7752038799  
-0.3395286907  -0.3544686391  0.8712475263  
-0.1753591018  0.9839926317  -0.03174407404  
