1  0  0  
-0.6556592377  0.7539168597  -0.04147689391  
0.5779746339  -0.5283506226  0.6219251903  
-0.5582389077  -0.1307274963  -0.8193165711  
0.4115640266  -0.08233110009  -0.9076544728  
-0.4774417604  -0.8372771538  -0.2664888987  
-0.6107248137  0.1484275641  -0.7778074699  
0.8304952922  0.3812978887  -0.4060658687  
0.6525485232  0.4585559558  0.6032469314  
0.7170662203  -0.6481195112  0.2564315405  
0.05606594306  -0.8300905124  -0.5548029842  
0.9145264357  -0.3991755806  0.06557632443  
-0.3580538853  0.9076073022  -0.2191948909  
-0.704883983  -0.2472693276  -0.6648281358  
0.253310015  -0.7974379397  0.5476557026  
0.1730827118  -0.06999012678  -0.9824173029  
-0.8057492567  0.589452001  -0.05757146771  
0.8366248742  0.5474554349  -0.01874477786  
0.3907714349  -0.4142791994  -0.8219917461  
-0.8327247064  -0.09149465608  -0.5460753531  
-0.7644566977  0.5498631144  0.3365360498  
0.8873588405  0.3628380618  0.2845045325  
0.4741730528  -0.6884592563  -0.5488021213  
-0.1269272194  0.9715984738  0.1997145128  
-0.0817032173  0.353407227  0.9318947989  
-0.7278026227  0.5113226267  -0.4570038444  
0.6934846205  -0.3378923402  0.6363236972  
-0.8209356271  -0.194690106  0.5368057925  
-0.9270293086  -0.2037879526  0.3147810847  
-0.7832705793  0.143321175  -0.6049349059  
0.324401307  0.9386806041  0.116801179  
0.7030250269  0.02800601462  0.7106134495  
-0.137279588  0.6796872645  0.7205411419  
-0.9043066597  -0.3885238073  0.1768578991  
0.7918490457  0.553716402  -0.2576300351  
0.869220682  -0.3632141012  -0.3354562902  
0.3716614034  -0.5247207556  0.7658563376  
0.6349208361  0.6986110784  0.3298758751  
0.9729882015  0.1792138981  0.1455209212  
-0.001651002507  -0.6407438115  0.7677529825  
-0.2578578068  -0.9086753928  -0.3283570953  
0.1071459765  0.9798856625  0.1683562538  
-0.9246483276  -0.3753196005  -0.06450323891  
-0.8307531672  0.3155633774  -0.4585509024  
-0.2764802016  0.2584274549  0.925620845  
0.5553569155  -0.7981277532  0.2336039082  
-0.521382004  0.3670626578  -0.7703413601  
-0.8428338575  0.4670114238  -0.2674535824  
-0.6373021764  -0.701451721  0.319079017  
-0.6095106793  0.7123291002  0.3479712413  
0.2005874048  0.5724117219  -0.7950531515  
0.5358457703  0.3468512239  0.7697814878  
0.5529857095  0.8199105694  -0.1481670115  
-0.6928063161  -0.5468375586  0.4700937065  
-0.5523955884  -0.5289640426  0.6442485201  
0.5843661161  -0.6829848782  0.4382326989  
0.9268503721  -0.2594953554  0.2713126394  
-0.6882977036  -0.7151328504  -0.1217837322  
0.6373565016  -0.5668565601  -0.5219677481  
0.2003068453  -0.507559157  -0.8380100655  
-0.9728461448  0.03058152417  -0.2294235143  
0.2887338991  -0.3605582021  0.8869219348  
-0.05105725526  0.7973494171  -0.6013543578  
-0.7117884977  -0.6960527413  0.0941685501  
0.4925407135  0.1388876527  -0.8591355338  
0.3133392482  0.3160817129  -0.8954947606  
-0.5552413498  -0.64600931  -0.5238120034  
0.173475989  0.8358386107  0.5208453687  
0.6888266467  -0.2403012293  -0.683939449  
-0.4409037313  -0.8341621944  0.3313266262  
0.7322640029  -0.6645957208  -0.1486672728  
-0.9209475009  -0.1503657335  -0.3595077839  
0.220639532  0.5777007761  0.7858625899  
0.419006029  -0.8235157135  -0.3824340693  
0.03836260612  0.9690915673  -0.2437003173  
-0.1224362756  0.4944267582  -0.8605530427  
-0.02446237845  0.05111041827  -0.998393368  
-0.08291022012  0.2887545128  -0.9538064409  
-0.02577482697  -0.9287428235  -0.3698275627  
-0.07566624367  -0.8896741046  0.450282808  
0.9781043198  0.008122837765  -0.2079566278  
0.9580581942  -0.2551867779  -0.1304001722  
0.4697531352  -0.8824284232  0.02553565903  
-0.1628404433  0.9690111777  -0.1857426378  
0.2432648715  0.9255297093  -0.2902015842  
-0.293762478  -0.8198826702  0.4914224391  
0.5277048464  0.847186811  0.06166118998  
0.5091676388  0.700514389  -0.5000279056  
-0.08000566882  -0.7168719886  -0.692599195  
0.7033475075  0.3662729105  -0.609217891  
-0.3681585145  0.6018382382  0.7086960161  
0.1557806713  0.7502449911  -0.6425455905  
0.5542376576  -0.8156885393  -0.1657492861  
-0.4063006747  0.8188193403  -0.4055300848  
0.898064487  0.01948097144  -0.4394322121  
-0.9785050228  0.1938863167  -0.07025679005  
-0.3877753326  -0.479825022  0.7870185765  
0.430248675  -0.2037356763  0.8794190423  
0.4047041582  0.7905458936  0.4596212946  
-0.8691064406  0.4747097971  0.138941007  
-0.566317771  0.4508178924  0.6899618904  
0.8081545369  0.5526186233  0.2037127919  
-0.3405594691  -0.4216893175  -0.8403555007  
-0.299953404  -0.09990497667  0.9487080431  
-0.7452769165  -0.5234619042  -0.4129769395  
0.3607039713  0.6642895123  -0.6546847248  
-0.2114878787  -0.0951117547  -0.9727418112  
-0.7511514128  0.3915527856  0.5314677517  
0.01518577429  0.1757700504  0.9843141174  
-0.1207598173  -0.2083038001  0.9705805445  
0.8127509422  0.3198902446  0.486935455  
-0.9749885704  -0.205177195  0.08543773266  
-0.9338267505  0.1617558991  0.3190652429  
-0.4204510539  -0.001564950328  -0.9073138719  
0.9001229912  -0.08865186636  0.4265201606  
-0.1516400543  -0.348973538  -0.9247825494  
-0.3535591223  0.9141056371  0.1985115392  
0.8357883204  -0.1927501258  -0.5141062852  
-0.2123345292  0.6598844574  -0.7207402796  
-0.5192765472  0.2488954171  0.8175591348  
0.2337441174  -0.1295263459  0.9636319906  
-0.1696607412  -0.9838051876  0.0578151006  
0.3652932459  0.2235874203  0.9036423573  
-0.4242437898  0.6760875531  -0.6024307656  
0.1533816271  -0.9068799135  0.3924829918  
0.6782264189  0.1631571564  -0.7165114563  
-0.5408454358  -0.3305318044  0.7734564894  
-0.2730393053  0.7745289343  0.5705738057  
-0.7729000172  0.01997705501  0.634213277  
-0.3698262191  -0.9230872059  0.1055394615  
-0.6106636365  0.04356834123  0.7906906618  
-0.3165018859  -0.7049577962  -0.6347133698  
-0.02159765284  -0.535747235  -0.8441021511  
0.03966724025  -0.9992050413  0.003974355561  
0.4587568336  0.5508029383  0.6972505222  
-0.09813889648  -0.4220879888  0.9012272115  
0.2668992168  -0.9636877893  -0.008405526551  
-0.2057170201  0.8970353664  0.3911624459  
