1  0  0  
0.6058211384  0.767393414  -0.2099716562  
-0.6714234481  0.6447121556  -0.3654268596  
0.3820687473  -0.3723792731  0.8457878867  
-0.2569737594  0.06970091736  0.9639015868  
0.8853802711  0.3368716323  0.3203424399  
-0.5156305731  0.2154789402  -0.8292731386  
-0.5075463132  -0.7592632522  0.4073279439  
-0.7188610994  -0.1268051468  -0.6834904348  
0.7623333407  -0.6279621112  0.156561376  
-0.1093618425  0.9694471662  0.2195727198  
-0.8065427839  0.5877859973  0.06321676262  
-0.194540951  0.965512385  -0.1730307858  
-0.9045437101  0.1131661984  -0.4110889052  
-0.04575218078  0.9328218037  -0.3574216284  
-0.4139530999  0.4751816505  0.7764310852  
-0.8113782303  -0.2720905561  -0.5173317086  
-0.8963532149  -0.430451256  0.1061255407  
-0.7017521237  0.2934404417  0.649181534  
-0.9325021446  -0.1223577455  -0.339806316  
0.4609638583  -0.6561633474  -0.5974629552  
-0.8844432469  0.4490283  -0.1270186163  
-0.5994166496  0.7765767102  -0.1939801365  
0.5090164964  0.8479259081  0.1480670819  
-0.2597348848  -0.7163161772  -0.6476333252  
-0.6940184346  0.4771436165  -0.53914041  
0.5453952653  -0.4453723367  0.7100616073  
-0.8134960181  0.09262679282  0.5741467632  
-0.7453950373  0.4625304182  0.4800540081  
0.8165137834  -0.3020082426  0.4920327865  
-0.9737062256  -0.1793202862  -0.1405006095  
0.4339516438  -0.009007307935  0.9008911362  
0.1386055537  -0.7739421626  -0.6179013105  
-0.9289012379  0.1255168743  0.3484078135  
0.8370329409  0.4449409316  -0.3184390417  
0.9713816907  0.2271312585  -0.06949102428  
0.03191001739  -0.531997193  0.8461446315  
-0.9699930381  0.2323331655  -0.07165756211  
-0.9131437011  -0.3924674333  -0.1101721148  
-0.2271580884  -0.6924289902  0.6847928858  
0.8082238778  0.5839763871  0.07580067716  
-0.4543055095  -0.6959874  -0.5560647832  
0.2456273149  0.9611225832  -0.1261372354  
0.02130845196  0.7030082729  -0.7108623763  
0.2138109358  -0.4471116157  -0.8685482639  
0.5444946243  -0.6376723719  0.5448848964  
0.1553962744  -0.3426185509  0.9265336078  
-0.3920839648  0.8967586159  -0.2051685876  
-0.829481608  -0.2584023628  0.4951651047  
-0.3425831403  -0.1971267136  -0.9185738135  
-0.3729421082  -0.5034887541  0.7793672167  
-0.6300329257  0.04808150916  -0.7750784999  
-0.7958459385  -0.5320982268  -0.28896491  
-0.3434118007  0.7614552919  -0.549776476  
-0.7335055218  -0.4409167243  0.5172640445  
-0.3974263904  0.5962349682  -0.6975357531  
-0.6750027832  0.282889633  -0.6814284248  
-0.7076021423  -0.6195439902  0.3398006068  
0.07960084198  -0.5998635418  -0.7961328012  
0.05454914863  0.7281761406  0.6832158507  
0.9141393033  -0.3974275022  -0.08000446624  
0.06549440931  0.3400042526  -0.9381404962  
-0.09770190333  -0.8367186604  0.5388471226  
0.4855457183  0.7978057099  0.3574232851  
-0.5849427949  -0.1037544702  0.8044109252  
-0.4949450418  0.8496583411  0.1819618338  
-0.4662239046  -0.3688988045  -0.8040826716  
0.3712917611  0.5539279345  0.7451887489  
0.471625182  -0.08509268687  -0.8776838396  
0.6005861364  0.6057947474  -0.5218323646  
0.4838927527  -0.7873523901  0.3820000233  
0.8105759857  -0.4769498974  0.3398313798  
0.2522857559  0.3933948495  0.8840771402  
0.2636402145  -0.8857319448  0.3820638157  
-0.6609344009  -0.7504222734  -0.005668279053  
0.1735690285  0.5258350272  -0.8326892076  
-0.1215406132  0.2540757457  0.9595172717  
0.2806829388  0.3253379515  -0.9029796815  
0.3026342846  0.9134605984  0.2720334999  
0.3096892507  0.8128125233  -0.4933846066  
0.9740327023  -0.1780366103  -0.1398687249  
0.777498774  0.6137148441  -0.1372943793  
0.485189072  -0.8740821673  0.02391504263  
0.7942636251  -0.5405606823  -0.2773796001  
-0.475501134  -0.8765754882  0.07425688541  
0.3867447049  0.8796692851  -0.2767859861  
-0.2999056921  0.1769339619  -0.9374171691  
0.6739369307  0.2846293672  -0.6817588553  
0.1114707781  0.9898474296  0.08818351208  
0.8970510108  0.0680469385  -0.4366567281  
0.9243932563  0.2516838378  -0.2866223185  
0.4224278903  0.6606565701  -0.6205542473  
-0.6302433768  0.6329832245  0.4495837225  
0.1888743802  -0.6910461142  0.6976974534  
0.5901876154  -0.4851979681  -0.6451833153  
-0.8935189089  0.3486640039  0.2829441142  
0.8359819297  -0.2757073808  -0.4744677579  
0.7781168633  -0.1118042513  0.6180889551  
0.6327821908  0.6429176313  0.431559519  
0.07387536832  0.8572526765  0.5095687182  
-0.2813367024  0.6388208016  0.7160709765  
0.9761106844  -0.05672001947  0.2097397702  
0.09217474087  -0.995656283  -0.01312948087  
0.0280578487  -0.05320802039  -0.9981891923  
-0.01677419802  -0.4220651093  -0.9064103209  
-0.5607920126  -0.4667057318  0.6838845506  
0.2080953318  0.02555924718  0.9777745434  
0.4894427511  -0.7815512889  -0.3868118098  
-0.09159397709  -0.9466412522  -0.3089998107  
-0.1623581235  -0.1362782158  0.9772758503  
0.6532376742  0.3342741884  0.6793683154  
-0.9755558214  -0.04787179418  0.2144740792  
-0.6635908859  0.7092070352  0.2380599027  
0.7348482532  0.4650462906  0.4936901785  
0.9165462395  -0.2861609084  0.2793831159  
-0.1134909811  -0.2289076307  -0.9668097506  
-0.3009255445  0.9519168419  0.0574294596  
-0.3162676038  0.8019634902  0.5067833494  
0.6629916265  -0.7482750894  -0.02294545444  
0.381223925  0.1182586994  -0.9168877789  
0.06537507184  -0.1487954806  0.9867046189  
-0.2846816757  -0.8367816782  -0.467710131  
0.8494605631  0.0633720006  0.5238327417  
-0.1173353203  0.8302186822  -0.5449489539  
-0.1746530241  -0.9230617889  0.3427145388  
0.5363556607  -0.2906846868  -0.792354099  
0.758250054  0.09565444869  -0.6449085843  
0.3105464334  -0.9055078327  -0.289165139  
0.658703092  -0.09612479143  -0.7462374026  
-0.669883234  -0.7078275599  -0.224135223  
-0.3429838929  0.271807652  0.8991566324  
-0.5648047556  -0.5258340622  -0.6359985276  
0.1242171739  -0.896558425  -0.4251506606  
-0.3216638836  -0.9443338443  -0.06903576257  
0.5472118321  0.1665315287  0.8202599958  
-0.4851307303  -0.3005541891  0.8211670683  
-0.03880612996  -0.9867255932  0.15769175  
0.1533556261  0.571006058  0.8064949682  
-0.2378861965  0.5198734454  -0.8204521669  
