1  0  0  
0.5326456829  0.795263525  -0.2895591516  
0.1007953971  -0.650005092  0.7532155523  
0.3052881659  -0.1655858009  0.9377528877  
0.2412808275  -0.04166332954  -0.9695605856  
-0.8498148681  -0.3278979407  -0.4126713346  
0.4899052194  -0.02704529462  0.8713560857  
-0.643269051  -0.6355240252  0.4269826008  
-0.7521260765  -0.2204702713  -0.6210468779  
-0.2988645353  0.3771806648  -0.8765926852  
0.1208474976  0.9262846026  0.356921164  
0.9579835176  -0.2702914097  0.09596944246  
0.06334901479  -0.9161208605  0.3958654712  
-0.7851597614  0.01476095631  -0.6191173259  
0.2710961529  -0.8608157693  0.4307006932  
0.4250018076  -0.5629177982  -0.7088702391  
-0.7299870202  0.6818017912  -0.04759483045  
0.909486913  0.3597742518  0.2083171687  
-0.69183743  0.2678583149  0.6705317991  
0.90478597  -0.06413535912  0.421009506  
-0.3065819466  0.4342650216  0.8470073206  
-0.8620921843  0.5046127601  -0.04650836634  
-0.5653008853  0.8241223455  -0.03545798652  
-0.5572648688  -0.8274258507  0.06944298035  
-0.1954755228  -0.7281395112  -0.6569643615  
-0.7873313226  0.4310558718  -0.4407949907  
0.6447735232  -0.4870647985  0.5890967542  
-0.801690998  -0.1409610233  0.5808799649  
0.8469351472  -0.4269888472  -0.3168302082  
0.8038088052  -0.2319754726  0.5477944732  
-0.9516743187  -0.1321008885  -0.2772460034  
0.6538167157  -0.1085273462  0.7488294314  
-0.3851978382  0.7317480891  0.5622876128  
-0.8882077139  0.03684139295  0.4579626282  
0.7878760681  0.5123892843  -0.341626291  
0.9781411935  0.1923367634  0.07903401216  
0.2990883521  -0.569272173  0.7658167866  
-0.3122174353  -0.05630891396  -0.9483404343  
0.830012206  0.5458457538  -0.1145955975  
-0.09960830515  -0.7061779607  0.7009927769  
-0.6826041946  -0.68740615  -0.2480409208  
0.4211610302  0.7024680647  0.5737264197  
0.7106921363  0.7030938388  0.0239946102  
-0.5032723254  -0.4222579619  0.7539331403  
-0.03918307289  0.1228235298  0.9916547117  
-0.3325796444  0.8584287791  0.3905007188  
0.4840143614  -0.449577984  0.7507394584  
0.7614717699  -0.5955084881  0.2559890315  
-0.316364355  -0.8588677846  0.4028147508  
-0.04540878431  0.9753458498  0.2159595231  
-0.3070704788  -0.5753141823  0.7581037612  
-0.6263927119  -0.1132845789  -0.771231985  
-0.8299243481  -0.545580047  -0.1164817099  
0.4667097107  -0.7672279781  0.4399355357  
-0.8995385792  -0.3579961241  0.2503380109  
0.6111202759  -0.7530864013  0.2437065462  
0.87589798  -0.4212072257  0.2353448567  
-0.6978935474  -0.6864034637  0.2044379649  
0.1023052052  -0.5142805503  -0.8514981859  
0.01627007836  -0.6955979896  -0.718246978  
-0.9249611471  0.2202996081  0.3097014031  
-0.09761885322  0.4681899831  -0.8782190497  
-0.08580295625  0.8039038185  -0.5885375972  
0.3543445114  0.8941361272  0.2737892496  
0.4907159705  0.228891754  -0.8407177893  
-0.9725044264  -0.1821773842  0.1450742617  
-0.5381071743  -0.5363286021  -0.6502248069  
0.3214600972  0.5847008282  0.7448411558  
0.5847887938  -0.1259818704  -0.8013430196  
-0.4675603559  -0.7380999511  0.4864111181  
-0.4322474452  0.8687297787  -0.2418071911  
-0.4885826719  0.2486821729  -0.8363277764  
-0.2435972771  -0.3812060286  -0.8918196737  
-0.2351341349  0.9457060486  -0.2243925318  
0.761839653  -0.06482150785  -0.6445141699  
-0.1075783864  -0.5332260373  0.839104811  
0.1825751503  -0.2826576916  -0.9416851618  
0.1040552952  0.3355355966  -0.9362629753  
-0.1943731808  -0.9689215167  -0.1530037941  
0.1187787336  0.8482739764  -0.5160647957  
-0.9790481751  0.1778238649  0.09921362788  
-0.9251269177  -0.3790200838  0.02199914186  
0.3789169839  -0.9250236854  0.02744267965  
0.8004662567  -0.579895731  -0.151574117  
-0.3831384873  -0.9227954539  -0.04066263489  
0.376122521  0.906323459  -0.1926386176  
0.5441313124  0.8243120087  0.1563036381  
-0.6689227509  -0.4744661604  0.5722099405  
0.1183150206  -0.9077463385  -0.4024899264  
0.9111843859  0.1703395737  -0.3751365678  
0.2051104819  0.9745306128  -0.09066297493  
0.2912225997  0.7369646427  -0.6099774692  
-0.7406580756  0.4513746157  0.4976811945  
-0.6416785383  0.6323681828  -0.4340036115  
0.8288924584  -0.2484460328  -0.5012103961  
-0.4632056144  0.8688130011  0.1749414988  
0.6706963937  0.2877003659  -0.6836628167  
-0.6590497469  0.3067254012  -0.6867117003  
0.7848953897  0.5196279155  0.3375293419  
0.6481962463  -0.744059907  -0.161915043  
-0.2310736265  0.6429791853  0.7301936363  
-0.9769604798  0.07496812013  -0.1998199235  
0.9179474532  -0.3791424503  -0.1167196452  
0.08327974202  0.117728988  -0.9895475582  
0.02110979913  0.3594218457  0.9329363929  
0.4934498287  0.5941038042  -0.6352542298  
0.1176609684  -0.03776006163  0.9923356661  
0.5740092164  -0.6293570495  -0.5238541054  
0.04482867401  0.8377434448  0.5442208289  
-0.2899917113  -0.1812904293  0.9397013289  
0.8703776127  0.1312987311  0.4745560604  
0.9690027426  -0.008561431098  -0.246901573  
0.5299056938  -0.767761739  -0.3601969847  
0.7132513038  0.4346482383  0.5498667898  
-0.9073481553  0.2496477511  -0.3382237801  
-0.1660689009  -0.1987756477  -0.9658723322  
-0.1810783486  0.9834668547  -0.001891384473  
-0.600360878  0.4596388619  0.6544455155  
-0.427604766  -0.4137982301  -0.8036947112  
-0.4486319569  -0.02092643178  0.893471573  
0.1038404873  -0.2620933402  0.9594395417  
-0.279627868  -0.8341316288  -0.4754289445  
0.4364828312  0.2120198096  0.8743742553  
-0.2882635726  0.735085207  -0.6136398383  
0.1489724416  0.9407993777  -0.3044728931  
0.4988926904  -0.3381173183  -0.7979866932  
0.8099154754  0.3380089116  -0.479360927  
0.2625136521  -0.9439887033  -0.1999297641  
-0.6432412003  -0.0843526572  0.7610028827  
-0.5020510628  -0.777763886  -0.378190518  
-0.3809747832  0.1966396303  0.9034329363  
0.6273951679  0.6247683273  0.4648008612  
0.1761509102  -0.7958650146  -0.5792838125  
-0.02831357861  -0.9993812725  -0.0208665619  
0.6023898537  0.3282848251  0.7275682358  
0.3096432094  0.3880641799  -0.8680594883  
0.02674283018  -0.9821246861  0.1863220918  
0.1179477767  0.5536073764  0.8243829175  
-0.4765226427  0.6291904586  -0.6140403389  
-0.7061095966  0.6178051658  0.3460144717  
