1  0  0  
-0.3325016881  -0.8997380057  0.2826909062  
-0.5816964409  -0.3940892741  0.7115636968  
-0.401344707  0.03446544511  -0.9152784053  
-0.3761100677  0.1167755705  0.9191869685  
-0.8204961054  -0.4182571529  -0.3896756281  
-0.5999168204  0.1025601284  -0.7934615483  
0.430891897  0.7790436833  -0.4554372762  
-0.6847296517  -0.4642166175  -0.5618258058  
0.5514559849  -0.7980729862  0.2428493472  
0.3440043502  -0.9309003381  -0.1228233187  
-0.9744285824  0.1259580634  -0.1860739208  
0.008964626439  -0.9938203398  0.1106380025  
0.6465661062  0.2909999851  0.7051746443  
-0.1364335957  0.9877465763  0.07577977908  
-0.4124282111  0.5421545733  0.7321006689  
0.8913897539  -0.3260507488  0.3148256911  
-0.9281218426  -0.3092181599  0.2073016521  
-0.9113682989  -0.1153137737  0.3951082857  
0.79077585  0.2584627782  0.554860836  
0.5694860873  -0.5799265639  -0.5825553851  
-0.9020867699  -0.2092880087  -0.3774095773  
0.3941051493  -0.3339485226  -0.8562473448  
0.5286562693  0.8123586353  -0.2461625408  
-0.06122046883  0.6116382587  0.7887652976  
0.6413753677  -0.4995703706  0.5822946698  
0.6232305282  -0.3198132302  0.7136548231  
0.8722772705  -0.1594695804  -0.4622789378  
-0.8298405204  0.3658212749  0.4213543706  
0.5418689296  0.1076679759  0.8335380436  
-0.9765158341  -0.1213579459  -0.1780142545  
0.7526445591  -0.1468219799  0.641848482  
0.6949446056  -0.6912094503  -0.1981955879  
0.7744263527  0.6326600633  -0.002251348585  
0.7595474346  0.5307019474  -0.3760892682  
0.9190879663  0.3399491379  0.1992784327  
0.3014347984  -0.7310733073  0.612102019  
-0.5324937681  0.8305827922  0.1630417502  
0.8970651312  0.4418295342  0.007798273631  
-0.09783184441  0.7631077286  -0.6388235475  
0.5009864687  0.8510565489  0.1572110326  
0.1672018689  0.8396402483  0.5167666673  
-0.6912069216  0.02006816831  0.7223781975  
0.8239652765  -0.5153815645  -0.2355059789  
0.231655651  -0.4830778893  -0.8443763451  
-0.8421167315  -0.5060496706  0.1864219446  
-0.7746155964  0.344051677  -0.5306591386  
-0.8748911475  0.1711351252  -0.4530764273  
0.8539084816  0.3330366387  -0.3999086175  
-0.7012984227  -0.6820063255  0.2074798648  
0.01218677465  -0.6307688036  0.7758751181  
0.8417164326  0.04041783445  0.5384049087  
-0.8162953989  -0.5420789876  -0.19952993  
-0.7404250022  0.2109814776  0.6381674015  
0.5380513257  0.5937484684  -0.5983005325  
0.6212878479  -0.6609500143  0.4208877388  
0.8508631997  -0.4983053369  0.1665040738  
-0.6108565991  -0.673883854  0.4156137228  
0.247765526  -0.6776987161  -0.6923414579  
0.5744173626  -0.722981468  -0.3838521727  
0.9210230443  -0.3007524164  -0.2475167384  
-0.2928954273  0.3740662629  -0.8799356225  
-0.2211501845  0.8609592942  -0.4580848061  
-0.3514181868  0.8947463166  -0.2755617661  
-0.4718674566  -0.2613757393  0.8420355255  
0.1117552542  0.9477528542  -0.2987897096  
-0.5378221184  -0.6380797016  -0.5510006019  
-0.1476716911  -0.7070329232  -0.6915905705  
0.6546213342  0.1897614193  -0.7317523574  
-0.3410580194  -0.6936289053  0.6344748767  
-0.456118036  0.8878024622  -0.06134431792  
-0.7728347124  0.5085689232  -0.3795841905  
0.339217238  0.6178143957  0.7093920199  
0.2476429696  -0.9634818326  0.1018612677  
-0.9556312975  0.08490538938  0.2820636418  
-0.1156203633  0.4792151471  -0.8700487195  
-0.03658803276  0.4052450955  0.913475631  
0.06549404432  -0.2846255551  0.9563988831  
0.2196491208  -0.9263195843  -0.3060821646  
-0.004051161571  -0.877496341  0.4795662202  
0.9789731392  -0.1892461552  -0.07614121986  
0.977141367  0.09996392453  -0.1876218608  
0.7890824584  -0.6141424816  -0.01333739723  
0.1041670989  0.9913493644  0.07984768771  
-0.2225643668  -0.9695778704  0.1019012066  
-0.2263440251  -0.8498205114  0.4759973538  
-0.9019135217  0.4276303051  0.06069861222  
-0.4053855933  -0.5063311361  0.7611118849  
0.2346004138  -0.8268367713  -0.5111786375  
0.5217837425  0.03879720365  -0.8521951086  
-0.6135054729  -0.7891760353  0.02849947472  
0.1273189626  0.7541320341  -0.6442629564  
-0.9718250279  -0.235636948  0.00559856099  
-0.480435476  0.6265346043  -0.6137068869  
0.8251251754  0.01771097033  -0.5646722647  
-0.47364307  -0.3115888799  -0.8237564034  
0.2934552872  0.3639165462  -0.8839958947  
0.455910051  -0.2469268356  0.8550866408  
0.3643399352  0.8644186629  0.3464632547  
-0.9451596922  0.3095551789  -0.1041573209  
-0.5659855653  0.3822017157  0.7304671029  
0.9375090574  -0.004392940187  0.3479331393  
0.5428876914  0.756350934  0.364974272  
0.01645862358  -0.06865545408  0.9975046578  
0.004183327779  -0.1727780963  -0.9849518918  
0.2062663244  0.5866179283  -0.7831561847  
0.3360986656  0.1872940648  0.9230160455  
0.7051692385  -0.409883539  -0.5785601347  
-0.1301977106  -0.5355363644  -0.8344155791  
0.1461255713  0.2151176254  -0.9655939751  
0.6981673075  0.6042664534  0.3839589353  
0.4273095017  0.9018913912  -0.06323375798  
-0.7147959282  0.5660060498  0.4107358428  
-0.0211173489  0.9675459777  0.2518111171  
-0.710111037  -0.07607958257  -0.6999672937  
-0.3124277609  -0.4393539067  -0.8422333637  
-0.6386951828  0.7690642362  -0.02467111956  
-0.3329809206  -0.1165120251  0.9357075689  
-0.1864051485  -0.05537921198  -0.9809109356  
0.1782210709  -0.03291716579  -0.9834397338  
0.241128802  -0.1664608165  0.956110714  
0.03107357502  -0.8913183728  -0.4523118296  
0.1583561137  0.3103544306  0.9373385027  
-0.4410421414  0.7807031107  -0.4427013468  
0.1189270912  -0.9491848707  0.2913836442  
0.5651139711  -0.1817311119  -0.8047484096  
0.7057966406  0.4405803741  -0.5547432164  
-0.4069170735  0.8442314002  0.3488435728  
-0.7850194686  -0.2310058596  0.5747875492  
-0.6742907368  -0.7155074024  -0.1827051158  
-0.2032225724  0.2628745146  0.9431848046  
-0.3604206856  -0.7588834222  -0.5423955022  
-0.4169584819  0.7218620953  0.5523230393  
-0.1741233895  -0.9336483754  -0.3130203768  
0.5131983868  0.4886263691  0.7056002319  
-0.09473848182  -0.4362113262  0.89484317  
-0.3087336118  -0.9427725892  -0.1259499978  
-0.04900756127  0.7720956781  0.6336138594  
-0.4592671416  0.4642892992  -0.7573038619  
-0.7180897297  0.6632587328  -0.2107960945  
0.2667383089  -0.5891465705  0.7627299608  
