1  0  0  
0.2696559517  0.890877583  -0.3655445249  
0.9324225714  -0.3578655341  -0.05020366338  
-0.2469859547  0.001128794387  -0.9690184023  
-0.3881901699  0.1679762542  0.9061414735  
-0.712081111  -0.6398461848  -0.289028288  
0.9030592688  -0.06984597162  0.4237988877  
-0.3426435589  -0.7692854721  0.53925435  
-0.6612663935  -0.3712762726  -0.6518287246  
-0.8960503601  0.4151622208  -0.1572707299  
0.3585139114  -0.9275148415  -0.105754405  
-0.9708948057  0.01415365784  -0.2390877461  
-0.2813137902  0.9530447804  -0.1121079745  
-0.8037991773  -0.3306853564  -0.4945240922  
-0.293562915  0.8405871753  -0.4552296295  
-0.6031786209  0.4175924291  0.6795528784  
-0.9761291754  0.195624745  -0.09435460774  
0.5021654052  0.8642255857  0.03072527901  
-0.5275132821  0.003920899102  0.8495377354  
-0.9178882981  -0.235478198  -0.3194230586  
-0.2527467645  0.7135411343  0.6534356301  
0.8662394782  0.1214742368  0.4846371594  
-0.8514052373  0.2418171689  0.4654391245  
-0.1032050307  -0.393288713  -0.9136042414  
-0.0619262821  0.6556408342  0.7525292234  
-0.8218638459  0.4355561518  -0.3671929432  
0.7086639396  -0.4235812505  0.5642467058  
0.8235421278  0.3362955211  -0.4568190958  
0.6985567247  -0.02345838543  -0.7151700543  
-0.4533791646  0.008243946849  -0.8912796253  
-0.9178188247  -0.3757784559  -0.1280591942  
0.635792376  -0.02514891984  0.7714503136  
-0.5889085747  0.7262068833  0.3546974108  
0.9676359019  0.2448519113  -0.06105982971  
0.5964919736  0.7890787102  -0.1468063847  
0.8158772187  0.5686847254  0.1046042406  
-0.3524060681  0.3898923063  -0.8507608081  
0.4922870295  0.3918217209  0.7772574989  
0.6756665762  0.7337534988  0.0712774923  
0.2067105185  -0.728025192  0.6536436961  
0.1778659851  0.8553329757  0.4865893464  
-0.1595994115  -0.7307259787  -0.6637526436  
0.9048733305  0.1288885137  -0.4056994046  
-0.7622655309  -0.6378000009  0.1102833594  
0.2687024868  -0.5410750515  -0.7968919389  
-0.04412337178  0.9885592386  -0.1442350852  
-0.7863396572  0.05270497325  -0.6155421426  
0.9223840797  -0.246194686  0.2976504426  
-0.6680379528  -0.6739014767  0.3155663057  
0.9367608793  -0.08728171461  -0.3389114299  
-0.04766167309  -0.5462547704  0.836261975  
-0.5744617708  -0.1869293533  -0.7969009291  
-0.5589314157  -0.7898925356  -0.2523201435  
0.7516162183  -0.4171828029  -0.5109124871  
-0.709773453  -0.5228345338  0.4720865341  
0.6835587135  -0.6038131135  0.4100697614  
0.6834376695  -0.2351808601  0.6910882107  
-0.4768992318  -0.8097155839  0.3419470661  
-0.08402056969  0.4754795462  0.8757052843  
-0.7466642565  0.5571693563  0.3633934457  
0.3932416462  0.9044082849  -0.1655495751  
-0.09138324544  0.1822043449  -0.9790049434  
0.400061582  -0.707315608  0.5827995894  
-0.04877117963  -0.9343381887  0.3530347309  
0.3292430598  0.05905434965  -0.9423967271  
0.1882976453  0.9425082995  0.2760835057  
0.3661449589  0.7227570559  0.5861400066  
0.1344022146  0.5750132352  0.8070290107  
-0.6302038264  -0.1866248796  0.7536672286  
0.5372264067  0.6787454014  -0.5006919891  
-0.7697572015  0.6020372654  -0.2121909089  
-0.8234863032  0.2530171291  -0.5077919268  
-0.3421762759  -0.5761190049  -0.7422952839  
0.6107987794  -0.7581475498  0.2283355948  
0.5489716165  -0.8225647847  -0.1483824089  
-0.1655052674  0.5698763672  -0.8048906339  
-0.04581948355  0.2490399345  0.9674087481  
0.1434502518  -0.3854768012  0.9114985798  
-0.2142179299  0.9368639199  0.2763994827  
-0.08147143825  0.8538954458  -0.5140281825  
0.9002708625  -0.3270337309  -0.2873348448  
-0.9764733375  -0.07721202424  0.2013408165  
0.7141359926  -0.6776451016  -0.1755189459  
-0.9168836572  -0.3016002861  0.2614605641  
0.08762221595  0.9955330416  0.03516120497  
-0.1334246691  -0.8294100066  0.5424729474  
0.9771629485  0.1648706978  0.1340530679  
-0.3910351514  -0.6082942468  0.6907022656  
0.2329500372  -0.8469498297  -0.4779228663  
0.6853848379  0.3509274806  -0.638041948  
0.8386429047  -0.04213915519  -0.5430491414  
-0.005081693009  0.7187613091  -0.6952383454  
0.8177780801  0.5009786857  -0.2833008439  
-0.5633560394  0.5758146808  -0.5925094313  
-0.7283420572  0.2303238935  0.645343902  
0.02571663086  0.03163350931  0.9991686424  
-0.4686184234  -0.4017780085  0.7867472308  
0.5102006212  -0.2125158411  0.833386071  
-0.3796244823  -0.9019904281  -0.2056660403  
-0.9760380994  0.1647489619  0.1421527634  
0.4444833637  -0.5818365416  -0.6811026195  
0.8337898351  0.4548251258  0.3129354818  
0.5540004144  0.6977258871  0.4541609046  
-0.1250284194  -0.1351397053  0.982906483  
0.1893242804  -0.09521254032  -0.977287516  
0.197036079  0.6786035582  -0.7075832067  
0.1785404554  0.1990963321  0.9635787235  
0.6038138154  -0.5926690712  -0.5330593292  
-0.02117319589  0.9089432101  0.41638196  
0.06813049482  0.3529170682  -0.9331708197  
0.6979732012  0.5278783572  0.4839192601  
-0.8877594069  -0.4532855361  0.0800965561  
-0.8453323103  0.4989021128  0.1910758148  
-0.2890844793  -0.9569621796  -0.02556463467  
0.7361753692  0.1624276842  0.6570107101  
-0.3036658768  -0.3970267569  -0.8661159215  
-0.676408578  0.7359843646  -0.02825687021  
-0.4312393166  0.3873436619  0.8148604417  
-0.4924782774  0.867925793  -0.06457525936  
0.4584189404  0.2096877181  -0.8636452605  
0.3077972156  -0.1999862091  0.9301969632  
0.04005305394  -0.8010184016  -0.5972983117  
0.3865462166  0.1975991552  0.9008532601  
-0.5178326964  0.7476496614  -0.4157755192  
0.1730180281  -0.9354939367  0.3080841709  
0.5716144269  -0.2155027287  -0.7917168186  
0.5690782603  0.5176169143  -0.6389230499  
0.4094141307  -0.8530296335  -0.3236054912  
-0.7873833672  -0.1598592256  0.595375899  
-0.1784249411  -0.9682750713  0.1749512122  
0.2435532636  -0.3287825633  -0.9124603191  
-0.3777812109  -0.8329478473  -0.4043256613  
-0.4295218185  0.7400208015  0.5175714644  
0.009042828841  -0.9758566563  -0.2182246861  
-0.53314875  -0.5630179794  -0.6314769713  
0.2602633741  0.490347136  -0.8317587765  
0.1491324295  -0.98736034  -0.05365703637  
0.4069122858  -0.8728323588  0.2694180117  
-0.5453812653  0.4068495288  -0.7328251745  
0.8234536603  -0.5673199488  0.00849382146  
0.3733194777  -0.5633211304  0.7370901381  
-0.2727770246  -0.2938658672  0.9160980007  
