1  0  0  
0.3566575975  0.9134463747  -0.1959874451  
-0.8061510124  -0.5048218504  0.3086672069  
-0.4343384401  -0.21040182  -0.8758317153  
0.1153820149  -0.107884934  -0.9874451031  
-0.6854245505  -0.671390132  -0.2818305808  
-0.4152657772  0.1582049479  -0.895837892  
-0.3367044421  -0.8475459236  0.4102389864  
-0.6914448916  -0.4296693323  -0.580765208  
0.2690443017  -0.8269962383  0.4936520895  
0.2714732655  -0.5010935046  -0.8217101471  
-0.9738441046  0.05305434178  -0.2209364087  
-0.01370328261  0.999604197  0.02456968373  
0.8372235965  0.2883408485  0.4646678433  
0.5400484746  -0.8402648597  0.04798552582  
-0.4673933775  0.5140685799  0.7192196645  
0.8966257007  -0.4208813723  0.1375544373  
0.7014233637  0.6951724893  -0.1572910514  
-0.6599341033  -0.02352908135  0.7509549664  
-0.7806548778  -0.493309816  -0.3836969991  
-0.5344275461  0.6368817591  0.5556697066  
-0.9284220626  -0.1181115384  -0.3522529464  
0.8215844028  -0.2366480074  -0.5186490042  
-0.1781789266  0.9077019071  0.3799072491  
-0.1328659427  0.6484195869  0.7495990132  
0.8149783523  -0.3063806729  0.4918751555  
-0.6661853776  0.336687706  -0.6654610667  
-0.8796985254  -0.1301614593  0.4573712922  
-0.7057032257  0.1891599989  0.6827894639  
0.5266807796  0.031666026  0.8494731421  
0.9017209419  0.3386109252  0.2687786903  
-0.6876978726  -0.0460574436  -0.7245345733  
0.8376932689  -0.4944278899  -0.2319720866  
0.90424371  0.3985289778  -0.1533556874  
0.6650383087  0.6574219867  -0.3542885539  
0.8260166724  0.5375070627  0.1696543973  
0.4469229076  -0.8131068911  0.3729840456  
-0.9109750225  0.2839773369  0.2991343854  
0.7074401467  0.7038907619  0.06376703072  
0.1136626533  -0.6550595705  0.7469790897  
0.1821572915  0.9237854975  0.3368071788  
0.03308524102  0.880570275  0.472759302  
0.5802031165  0.2972167048  0.7583050666  
0.02526778144  -0.9788225597  0.2031451103  
0.691928013  -0.5966272258  -0.4065360726  
0.3763130362  0.9262596057  0.02077598532  
-0.7711051829  0.1363210444  -0.6219432207  
0.8980948827  -0.1047560424  0.4271437149  
-0.6712992631  -0.5318195237  0.5162608775  
-0.3755565476  0.9251160947  0.05583449637  
-0.1017688789  -0.6996044403  0.7072458712  
0.8360534935  0.06373676265  0.5449331896  
-0.5518573192  -0.8194382636  -0.1548367895  
0.6708891384  -0.4480597457  -0.5908893536  
-0.6435457261  -0.3850878274  0.6614803577  
-0.6869184984  0.49763649  -0.5296233571  
0.8132201571  -0.4677121704  0.3462922202  
0.5022728295  0.7149093622  -0.4864428112  
-0.02284862979  -0.2855427352  -0.9580935688  
0.3325799401  -0.6721810522  -0.6614856133  
-0.5222392744  -0.8055418903  0.2799435716  
-0.2852594215  0.3317892227  -0.8991901768  
-0.3092409636  0.6921181068  -0.6521829135  
0.04330259131  -0.9078104424  0.4171391689  
-0.249697255  -0.07206455216  0.965638639  
0.808930557  -0.02083879162  -0.5875347639  
-0.4359312295  -0.6873746938  -0.5809302827  
0.2163648668  0.7581763987  0.6151055136  
0.5353790613  -0.1443338383  -0.832188082  
-0.3131831488  -0.7363449962  0.5997602537  
0.5225586558  -0.5281654641  0.6693083697  
-0.9188858441  0.2690833694  -0.2885185363  
0.3107287057  0.5966991849  0.7398633348  
-0.09729256208  -0.6202645439  -0.7783354373  
-0.3170175671  -0.03194593797  -0.94788149  
0.06807830497  0.5239313802  -0.8490354841  
0.1729211123  0.4466667425  0.877830912  
0.0490101703  -0.3208317199  0.9458673325  
0.3930124318  -0.9010100886  0.1836356408  
-0.07994506367  0.7973115755  -0.5982499799  
0.9314155016  -0.3541369743  -0.08397718028  
0.6532323862  -0.6471105106  0.3931099551  
0.485474978  -0.3525533722  0.8000126033  
-0.9172339316  0.08335592225  0.3895301079  
-0.1744094472  -0.9796974581  0.0988647324  
0.1591172107  0.9337845722  -0.3205122245  
-0.9256007428  -0.3737761963  -0.05962063395  
-0.4939980242  -0.5786156882  0.6489759914  
-0.5543696591  0.8164189535  0.1616612922  
0.8005146065  0.3558036733  -0.482265602  
-0.9682904638  -0.06326461842  0.2416840206  
0.1344430087  0.8377678444  -0.5292165117  
0.9106568179  0.2718750411  -0.3111078944  
-0.4915616824  0.6868675621  -0.5353317332  
0.579944492  -0.3393516625  -0.7406111229  
-0.714017569  0.6705612588  0.20131197  
0.4593591888  0.4183102003  -0.7835851658  
0.6075144274  -0.1620726996  0.777598007  
0.3730452081  0.8965577355  0.2387917495  
-0.974330056  0.2132198566  -0.07223735042  
-0.8007087561  0.4186394091  0.428493329  
0.9756996185  0.166040834  0.1429709619  
0.9775980041  -0.1411188738  -0.156165316  
0.02524149869  0.1012023295  -0.9945456024  
0.05159219832  -0.4800420886  -0.8757270341  
0.2907238377  0.5938764642  -0.750193572  
0.1055542874  0.07364090693  0.9916830689  
0.3730506255  -0.8852014444  -0.277941781  
-0.01316778005  -0.7646047971  -0.6443648918  
0.1516761588  0.2731554735  -0.9499370664  
0.6192105876  0.6130892135  0.4906117248  
-0.826205022  -0.5606214138  0.05557780175  
-0.975808458  -0.2029431804  0.08131370661  
0.5137513618  0.7721946101  0.3738649788  
-0.7327098706  -0.2287073258  -0.6409595968  
-0.3832940487  -0.4120386298  -0.8266255741  
-0.6041260374  0.7628997377  -0.2302514305  
-0.3984222903  0.3271876321  0.856859342  
0.1418238359  -0.4872273139  0.8616818114  
0.4653620411  0.04994061725  -0.8837104195  
0.189965767  -0.1464655067  0.970804235  
0.1784165833  -0.80367286  -0.5676948625  
0.2358675109  0.2483551303  0.9395138352  
-0.2077927149  0.9749316133  -0.07956467234  
-0.2245719723  0.9251627992  -0.3060085363  
-0.1928961846  0.3125283851  0.9301166972  
0.5753924368  0.2209683276  -0.7874620892  
0.7017031673  -0.7123642478  0.01224105549  
0.7502247271  0.1949044135  -0.6318030772  
-0.1855731794  -0.9751273509  -0.1211991937  
-0.3323897675  0.1297855272  0.934169556  
-0.3212426095  -0.8303673564  -0.455294673  
0.5497979845  -0.7525632346  -0.3624510369  
0.006394429675  -0.9676285709  -0.2522975627  
0.5206748119  0.509210622  0.6852753335  
-0.2538453128  -0.4291609467  0.8668237647  
0.1952875849  -0.968172732  -0.1565385584  
-0.3741279187  0.794189806  0.4788432441  
-0.3376832101  0.5258440276  -0.7806779799  
-0.7691040382  0.6090576516  -0.1937208183  
-0.5516790947  -0.8314559288  0.06581196616  
-0.3744867951  -0.2447165169  0.8943564539  
-0.8348460589  0.5500063263  0.02291504001  
