1  0  0  
0.03104424857  -0.8697940795  0.4924373198  
-0.1409389409  0.9820489952  -0.1253634156  
0.2915723827  -0.3911579108  -0.8729152504  
0.5245475113  0.1267232316  -0.8418973399  
0.5694520199  0.8029276624  -0.1761577871  
-0.5155749951  -0.2448647173  -0.821111256  
-0.1872200644  -0.8835844335  0.4292169571  
-0.4617930877  -0.7406817187  -0.4879935816  
0.9379404156  -0.2924547289  0.1863813518  
-0.3020112754  0.9164922714  0.2623568294  
-0.9751053816  0.07794520323  -0.2075910406  
0.244066465  -0.8180447508  0.5208016383  
0.5773770256  0.5635807806  0.590772777  
0.286119073  -0.6706463986  0.6843751048  
-0.4460326571  0.5052306948  0.7387806263  
0.90288856  -0.1565622371  0.4003504892  
-0.7042357675  -0.6550933637  0.2736871729  
0.8899173475  0.2266762621  -0.395809281  
-0.6508296135  -0.6421013917  -0.4051254336  
-0.7673131438  0.3359375222  0.5462385198  
-0.9146762603  -0.3594061656  -0.1849176763  
0.606178322  -0.5856372543  0.5381234507  
-0.440056502  0.7212357065  -0.5349479702  
-0.6054567855  0.5601580839  0.565371561  
-0.6859069946  -0.1530595818  -0.7114101202  
0.7143513466  -0.05517563755  0.6976086314  
0.6206734995  0.4442512666  -0.6460690513  
-0.921239935  -0.3269126728  0.2108200335  
-0.87864296  -0.2955186497  -0.3750403665  
-0.1597251278  -0.9607046611  -0.2270119772  
0.6530513019  0.3608314369  0.6658263071  
-0.7801386125  0.6255152041  0.01069929209  
0.9126467962  0.4084888109  -0.01458481209  
0.2381311174  0.9463500135  -0.2184381443  
0.8024001246  0.5147566159  0.3019597099  
0.4201385582  -0.1335450416  0.8975796977  
0.3982522622  0.8607245682  -0.3170936036  
-0.3194220053  -0.877053269  -0.3588135251  
0.449663882  -0.3487588533  0.8222953578  
-0.3856717403  -0.9095003064  -0.1551338179  
0.08144963545  -0.9583298716  -0.2738061613  
-0.08247380271  0.2608413521  0.9618523072  
-0.4931782646  -0.3308350598  0.8045640823  
-0.48676814  0.2992719414  0.8206662434  
-0.7398495608  0.5705591305  -0.3564896997  
-0.3662918713  -0.1004403417  -0.9250632426  
0.9239069783  0.0763832876  0.3749153088  
-0.7108635789  -0.7021163906  0.04129825897  
0.5625620931  0.8245701038  0.06006692397  
0.2711375536  0.4636306924  -0.8435229742  
-0.7482087175  -0.4429682034  -0.4939259923  
-0.819446156  -0.5656516979  -0.09244541165  
0.7439449446  -0.4211884363  0.518793042  
-0.5478541396  -0.736817332  0.3961768053  
-0.7819603797  0.2245790509  -0.5814655746  
-0.8380314625  -0.001823463764  -0.5456188623  
-0.346373243  -0.7790812288  0.5225495339  
0.6209349285  -0.3928934307  -0.6782879674  
0.5577069391  -0.7182574373  -0.4160158937  
-0.9045530448  0.4263503782  0.003023925263  
-0.2286189045  0.06077071485  -0.9716173716  
-0.07280940883  0.7459982953  -0.6619556884  
-0.1073285507  -0.3638800786  -0.9252415201  
0.1120592271  0.3635350322  -0.9248162033  
0.3426450434  -0.9280533257  0.1459842421  
-0.08163143752  -0.5501986253  -0.8310341637  
-0.1511432538  0.8793470627  0.4515578149  
0.8968681393  -0.2016523043  -0.3936545298  
-0.2888153052  0.4877051493  -0.8238503546  
0.8425959049  -0.507162229  0.181159086  
0.8048667223  0.219711922  0.551285979  
0.2214458004  -0.7585371179  -0.6128484301  
-0.5836772336  0.728063744  -0.3595053151  
-0.5322352817  0.8312602379  -0.1604120377  
-0.259663121  0.2839812476  -0.9230003871  
-0.02583630523  -0.01048358488  -0.9996112143  
0.0586349565  -0.2104596523  0.975842547  
0.08709846815  0.9046385387  0.4171845768  
0.0169006702  0.9523602952  -0.3045065442  
0.9293972536  -0.3164257886  -0.1899880664  
-0.8112101103  -0.1156457086  0.5732052224  
0.7004618901  -0.6925249716  0.1725175477  
0.2575658138  -0.5924548967  -0.763319754  
0.2309197235  0.9726756356  0.02404556657  
-0.1989053359  0.9221630736  -0.3317407619  
0.9711426028  0.1095400682  -0.2118561269  
0.5017171969  0.6417319775  -0.5800516558  
0.5043314027  -0.8297439526  -0.2391125455  
-0.3500011137  -0.03815855732  0.935971765  
-0.3821987788  -0.6435107041  -0.6631878068  
0.1310263797  0.7718599099  -0.6221449729  
-0.9776097592  -0.2097556782  0.01678434095  
0.6215561061  -0.3868706678  0.6811747892  
0.8186743688  0.4552343019  -0.3500485799  
-0.6795976695  -0.560388479  0.4734044362  
0.4383490221  0.5181973252  -0.7343852306  
-0.4767647437  -0.4498491756  -0.755202687  
0.1702469493  0.6927583912  0.7007865493  
-0.9778132732  0.2094657155  0.002305826754  
0.324216976  -0.1914880025  -0.9263993185  
0.8262620128  0.5437601285  -0.1470238378  
-0.4332540442  0.899882578  0.05002278478  
-0.3238285367  -0.257173653  0.910492609  
-0.1025849124  0.4659621002  0.8788376738  
-0.2832009029  -0.6561639816  0.6994612769  
-0.1663716225  0.07147623537  0.9834691815  
0.8115291047  -0.109852515  -0.5738927924  
0.4219604358  -0.6767204965  -0.6033230977  
0.08296184875  -0.4207528964  0.9033738605  
0.5236661427  0.8009819561  0.2901752522  
0.6888126553  0.6981151815  0.1953773764  
-0.8388134103  0.4030969057  0.3659302493  
-0.009300141437  0.9962213467  0.08635123477  
0.9714989145  0.1468629399  0.1860675578  
0.321268559  0.3137687248  0.8934963348  
0.6207245672  -0.7833035681  -0.03371248876  
-0.914620957  -0.009980308356  0.4041891865  
-0.9732643775  0.1031900903  0.2052029648  
-0.6701195797  0.192070647  0.7169718373  
-0.0628336337  0.6715820605  0.7382611127  
-0.01181840043  -0.8079755585  -0.5890974642  
0.1554536092  0.1678582663  0.9734771584  
-0.465524643  0.5444699007  -0.6977387291  
-0.06760631728  -0.9922055508  0.1046782251  
0.685741478  0.01883986964  -0.7276013226  
0.1489784596  0.1482556791  -0.9776633737  
-0.6836597138  0.6957839146  0.2202138505  
-0.6714251231  -0.235640922  0.7026106033  
-0.4101502134  -0.9084019068  0.08113432171  
0.5179194028  -0.08888344543  -0.8507991686  
0.2837987544  0.5100752815  0.811961498  
0.8279767497  -0.5274926661  -0.1902787144  
0.2282981217  -0.9709566067  -0.07157678138  
0.2486014233  0.8029148617  0.5417795282  
-0.09938629557  -0.5913188438  0.8002901907  
0.4014054489  -0.8464403952  0.3498747248  
-0.3667140068  0.8191500585  0.4410374348  
-0.5986966922  0.2003708446  -0.7755087333  
-0.858676903  0.3627133882  -0.3620952558  
0.5512173881  0.02388058499  0.8340198491  
-0.1048448719  0.5960942242  -0.7960397155  
0.7216472121  -0.5673353138  -0.3966811603  
-0.7733925572  -0.3425103349  0.5334328664  
