1  0  0  
-0.1718973202  -0.8176728892  0.5494200192  
-0.2589427507  -0.9506670024  0.1708241857  
0.5407041824  0.2228136661  -0.8111677122  
-0.5588680535  -0.4218772051  0.7139230509  
-0.5309651917  -0.8302480863  -0.1695997654  
-0.6698210772  0.1900122435  -0.7177987683  
-0.3614990867  -0.7267679478  0.5840605794  
0.5440544863  0.1262442723  0.829498101  
0.8325092924  -0.4772300258  -0.2813890199  
-0.118206585  0.955031285  0.2719236069  
-0.9779520447  0.05697530787  -0.2009069747  
-0.1228468043  -0.9325991393  0.3393633865  
-0.5324296248  -0.3397303978  -0.7753076495  
0.2195668195  -0.7721594149  0.5962887302  
-0.4212277502  0.02317328728  0.9066588009  
0.7749249993  -0.6252524637  0.09246946628  
0.7019043224  0.6992476581  0.1355840506  
0.83829009  0.2462175146  -0.4864634217  
-0.6977999322  -0.2230489463  -0.6806793828  
-0.4250393347  0.6293741469  0.6505611018  
-0.9378844988  0.2709014216  -0.216760436  
-0.4949410764  0.8608213603  0.1184057287  
-0.9283988874  -0.2446629719  0.279670406  
-0.05087699558  0.4883611733  0.8711572164  
0.8539980028  -0.3182448923  0.4115915449  
-0.7355981864  0.5150335025  -0.4400406793  
0.7914598688  0.5695166653  -0.2219054846  
-0.9749343825  -0.2163766438  0.05180827884  
0.8298098529  0.06842735444  0.5538350885  
0.3853835775  0.9226913765  0.01096001501  
0.6958787196  0.01517347618  0.7179990064  
-0.4199795112  0.9050869438  -0.06659455143  
0.8901859095  0.3322000152  0.3117887047  
0.04906860182  0.9916623303  -0.1191557589  
0.8158608445  0.5295112884  0.2323550685  
0.55450526  -0.3521725454  0.7539883387  
0.3185683588  0.862814041  -0.3925125875  
0.7197705  0.6907162765  -0.06958054782  
0.3408096244  -0.1304274753  0.9310410698  
-0.757257828  -0.4910514964  -0.4306146883  
-0.1648278468  -0.7728936055  -0.6127538294  
0.1883874809  -0.9782401061  0.08692785462  
0.9046435882  0.4040859133  -0.1354051437  
-0.6040072912  0.3125698062  0.7331270752  
0.7594391524  -0.3186647289  -0.5671904128  
0.5728372231  -0.1200724945  -0.8108268076  
0.8395864412  -0.4802565405  0.2538666247  
-0.6245956256  -0.7388456002  0.2529574738  
-0.9048932486  0.4216836216  -0.05788896117  
0.009004572526  -0.5782801631  0.8157885576  
-0.5270903178  0.1017133191  -0.8437003008  
-0.6572629099  -0.6761542174  -0.3328977945  
0.5382250127  -0.7845579495  -0.3078679255  
-0.6837321898  -0.6017939488  0.4127400343  
0.5803610294  -0.6720192855  0.4599686462  
0.8108050024  -0.1479815989  0.5663008868  
0.3806451669  0.5664711895  -0.7309033099  
-0.2445108161  0.5718548273  0.7830686543  
0.5758771933  -0.6579017098  -0.4853151538  
-0.3963895567  -0.7393148715  -0.544324205  
-0.1577154859  0.02814863593  -0.9870833196  
-0.3838933895  0.3182121322  -0.8668142272  
0.2390133318  -0.1635010825  -0.9571520377  
0.1922919697  0.4940734602  -0.8478886804  
-0.3578240724  -0.2747316325  -0.8924597825  
-0.3077466409  -0.644926623  -0.6995438914  
0.1352634508  0.5901995216  0.7958444092  
-0.9595174097  0.1496215184  0.2386204974  
-0.1689781303  0.256979598  -0.9515292311  
0.676206474  -0.7289422376  -0.1067146611  
-0.9141408956  0.1026014526  -0.3921981195  
0.2397681197  -0.3792383938  -0.893694293  
-0.6130455112  0.7857464862  -0.082326549  
-0.5639443978  -0.824776317  0.04136113047  
0.03306031038  -0.07417435944  -0.9966971357  
-0.2104745401  -0.05087676432  0.9762745632  
-0.04433344389  0.2857296122  0.9572842496  
-0.04262433267  -0.9023308468  -0.4289314737  
-0.4129285744  0.6668560647  -0.6203168395  
0.9787660258  -0.2049256554  0.004747898076  
-0.01560000504  0.7414551566  -0.6708210571  
0.5224235158  -0.8093391996  0.2684096313  
-0.3801194524  -0.3822269001  0.8422658718  
-0.1856863626  -0.9814082692  -0.04856319556  
-0.02146248157  0.8702070817  -0.4922184442  
-0.9250370062  -0.3660923449  -0.101404794  
0.4484160011  0.8662559254  -0.2202810971  
0.1927879546  -0.8704201847  -0.4529917292  
0.7112090264  0.4365735429  -0.5509857189  
0.3719428033  0.1741422598  -0.9117746566  
-0.2118388396  0.6296543167  -0.747435447  
0.927962699  -0.3432941267  -0.1450323134  
0.3988317556  -0.510020648  0.7621103393  
-0.9164717929  -0.05212774671  0.3966889851  
0.9728556679  0.1618064742  0.1654403651  
0.5042859087  0.7514349605  -0.4254893917  
-0.7047537506  -0.2526867782  0.662926499  
0.5841730436  0.6257226646  0.5169264959  
-0.8230463951  0.5599981695  0.09485083927  
0.4297432024  -0.4511322639  -0.782176745  
0.6672031118  0.42634535  0.6107942781  
-0.04264997525  0.9959296063  0.07940528303  
-0.8025393608  -0.06108972994  0.5934632417  
0.6479762648  0.0596381973  -0.7593220961  
-0.1842132605  -0.6704484511  0.7187241119  
0.1928233137  0.2874315696  -0.938190952  
0.5970864187  -0.4937206153  -0.6322402729  
0.04690833996  -0.6683486516  -0.7423676229  
-0.02183261348  -0.1591435458  0.9870140165  
0.4939162435  0.5377203966  0.6833033876  
-0.8155418157  -0.2829212483  -0.5048238447  
-0.7321525993  0.4978770414  0.4648344039  
-0.6925594541  0.6658898235  -0.2774024973  
-0.9224914881  -0.1173439674  -0.3677497079  
-0.1489322783  -0.3944504428  -0.9067679001  
0.32595173  -0.9124416547  0.2473978506  
-0.8771019046  0.3004145253  0.3747577376  
0.4749426674  0.8002022554  0.3662046056  
0.9791696808  0.04850874422  -0.1971639872  
-0.4180073759  0.254248857  0.8721395258  
0.239141026  -0.7359558583  -0.6333881467  
0.1637468744  0.1885605591  0.968313935  
-0.4069716158  0.7966687172  -0.4468702932  
0.2167123661  -0.8814379459  0.419646158  
0.8676251395  -0.1275226673  -0.4805877512  
0.5480837878  0.59815576  -0.5846484827  
-0.3438466037  0.8922049246  0.2928137389  
-0.8295562481  -0.4226383057  0.3649839637  
0.330191465  0.9160066665  0.2278275298  
-0.7363310638  0.1316956392  0.6636812662  
0.2561485405  0.8668863939  0.4276633084  
-0.3946491553  0.7823386484  0.4818695711  
-0.114935959  -0.9624480474  -0.2459338965  
0.335146407  0.4669993239  0.8182838855  
-0.004016001742  -0.3873095624  0.9219409822  
0.2760233093  -0.9555120598  -0.1039607438  
-0.03781510692  0.805822339  0.5909487081  
0.5847327489  -0.5233453628  0.6198364652  
-0.7258740266  0.3574930993  -0.5876270768  
-0.3617710069  -0.07247314667  -0.9294457389  
0.2028901669  -0.4538105987  0.8676932181  
-0.7024805162  0.6465698003  0.2974367456  
-0.8400678929  -0.5421861926  -0.01789044041  
-0.0854510455  0.9572657479  -0.2762976776  
