1  0  0  
-0.485740905  -0.8087604668  0.3316056099  
-0.8240171277  0.259809318  0.503482762  
0.5384532217  -0.1538663284  0.8284885522  
0.2468228209  0.005407604369  -0.9690455371  
-0.8852452818  -0.4070852234  -0.2249942489  
-0.6921447348  0.2200120302  -0.6874084467  
-0.4572729151  -0.7074014913  0.5389662432  
-0.7129714441  -0.3381331288  -0.6142782001  
-0.7150882906  0.6899322023  -0.1124379514  
-0.2669260889  -0.8987830953  -0.3477634406  
-0.8921124865  0.4164803934  0.1751553407  
0.2181846113  -0.9407979868  0.2594120726  
0.7833641703  0.1471464624  0.6038944405  
0.2781915398  -0.8418919491  0.4624147632  
-0.1878921091  0.4508799963  0.8725845428  
0.6673196772  -0.7403097415  -0.08139984683  
-0.9058569037  -0.3730979389  0.2005522325  
-0.6862774881  0.2528511207  0.681974721  
-0.8938617973  -0.08092377855  -0.4409789445  
0.266495326  -0.8405428158  -0.4716651524  
-0.9295288051  0.3669429291  -0.03645665026  
0.3513477207  -0.9330371969  0.07743622087  
0.7902327779  -0.06926630542  -0.608879574  
0.05478354344  0.736358135  0.6743704178  
0.796719489  -0.4445168919  0.4094420456  
-0.6819699386  0.4204569694  -0.5984420939  
-0.8478374893  -0.1301214341  0.5140428038  
0.6996080953  -0.4379788831  -0.5645555871  
0.9208388609  -0.1241248286  0.3696604106  
-0.9736470121  -0.2073807315  -0.09489324559  
0.6741080127  -0.00144089201  0.738631377  
-0.1597443004  0.93700103  0.3106619194  
0.9051149893  -0.06073462619  -0.4208065605  
0.7897194714  0.5418522123  -0.287644462  
0.9755215808  0.187546002  -0.114822221  
-0.3572719851  0.5112691102  -0.7816397032  
-0.5007317835  -0.07136264113  -0.8626558146  
0.9181195025  0.3961391822  0.01141610653  
-0.04678465171  -0.699907329  0.7126997454  
0.6920381658  0.7218596137  -0.001369387357  
-0.4809742239  -0.6237857481  -0.6160804626  
0.8143858758  -0.4412573927  -0.376918504  
0.5905220009  -0.7600236166  -0.2713814079  
0.02839134528  0.4297460438  0.9025033348  
0.5842473856  -0.7536103535  0.3012082793  
0.8222327606  -0.263564293  0.5044473718  
0.8231298966  -0.5668438581  -0.03384101027  
-0.7397846212  -0.3147535716  0.5946838685  
-0.9200768924  0.2450885665  0.3055979492  
0.2159098288  0.5765895922  -0.7879894593  
-0.8130443777  0.06782863858  -0.5782370757  
0.8067477085  0.5772326755  0.1263351618  
-0.4807073583  0.8708619913  0.102566212  
-0.7327371141  -0.4857325395  0.4766132832  
0.6336670413  -0.6020315477  0.4858231121  
0.849323602  -0.4985773164  0.1734072624  
0.6258875027  0.6617699142  -0.4127049972  
0.0806751836  -0.6055331154  -0.7917203805  
0.05171979178  -0.8610010442  -0.505966664  
-0.4864305364  -0.8183357537  -0.3061240395  
0.190611994  -0.4305523871  0.8822084276  
-0.1222305895  0.7849984479  -0.6073196191  
-0.1026284272  -0.2304203406  -0.9676641321  
-0.5551988627  -0.1687371725  0.8144212605  
-0.3604278408  0.0746408068  -0.9297959569  
0.549008228  0.438498722  0.7115538184  
0.358038827  0.5208000909  0.7749680404  
-0.5198018707  0.2174008806  0.8261615292  
-0.4107720521  -0.5685593826  0.7127457819  
-0.5458742709  0.8320518891  -0.0985440723  
-0.9076262315  0.316151897  -0.2761568429  
-0.2423844114  -0.3814274389  -0.8920554388  
-0.411322906  0.8656361718  -0.2854601287  
0.8288528347  0.3416632898  0.4430227701  
-0.01205850244  -0.5274866382  0.8494777449  
-0.05675182386  0.07985635429  0.9951895263  
-0.006828107599  0.3338171538  -0.9426131151  
0.3639735903  0.9168330427  0.1641353023  
-0.09470026074  -0.8341677543  0.5433194441  
0.9735267814  -0.2079697748  -0.09483764417  
0.3049959424  0.8388778542  -0.4508452294  
0.2694091403  -0.9550392993  -0.1237685417  
0.1235853751  -0.2706345388  -0.9547165032  
-0.3343329309  -0.9417923162  0.0353372963  
0.3136945805  0.9199555566  -0.2351116418  
0.5406891522  0.836869577  0.08546667083  
0.5850846424  0.535469473  -0.609055338  
-0.05634284166  -0.9411616393  -0.3332270292  
0.7160629492  0.1296097555  -0.6858973422  
0.1649270614  0.9763250592  0.1399587196  
0.2606572575  0.7260415346  -0.6363344122  
-0.5355191328  0.5878048862  0.6063865715  
-0.5068327406  0.5691655338  -0.6474342964  
0.5418876476  -0.4217291839  -0.7269816179  
-0.4662793806  0.7403652586  -0.4841929606  
0.5835353667  0.3597139016  -0.7280744363  
-0.3783590826  0.3017141412  -0.8751074115  
0.7647356589  0.543239242  0.3465119016  
-0.7610881981  0.6041915299  0.2360028599  
-0.1628007652  0.7383655018  0.6544557255  
-0.9748326355  -0.02197719856  -0.2218520576  
-0.6679165451  -0.7139191994  0.2102542876  
-0.01072869176  0.1171267307  -0.9930590235  
-0.14613245  -0.5780496483  -0.8028100094  
0.4030503992  0.3907807322  -0.827551083  
0.1712921127  0.01900704262  0.9850369254  
0.3607126551  -0.7052763674  -0.6103045355  
-0.2734618706  -0.6958333961  -0.6641042766  
-0.1733185321  -0.2023664481  0.9638508739  
0.9277544408  0.2206745321  0.3009558911  
-0.9759681089  0.03264313325  0.2154545807  
-0.4860905659  0.7496629741  0.4491340412  
0.6654198298  -0.6108754321  -0.4290077581  
0.9757283471  -0.1742278397  0.1326606671  
-0.4426009766  -0.307452836  -0.8423640123  
-0.1346595774  0.9895256887  -0.05201643673  
-0.331232637  0.5665584638  0.7545173605  
-0.8202458092  -0.5654016689  0.08670504765  
0.4528948793  -0.01418294691  -0.8914511048  
0.1987715896  -0.2163071599  0.9558771196  
0.5898309993  0.6834091795  0.4301758775  
0.316238393  0.1642478303  0.9343532143  
0.3240344046  -0.6962439834  0.6405045044  
-0.07224420511  0.9029669328  -0.4235935471  
0.3763012123  -0.3748015375  -0.8473023103  
0.8553802808  0.3284714538  -0.4005384865  
0.04014204607  -0.9908545755  -0.1288247897  
0.6362546952  -0.04852866268  -0.7699512528  
-0.6670081285  -0.7100224779  -0.2257614612  
-0.3154944219  0.1894060958  0.9298325659  
-0.6680323016  -0.5197917577  -0.5324935423  
0.1649786284  0.8372283372  0.5213739192  
0.1261990208  0.9894440899  -0.07123341986  
0.6185914117  0.2123585866  0.7564710808  
-0.2032121202  -0.3979490695  0.8946180035  
0.0104656207  -0.9757343409  0.2187074915  
0.3847169745  0.7791688726  0.4948623218  
0.5396711659  -0.3727029133  0.7548824883  
-0.7327588063  0.6092523745  -0.3031106662  
-0.1623793255  0.6246896045  -0.7638035433  
-0.3717883911  -0.1962415469  0.9073382211  
-0.3856476688  0.8743135038  0.294706248  
-0.9361573191  -0.1498874498  0.3180302287  
-0.1403052589  -0.9282724774  0.3444192823  
-0.5143791145  -0.84849636  0.12437063  
