1  0  0  
0.6930415549  0.6564129028  -0.2980193018  
0.8285917654  -0.4584401274  -0.3213539105  
0.4215603975  0.1107398334  0.9000130669  
-0.4091726439  0.0784766393  0.9090759949  
0.7050557134  0.6554993529  0.2705864731  
0.6868517734  -0.431941442  0.5845179485  
-0.7266334706  -0.5231303673  0.445352016  
-0.6106547547  -0.4538440645  -0.6489424749  
0.6497249811  -0.7191915157  0.2462133481  
0.07035190111  -0.9906766709  -0.1166633778  
-0.9742184578  -0.2222209059  0.03893925369  
-0.195168015  -0.9534223699  0.2299896314  
0.6999037925  0.26376814  0.6637477303  
-0.06276697052  -0.9961496119  0.061206683  
0.6250959246  -0.6117150932  -0.4848295885  
0.9710632927  -0.2366648593  0.03202851897  
-0.9001632496  -0.4305812176  0.06561965486  
0.2051076823  -0.07618344201  -0.9757699123  
0.8447764537  0.171547776  0.5068768134  
0.3098450728  -0.6855654368  -0.6587837754  
-0.9043798681  -0.2717500752  -0.3290120831  
0.7486929298  -0.6597786336  0.06442865368  
0.626612221  -0.3938190579  -0.6725055198  
0.08843995939  -0.7584787486  -0.6456689257  
-0.4708594147  0.4992887812  -0.7273253223  
0.3117824627  -0.4404505597  0.841899638  
-0.779343861  -0.1865647337  0.5981778552  
0.6214488379  0.24634323  -0.7437179269  
0.6867188803  -0.1360745465  0.7140734537  
0.6012248287  0.1005518146  0.7927282245  
-0.8514034322  0.05580769559  -0.5215339843  
-0.4816009416  0.8671622135  0.1268472646  
0.9748704509  0.07616318188  -0.2093484505  
0.8325215872  0.335933494  -0.4405184383  
0.9231287845  0.3599891417  0.1350594873  
-0.1057621429  0.4780298695  -0.8719528731  
-0.778194808  -0.6199618169  0.1003004804  
-0.8240878665  -0.4761678853  -0.306827856  
-0.1755793874  -0.6525904909  0.7370871929  
-0.3416331353  -0.7664971346  -0.5438464338  
-0.489490599  -0.6235425904  -0.6095847697  
0.5511337155  0.7180095625  0.4251045705  
-0.3289505932  -0.3068035158  -0.8931198743  
-0.5081861952  0.5687318668  0.6467540913  
-0.2215309089  -0.1057740113  -0.9693997705  
-0.5634741001  0.5958476266  -0.572243431  
0.9177239581  -0.3323685876  0.2175174906  
0.6896234502  0.3938213013  -0.6077205605  
-0.9090718396  0.2689435406  0.3182102487  
-0.3152562693  -0.4761575294  0.8209065062  
-0.7491248465  -0.05397285138  -0.6602263972  
-0.7815150048  -0.3773738533  -0.496813116  
0.8229268391  0.5584714582  0.1044080829  
-0.7155268893  0.2005688591  0.6691736721  
0.385693238  -0.6963978496  0.6052030744  
0.6993900605  -0.5849525142  0.4107116986  
-0.8362222541  -0.4811050481  0.2631924664  
-0.1482819269  0.6078874197  0.7800547129  
0.242849271  -0.8297098304  -0.5025990738  
-0.134896761  -0.7881362039  -0.6005365834  
-0.2126243906  0.2781510871  -0.9367085146  
0.02716380027  0.7947906938  -0.6062754168  
-0.9358841148  -0.04413182836  -0.349532982  
0.3221919089  0.1204555289  -0.93897968  
-0.3758637277  0.9242401824  -0.06713079432  
0.07054972662  0.6463957298  0.7597337011  
0.2815959371  0.6457024078  0.7097690673  
0.574883296  -0.1430704542  -0.8056302136  
-0.4301341684  -0.7398212668  0.5173481326  
0.4572115815  -0.8526017648  0.2530371521  
-0.8221331782  0.39850296  -0.4065617151  
-0.2145648804  -0.4864972292  -0.8469252376  
0.2507686315  -0.9312034851  0.2645281892  
-0.3256228236  0.8348910639  -0.4437642259  
0.1043198555  0.4920211692  -0.8643104401  
-0.1109483955  0.09933219919  -0.9888496184  
-0.002471755095  -0.3039516499  0.9526842525  
0.157942254  0.9783406679  0.1338050144  
0.3198336683  0.8669848072  -0.3821567331  
0.9204274068  -0.3681263778  -0.131515622  
0.09302779087  -0.2697952787  -0.9584134482  
0.6619122183  -0.7402411304  -0.1179630625  
-0.8843224499  0.4637286926  -0.05412489465  
-0.4225016408  -0.8853378956  0.1940854817  
0.5761892699  0.6005177022  -0.5544225957  
-0.6812840679  -0.7294109504  -0.06173883819  
0.2334365268  0.7838111996  -0.575454074  
0.281985126  -0.9509362437  -0.1272974826  
0.6117956881  0.7791654796  -0.1364081791  
-0.1052399002  -0.8987556222  0.4256323472  
-0.16962118  0.9327998659  0.3179828069  
0.9252211423  -0.06743916421  -0.3733869265  
-0.2524128102  0.6149714425  -0.7470595011  
-0.2038425866  0.4314069584  0.8788266246  
-0.8146736744  0.5671015604  0.1212543789  
0.4334222428  0.293709665  -0.8519857934  
0.9069083075  -0.1930388863  0.3745040855  
0.2915416374  0.9558407134  -0.03704057491  
-0.9770357569  0.1394646554  0.1610923329  
-0.4464656594  0.7410083648  0.5015725453  
0.9764966639  0.1410446068  0.1629744896  
0.8277864283  -0.2449068998  -0.5047675104  
-0.1069059124  -0.116742523  0.9873916696  
0.3670839202  -0.5064118079  -0.7802541101  
0.3829594274  0.6217500134  -0.6832049456  
0.1207016722  0.2962741741  0.9474453652  
-0.7158802157  0.630036557  0.3009475926  
0.2027808031  0.8919628812  0.4040818783  
-0.218328697  -0.3089297323  0.9256862322  
0.6808162457  0.5605253149  0.4714876572  
-0.9765237144  0.09655425789  -0.19255833  
0.5567945496  -0.7682691373  -0.3158201421  
-0.5341635647  -0.7703216578  0.3482439226  
0.7850346371  -0.2504953715  0.566544515  
-0.5238435695  -0.3008952479  -0.7969002224  
-0.5737411778  0.8162261306  -0.06779354431  
-0.4855774916  0.3336680956  0.8080099638  
0.9269456775  0.2848534502  -0.2441930032  
0.691473372  0.02543136754  -0.7219541684  
-0.5939169216  0.321719788  -0.737400209  
-0.006265611163  -0.4717084989  -0.8817322917  
0.3275243874  -0.08774945046  0.9407591666  
0.1818851576  -0.7707501617  0.6106242524  
-0.1120462392  0.8898670301  -0.4422468869  
0.3183693316  -0.2635456279  -0.9105957779  
-0.5272167786  0.09031651114  -0.8449173902  
-0.1643257433  0.9835453461  -0.07507064791  
-0.826288778  0.02872282226  0.5625138707  
0.4915752551  0.8706350807  0.01866346193  
0.01046999218  0.08774699715  0.9960877691  
-0.3461939915  -0.9208189841  -0.1795609055  
-0.3718402868  0.8699294907  0.3239714219  
0.3975070655  0.8446429301  0.3585616453  
0.4189498171  0.4843532867  0.7680383743  
-0.5195440572  -0.4549224132  0.7232700537  
-0.04293812408  -0.9538399433  -0.2972300121  
-0.02244015681  0.8758611168  0.482041226  
0.4303173437  -0.2729860073  0.8604101484  
-0.522604761  0.741011562  -0.4216469243  
0.03806250427  -0.6517976032  0.7574372121  
-0.5249416114  -0.08781806093  0.846595708  
-0.8079895793  0.5398784287  -0.2359748335  
-0.8990389523  -0.136586018  0.4160206988  
-0.02917688979  0.9662101762  -0.2560988177  
-0.5520836566  -0.8057414894  -0.2144394748  
-0.7412452143  0.437666164  0.5089242195  
