1  0  0  
0.6044915522  0.7921083049  -0.08458366632  
-0.5893699739  -0.1111450227  -0.8001811156  
0.5655266277  -0.1052636388  0.8179848408  
-0.3741296455  0.1125336273  0.9205233246  
-0.9273279033  -0.3410170542  -0.1541762907  
0.7264920297  0.006744678075  0.6871417904  
-0.5956014536  -0.7456449785  0.298784997  
-0.631947396  -0.4706849598  -0.6157094748  
0.670993938  -0.7301942681  0.128776807  
0.375901188  -0.9156051942  -0.1427074813  
-0.8032990841  0.5943342549  -0.03843663517  
0.1533814239  -0.9779298081  0.1418711716  
0.7027337919  0.2406721093  0.6695088898  
0.1288229853  -0.9297930139  0.3448036974  
0.3300605891  -0.6087277036  -0.721464199  
-0.3273021783  0.8999887886  -0.2879122512  
-0.9762403572  -0.1001523065  0.1921569162  
0.8308833479  -0.1035685225  -0.5467233518  
-0.7822547048  -0.35629326  -0.5110114379  
-0.5226030486  0.5823118251  0.6227350897  
-0.8445138637  0.4038488028  -0.3517136314  
-0.3557167969  0.9317637959  -0.07267591757  
0.6953451171  -0.7116377934  -0.1003335395  
-0.2151121352  0.7499494107  0.6255418857  
-0.6322538507  0.4335116019  -0.6421236324  
0.5503818471  -0.6254373451  0.553089459  
-0.7293372191  -0.02972320416  0.683508414  
-0.8981883285  0.2247681748  0.3778054979  
-0.9062795001  0.1973457077  -0.3737808708  
0.9253231344  0.02096330875  0.3785995729  
-0.8323949741  0.09884776761  -0.5452959984  
0.1896086515  -0.9453445126  -0.2652778011  
-0.2114915016  -0.07329053484  0.9746280533  
0.7398307047  0.6723468492  0.02449985117  
0.9761150146  0.2172393078  0.002561531816  
0.2388221537  -0.5740094893  0.7832477802  
0.04137198782  0.1495126721  0.9878938807  
0.8400189696  0.5253672857  0.1354892834  
-0.09207544269  -0.7478898314  0.6574062009  
0.5874786239  0.7976521838  0.1364546085  
-0.3210754958  -0.6995396977  -0.6384001388  
0.9339675386  0.317054414  -0.1648670231  
-0.376285059  0.1950839014  -0.9057327563  
0.203270396  -0.4881736054  -0.8487447656  
-0.2651250499  -0.9177757395  0.2956288211  
-0.6908920926  0.215867874  -0.6899776644  
0.9282121198  -0.3211538229  0.187836319  
-0.8411920425  -0.4606126126  0.2832524824  
0.3601699713  -0.6918343397  0.6258137408  
-0.3453075555  -0.7126557706  0.610642649  
-0.8334350571  -0.1332278435  -0.5363173942  
-0.7150831101  -0.6539937772  -0.2468770646  
0.7843962294  -0.3170384547  0.5331127213  
-0.7995054102  -0.3711103819  0.4723009459  
-0.4604381917  0.7781337149  -0.4272055633  
0.7136969225  -0.528054639  0.4602119088  
-0.7514451468  -0.6343874347  0.1813360805  
0.3998151629  -0.7433079555  -0.5363218426  
-0.2050507806  0.8667924469  0.4545602616  
-0.8392482649  -0.128654499  0.5283089718  
-0.100010602  0.4374481999  -0.8936648991  
-0.04797557733  0.8434200978  -0.5351082905  
0.138385728  0.3531001576  0.9252943688  
0.4126156723  0.08811451466  -0.9066334096  
-0.9733782366  0.1175099998  0.1967897568  
0.4417722764  0.5377847574  0.7180701988  
-0.4306797955  -0.2157838165  -0.8763288528  
0.514227012  -0.2534162951  -0.8193599707  
-0.6545110697  -0.4898617021  0.5758912852  
0.5100739671  -0.8331920521  0.2135779774  
0.7933647826  -0.5606767245  0.237094775  
-0.3357060098  -0.3946786878  -0.8552953925  
0.2623914377  -0.8292469618  0.4934574042  
0.2346129228  0.9639967453  0.1251680932  
0.218734506  0.6173232058  -0.7556899334  
-0.08003331259  0.3318364358  0.9399357684  
0.1197416368  0.4572267467  -0.8812523149  
0.003918843621  0.05932019407  -0.9982313145  
-0.2186321666  -0.8328481891  0.5084917597  
-0.9766513338  0.2148252112  0.001516870037  
-0.9738417805  -0.1189945754  -0.1935780916  
0.168016945  -0.1331823057  -0.9767460159  
0.5447681199  0.3494653147  0.7623002619  
-0.4098345255  -0.8796070631  -0.2415099919  
-0.4433730726  -0.8753378191  0.1928834388  
0.4170058172  0.8109873485  -0.4103725977  
0.565204898  0.3824212192  -0.7309565201  
0.02337800268  0.9778409526  0.2080397567  
0.9057412869  0.2298774292  -0.3560745549  
0.8260307236  -0.4336778346  -0.359995527  
0.5424690338  0.6688228569  -0.5083338799  
0.9250715597  -0.3309585055  -0.1863037228  
-0.4484170721  0.5199800842  -0.7270095195  
-0.7775062559  0.3199000544  0.541431415  
0.5560699081  -0.7985916702  -0.2302989395  
0.5976154092  0.1624547959  -0.7851523814  
0.5193760841  -0.3211960247  0.7918848382  
0.1818562904  0.8293959782  0.5282334721  
-0.8328333082  0.5285039619  0.1645364488  
-0.3908284066  0.8517705871  0.3489126303  
0.9012447992  0.2459959132  0.3567125209  
0.300670055  -0.3078829668  -0.9026658279  
0.03625092665  0.2656810864  -0.9633791728  
-0.09195013152  0.6487144518  0.7554566389  
0.4628303418  0.5612858228  -0.6861095392  
0.4071292152  0.01023131094  0.9133132663  
0.6892693019  -0.5232386293  -0.5011278941  
0.02075376607  -0.8096888245  -0.5864923603  
-0.2406622454  -0.2773460214  0.9301402411  
-0.8277365678  -0.4531274103  -0.3309497308  
0.9062273664  -0.4224245921  0.0175904613  
-0.7145935053  0.6300492932  0.3039638305  
0.378593989  0.8091218518  0.4494312189  
0.9760735879  -0.1015948939  0.1922467907  
-0.2451626143  -0.1729089107  -0.9539380489  
0.07699193829  0.9175814935  -0.3900210817  
-0.6209411843  0.3955754486  0.6767215898  
0.6890459834  0.57424736  0.4421036103  
0.7097563328  0.5844126855  -0.3933290748  
0.1718749581  -0.2420959715  0.9549076077  
-0.2128266145  -0.9187749671  -0.3325017174  
0.204707126  -0.03606932048  0.9781584722  
-0.1478630427  0.7259996872  -0.6716107316  
0.05876819658  0.9789671787  -0.1953703204  
0.690910311  -0.1886756466  -0.6978856945  
0.7218612954  0.2653214533  -0.6391563163  
-0.1730271626  0.9828447528  0.06385759919  
-0.569094215  0.04790528509  0.8208756655  
-0.5588950886  -0.7501435568  -0.3534415426  
-0.4318671877  0.4420149005  0.7862019841  
-0.02680479505  -0.5144508404  -0.8571008318  
-0.004071170351  -0.9149243347  -0.4036048654  
-0.4310436602  -0.9020003154  -0.02442936915  
0.2300105181  0.5577336083  0.7975138768  
-0.3343327462  -0.4608436884  0.8220977495  
-0.04113327524  -0.9991351905  -0.006076572035  
-0.111813737  -0.6984488753  -0.7068711741  
-0.3181600493  0.3944684119  -0.8620724187  
-0.6385770553  0.6898042406  -0.3411589867  
0.009743904875  -0.6091595862  0.7929878024  
-0.4344114559  -0.2839637639  0.8547814152  
-0.5681750962  0.7026618252  0.4283029529  
0.5169545259  0.6572997037  0.5483749791  
0.2523905703  0.9637602504  -0.0864012716  
-0.8740948178  -0.4822329137  0.05839234947  
0.9256887962  -0.00143528765  -0.3782832174  
-0.5384566084  0.8425843753  0.01077271916  
