1  0  0  
-0.5936478987  -0.7496966127  0.2924673677  
-0.3126500115  0.02908445403  -0.9494230168  
0.332996522  -0.2596779329  0.9064660432  
-0.2631844708  0.07521956682  0.9618086874  
0.8354071103  0.1371393507  0.5322478356  
-0.4797531614  0.1118312301  -0.8702474821  
0.488380154  0.7266793472  -0.4831376114  
-0.7041939849  -0.0917726692  -0.7040515669  
0.585580893  -0.7450778402  0.3193024112  
-0.03150052771  -0.4617824978  -0.8864336645  
0.8969968419  -0.4350592824  -0.07823098145  
0.01272863033  0.9671928665  -0.2537241432  
-0.9032856652  0.03635931658  -0.4274962072  
0.09049010169  -0.9030750632  0.4198416031  
0.3927219983  -0.4960093069  -0.7744315331  
-0.7847100765  0.6151480324  0.07630854526  
-0.8561813589  -0.4998651308  0.1307223456  
0.8028557227  -0.1450648163  -0.5782550368  
-0.9726102828  -0.007022215071  -0.2323358051  
-0.4451990842  0.6471125975  0.6189047274  
0.8276454874  -0.5470164066  0.1256025401  
-0.3373162195  0.9372831119  -0.08785292389  
-0.120880514  0.3060212627  0.9443192723  
-0.02503929924  0.6360554299  0.7712370087  
0.736653084  -0.4480946172  0.5065110541  
0.5793367596  -0.4682243632  0.6671842809  
-0.9372979285  -0.1143855077  0.3292241621  
-0.7089301325  0.3423339528  0.6166243038  
-0.8326603095  0.2570368827  -0.4905189598  
0.9241349265  0.1822938595  0.3357731176  
0.644254841  -0.09642343663  0.758708258  
-0.09615872379  0.957963103  0.2702964913  
-0.9110090993  0.1069795711  0.3982684927  
0.740785742  0.6255037253  -0.2449113595  
0.975954671  0.1861067767  0.1134757588  
0.2089226219  -0.5688940574  0.7954312601  
0.7055412012  -0.6542150366  -0.2724230153  
-0.9360223643  -0.3517968437  0.01005556395  
-0.1484617722  -0.7525192373  0.6416181884  
0.7157299879  0.6711182857  0.1932118813  
0.3248771975  0.7043971623  0.6310938475  
0.8403734528  0.5353670458  0.08458478617  
-0.1243012685  -0.9484336992  -0.2915865443  
-0.1829409813  0.4865573252  0.8542801453  
-0.4113511057  0.8609278175  -0.299321835  
-0.6993697617  0.2827285118  -0.6564651743  
-0.6956907901  0.7066051301  -0.1293194292  
-0.8090871795  -0.4618733429  0.3633881549  
0.335884236  0.896046699  0.2903137842  
0.1879979585  0.5907596397  -0.7846399274  
0.7934554182  -0.07905502183  0.6034722884  
-0.9050765768  -0.36858903  -0.2120813924  
-0.1018462356  -0.2644212861  -0.9590144565  
-0.7094824273  -0.4270070665  0.5606243398  
0.4485442938  -0.7416014195  0.4988339916  
0.7350295306  -0.5950670946  0.3250026801  
-0.6604427566  -0.6015534915  0.449387096  
0.238272799  -0.6416932524  -0.7290101804  
0.1953647791  -0.8813467537  -0.4301865908  
-0.2742515061  0.8379657075  -0.471804604  
-0.168732067  0.3882143907  -0.9059906602  
-0.06264123439  0.799105333  -0.5979186755  
-0.6964452813  -0.4995360093  -0.5151968028  
-0.5800264351  -0.1901771456  0.7920871088  
-0.831881547  0.4824183283  0.2743094025  
0.57112019  0.4454657187  0.6894795299  
0.3870765681  0.5330368649  0.7523585788  
0.5683377204  -0.01062058031  -0.8227268312  
0.5358754472  0.566308728  -0.6262043834  
0.5298993187  -0.8400655505  0.1161747941  
-0.8494261521  0.4186983911  -0.3211959985  
0.2391187706  0.4110936985  0.8796727713  
0.2189863023  -0.9405275357  0.2597170653  
0.5321055364  0.8031944314  0.2678477243  
0.01170341707  0.493386128  -0.8697316591  
0.06987516471  -0.1207887534  -0.9902159049  
0.03435399299  0.2960393078  -0.9545577675  
0.108280883  0.8790711097  -0.4642297217  
-0.3025315821  -0.8187010629  0.4880606637  
-0.970307076  0.2307500173  0.07251625911  
0.4502365192  -0.8887013709  -0.08658493008  
0.2269823939  -0.9690681501  -0.09688092357  
0.9786739524  -0.1665498873  0.1202432112  
-0.4279697788  -0.899481966  -0.08817063747  
0.5397168365  0.8338437972  -0.1158026693  
0.9225467285  -0.2827305435  -0.2626232539  
0.5697875269  0.3847850716  -0.7261422883  
0.01985559891  0.8852688479  0.4646555952  
0.8467238645  0.2734462893  -0.4563834179  
0.8344581179  0.3462286027  0.4287253249  
-0.3487947607  -0.6724486818  0.6528054727  
0.7273279604  -0.5084941017  -0.4608988898  
-0.4244614728  0.60923502  -0.6698247147  
0.5849219502  -0.5025762436  -0.636618749  
0.8511016148  0.06771912567  -0.5206151758  
0.7321154275  0.2341055079  -0.6396886836  
0.5311429905  -0.3016087236  0.7917823574  
0.6313269491  0.6658240541  0.397623707  
-0.6370300964  0.7676594927  0.06993968535  
0.2853947946  -0.7682314881  -0.573035943  
0.9252248052  -0.2171848945  0.3111105614  
0.4139687194  0.8581193902  -0.3037449779  
0.06104637039  0.08282724317  -0.994692409  
-0.1848916147  -0.5989674864  -0.7791360863  
0.3850107132  0.4944936514  -0.7792578389  
0.1272520958  0.04873504985  0.9906723974  
-0.5904278254  0.6653026944  0.4569106124  
-0.1218155294  -0.7591569239  -0.6394073363  
-0.2325323533  -0.1835350581  0.9551144367  
-0.730066291  -0.3056168377  -0.6112295471  
0.977232227  -0.05748979621  -0.204235398  
-0.4261543702  0.7971527316  0.4277148294  
0.3203484413  -0.315533489  -0.8932051799  
-0.9227858006  0.3651567123  -0.1229916323  
-0.4264944454  -0.3332093218  -0.8408769446  
0.1087461381  -0.9909480666  0.0787159873  
-0.5264872661  0.3389238476  0.7797062166  
-0.7305894126  -0.6810773956  0.0487102807  
0.4022750836  0.07755073338  -0.9122283929  
0.1431222955  -0.1730590506  0.974457066  
-0.4356901571  -0.7760391031  -0.4560015323  
0.305460774  0.1866432971  0.9337333641  
0.249315804  -0.7181031877  0.6497456746  
-0.2199423285  -0.9318770977  0.2884968749  
0.6516547572  -0.1793977867  -0.736995598  
0.9147196252  0.3217105531  -0.2445206071  
0.01147575912  0.9952308033  0.09687081634  
-0.7257025113  -0.02893566511  0.6873998781  
-0.7923188402  -0.5222454577  -0.3154212064  
-0.4442453768  0.1591232978  0.8816608312  
-0.5205639375  -0.6230212337  -0.583830223  
-0.08361111826  0.7805750019  0.6194447896  
0.2302699941  0.9675722262  0.1038254154  
0.5938752153  0.2481636839  0.7653280439  
-0.2158127096  -0.3987556932  0.8913017286  
-0.132032485  -0.987691622  0.08386109158  
-0.2319135978  -0.8490810158  -0.4746340819  
-0.3806183559  0.4502441463  -0.8077189337  
-0.6066938842  0.6130006939  -0.5061152835  
0.02494793216  -0.6618379926  0.7492316546  
-0.4058342656  -0.2949857011  0.8650329387  
-0.3341514149  0.9040077826  0.2666697601  
-0.9787846688  -0.1658360899  0.1203285644  
0.3424822025  0.9337345526  -0.1041428168  
-0.6063050712  -0.7921328232  -0.07014093718  
-0.8357503682  0.3207396526  0.4456987743  
0.5465102558  -0.7961296151  -0.2598156581  
-0.4986194714  -0.094482438  -0.8616563652  
