1  0  0  
0.4778468349  0.818518947  -0.3188873403  
-0.008442877275  -0.9997009944  -0.02294863044  
0.3689645267  -0.2111671709  0.9051373398  
-0.2030966148  -0.02968985339  0.9787084743  
0.9282061702  0.2553966609  0.2705657983  
-0.5628392205  0.08833818299  -0.8218323292  
-0.3820099682  -0.7734262273  0.5058460785  
-0.7775827411  -0.200347726  -0.5960082797  
0.7024196186  -0.6185322222  0.3521712219  
0.06837245142  0.9726079663  0.222168746  
-0.9316949687  0.3512420746  -0.09259314427  
0.2619063108  -0.9493626792  0.1735384331  
0.8956764676  0.1205162529  0.4280648295  
0.1742502577  -0.9169156511  0.3590299939  
0.3722278144  -0.4657050372  -0.8028482251  
-0.7121010594  0.6986500028  0.06928387167  
-0.9166200957  -0.3866534428  0.1015219948  
0.8630244425  -0.217970952  -0.4557164422  
-0.9737143024  -0.05268736229  -0.22159535  
0.3727906281  -0.7552370187  -0.5391142673  
0.9020981509  -0.2987819063  0.3113652175  
-0.4118484821  0.9103825648  -0.03980469216  
0.8396896976  -0.4906563606  0.2327607089  
0.04069228766  0.8047121057  0.5922689969  
-0.4057533722  0.8670715385  -0.2890521544  
0.5149111743  -0.4989404033  0.6970831777  
-0.8194855805  -0.1272616071  0.558791434  
-0.7473446856  0.3352638425  0.5736497859  
0.921359257  -0.09124168326  0.3778519219  
-0.9797396502  -0.1940855378  -0.04940669754  
0.6863067376  0.05821541895  0.7249786389  
0.2746061862  -0.8807280992  -0.3858878824  
0.9092033705  -0.01870996536  -0.415931687  
0.745826545  0.5401295023  -0.3898754744  
0.9673465832  0.1936705306  -0.1635001946  
0.2972536014  -0.574707804  0.7624639247  
-0.2718901077  -0.8938512618  0.356518851  
0.8323397998  0.553321614  0.03233649965  
-0.03441631342  -0.7362849545  0.6757958147  
0.7117074228  0.7006497769  -0.05062049379  
-0.4601513849  -0.7407805143  -0.4893924117  
0.8055368414  -0.5573591975  -0.201149502  
0.6059811592  0.7885167704  0.1050149394  
0.05561013796  -0.6742155209  -0.7364380109  
0.9136265188  -0.383750021  -0.1342479254  
-0.8267589899  0.2365123305  -0.5104228543  
0.7365099223  -0.6613152991  0.1421802011  
-0.7997188783  -0.3406055735  0.4944062691  
0.1592183304  -0.5107138507  -0.8448792139  
0.1317134822  0.5904658232  -0.7962422183  
-0.8228189117  0.02044315599  -0.5679358379  
-0.8396074645  -0.4739004009  -0.2654763936  
-0.1873444187  -0.3578764779  -0.914782212  
-0.6570784441  -0.4911744216  0.5718352961  
0.3079853947  -0.8180663908  0.485708119  
-0.6210237901  0.5711469008  -0.5367687302  
0.5796572948  0.6741712677  -0.4577013463  
-0.2673783569  0.6482148431  0.7129700775  
-0.1714134274  0.7960714497  0.5804202649  
-0.03481414723  0.3544411981  0.9344299932  
-0.1967043547  0.417142366  -0.8872990721  
-0.0703852942  0.8465007644  -0.5277142847  
0.7134096058  -0.1634330506  0.6814223157  
0.2479304186  0.2229780911  -0.9427678815  
-0.8302235999  -0.3413117069  -0.4407211055  
-0.5095756348  -0.4673216983  -0.7224562982  
0.3839751478  0.6369742989  0.6684510666  
-0.5464637635  0.05575932715  0.8356244686  
-0.4762898684  -0.6136311195  0.6297656789  
0.5837512794  -0.8091895181  0.06668408851  
-0.7840738726  0.438044266  -0.4397105677  
-0.2933917742  -0.507944501  -0.8098849614  
-0.5831206111  0.769659359  -0.2599900461  
-0.6592133404  -0.7045610498  0.2627384611  
-0.004174702844  -0.4306230267  0.9025222328  
0.1256082424  -0.165578295  -0.9781648111  
0.04404985385  0.236052536  -0.9707413716  
0.2740250258  0.9389267593  0.2081509689  
0.1613130616  0.8322432051  -0.5304237398  
0.9790963825  -0.1963427683  -0.05310170465  
0.7260219273  0.5457048899  0.4184475288  
0.3479120914  -0.9208536046  -0.1760278829  
-0.08879556873  -0.1722952582  -0.9810350101  
-0.4237099701  -0.9044523385  -0.04935411547  
0.3591411129  0.9197646615  -0.1582739033  
-0.4768556581  -0.8412972568  -0.2546126608  
0.5437690894  0.4178230231  -0.7278317792  
-0.1303439192  -0.9012639352  -0.4131994456  
0.6931088512  0.04649192969  -0.7193320658  
0.3521145216  0.5266343957  -0.7737387007  
0.2645165943  0.6973168945  -0.666168237  
-0.7336042174  0.5472650934  0.4028967234  
-0.391185521  0.3972339756  -0.8301680895  
0.6601889825  -0.1976291221  -0.7246331745  
-0.8081202585  -0.5586197123  0.1867770458  
0.6953816635  0.2753948976  -0.6637785718  
0.6878705692  -0.3756056392  0.6210913651  
0.6123590365  0.7100208967  0.3476876999  
-0.8464253779  0.5323775266  -0.01175792597  
0.4642102323  -0.593125941  -0.6578073262  
0.9192629057  0.3797803138  0.1035501015  
-0.5387343287  0.8312009904  0.1373689795  
0.001688854534  -0.03114713683  0.9995133834  
0.06405532007  0.5249067842  0.8487460067  
-0.4118167177  0.671159477  -0.6164024233  
-0.2038823245  0.02208255998  -0.9787463197  
0.6406962298  -0.5087828114  -0.5750203405  
0.1644233049  0.6659006868  0.7276958514  
-0.2093415359  -0.4153794546  0.8852321899  
0.6940165644  0.4106153719  0.5913848364  
-0.9770067995  0.005813677099  0.2131288691  
-0.5614557344  0.6794774791  0.4723111407  
-0.7937500115  0.09097521867  0.6014020525  
-0.9742577633  0.1521295996  -0.1663682527  
0.4139747204  0.33141182  0.8478155085  
-0.2014966522  0.9792208208  0.02292778485  
-0.5673865561  0.3922674253  0.7240157201  
-0.9428286267  0.2057843348  0.2621583268  
-0.3452468108  0.1197697695  0.9308382469  
0.1624867323  -0.2261674019  0.9604407156  
0.3266754644  0.8599880956  0.3920505277  
0.3014428626  0.1780110417  0.9367199526  
-0.1954023621  0.7319323758  -0.6527579293  
-0.04962315021  -0.9282760619  0.3685662708  
0.4670930244  -0.261869082  -0.8445405203  
0.8738766516  0.3801731635  -0.3029982896  
0.1396549881  -0.964686417  -0.223330699  
0.4111614277  0.08913091748  -0.9071945546  
-0.7368632865  -0.6478078516  -0.1933325746  
-0.2575437297  0.3227590909  0.9107676962  
-0.57902414  -0.5903554567  -0.5623268446  
-0.0714927335  0.9053049299  0.4187024875  
-0.2167729334  -0.976130414  -0.01337572919  
0.619420712  0.2782156362  0.7341076497  
-0.4100517586  -0.3224993904  0.8531422498  
-0.05620312626  0.9825183025  -0.1774795588  
-0.2513503424  -0.7799347492  -0.573170823  
-0.5608658678  0.2902590812  -0.7753574299  
0.5097697219  -0.7347651899  0.4474985433  
0.08730399677  -0.5992777746  0.7957663985  
-0.565014851  -0.1878954446  0.8034012199  
-0.4672363244  0.816796094  0.338429251  
-0.9117935388  -0.1830241597  0.3676067185  
0.1518217976  0.9710756668  -0.1842883371  
-0.5495368779  -0.8278684729  0.1124411465  
-0.8507851745  0.3925053729  0.3494339983  
0.6522937168  -0.7058120621  -0.2763009952  
-0.5174773787  -0.1395610564  -0.844239228  
0.397121707  -0.01073737625  0.9177031429  
