1  0  0  
0.5520918577  0.8330496411  -0.0349696455  
-0.8644445974  0.1282760555  0.4860872263  
-0.5728662843  0.356069334  -0.7382674648  
-0.5985912267  0.3467625166  0.7221110028  
-0.9228593908  -0.08112923499  -0.3764951422  
-0.6908478678  0.4440396633  -0.5705769019  
-0.6226693372  -0.7526396971  0.214047618  
-0.7020511586  -0.1669743038  -0.6922743334  
0.4028331613  -0.8891845012  0.2169708898  
0.275899561  0.9525758997  0.128368951  
0.8509799022  -0.5226461665  -0.05171257846  
-0.1583025058  -0.8721216947  0.4629730729  
0.7329941988  -0.04237261812  0.6789138869  
-0.04827654347  -0.952830723  0.2996380962  
0.3008968679  -0.5683693046  -0.7657789554  
-0.5836877921  0.8015835286  -0.1295083319  
-0.844956156  -0.5242145487  0.106057538  
0.4641061229  -0.2682513826  -0.8441840453  
0.8288438169  0.1204068274  0.5463699507  
0.4217641119  -0.792106365  -0.4412284448  
-0.8253451047  0.5366649154  -0.1754885375  
-0.0413326074  0.9919856695  -0.1193986896  
-0.07916542096  -0.232528349  -0.9693623693  
-0.1458571244  0.6926169174  0.7064046326  
0.4337173063  -0.7251378992  0.5348498156  
0.3973210832  -0.4492613203  0.8001876173  
-0.6153170019  -0.07878420793  0.7843328603  
0.6720266798  -0.4684130375  -0.573558513  
-0.9784999104  0.180798553  -0.09924620148  
0.9368795501  0.2582514565  0.2357178268  
-0.7271156967  0.2431647176  -0.6420075419  
0.07987013636  -0.9609125273  -0.2650808863  
0.9173916811  -0.2423548719  -0.3156843669  
0.9086433341  0.4113916012  0.07158381084  
0.9786450585  0.120423471  -0.1665894268  
-0.1215685548  -0.6482964834  0.7516200876  
-0.3710650622  -0.8159025797  0.4434114343  
0.9313702358  0.3353918065  -0.1416397541  
-0.4680327128  -0.6687960922  0.5776306491  
-0.8541894189  -0.2995935701  -0.4249754457  
0.1879372727  0.8501112815  0.4919251881  
0.08025601697  -0.8866640593  0.4553963304  
-0.8538435191  0.452706293  0.2569207217  
0.1144743393  -0.5153626124  -0.8492920601  
-0.5858049438  -0.4937467064  -0.6426871383  
0.5206692377  -0.5538992112  0.6496916259  
0.6908750843  -0.6721810871  0.2662033132  
0.8415674454  0.4365969731  -0.3180366614  
-0.1161617707  0.3204323766  0.9401220852  
-0.5253738513  -0.5062984677  0.6838451418  
-0.8568631891  0.09456960641  -0.5067958807  
-0.9765460177  -0.212564835  -0.03426465108  
-0.8978051445  0.3409459878  -0.278750347  
-0.8113164821  -0.3261967102  0.4851404664  
-0.3141345606  0.8546891119  -0.4133110206  
-0.6218529231  0.6264656684  -0.4699358556  
0.742093176  0.6062298536  -0.2859774166  
-0.3689847776  0.6943248492  0.6178699197  
0.205467608  -0.8133331943  -0.5443088986  
0.2617700561  0.3370589736  0.904360374  
-0.2080168195  0.3473873289  -0.9143582704  
0.334125847  0.5894179567  -0.7354905782  
-0.2620900653  0.1187029123  -0.9577152062  
0.4411674491  0.1715125634  -0.8808829221  
-0.7628047459  0.02346583037  0.6462029669  
0.5724625583  0.6495781923  0.5003346793  
0.4152353733  0.6180926227  0.6674886474  
-0.4681638771  0.05163642541  0.882131659  
-0.680143905  -0.5513689429  0.4831113302  
0.4525608726  -0.8916689031  -0.01073423666  
0.7781168795  -0.4990797202  0.3813837369  
-0.4188178107  -0.4386338668  -0.7951050071  
-0.1827054755  0.9437762573  -0.2755087755  
0.7263572041  0.6854667131  -0.05040433815  
-0.01169533998  0.5121173134  -0.8588358844  
0.1060996912  -0.1053856062  -0.9887551413  
0.05481033078  0.3400122164  -0.9388224115  
0.5317954204  0.7773709163  0.335988228  
0.2563801073  0.7477168615  -0.6125265183  
0.9414615463  -0.3184359964  -0.1106737239  
0.8312830497  -0.3001460289  0.4678470397  
-0.2688554946  0.9600287693  -0.07785554051  
0.4323866636  0.2121443254  0.8763769499  
0.2591747051  0.9254338109  -0.2764068267  
0.4517248551  0.8563635664  -0.2501721357  
0.2992602109  -0.941417906  -0.1554852162  
0.6795827358  0.3996094542  -0.6152069484  
-0.1235315972  0.990099843  0.06665017136  
-0.9437783479  0.009095992235  0.3304537683  
-0.6455992059  -0.7501436004  -0.1431301649  
0.7334789707  -0.6785386479  0.03992371276  
0.7269732437  -0.5632621553  -0.3927411965  
0.2100504284  -0.7837945782  0.5844184089  
0.7490424701  -0.2463976879  -0.6149988271  
0.2263640594  0.716067263  0.6603082519  
0.7376376793  0.1921062354  -0.647291162  
0.5831512794  -0.1518254025  0.7980498935  
-0.7031622453  -0.6390633409  -0.3117064374  
0.6127162374  -0.7836117494  -0.1026227978  
-0.2576770511  0.8969247559  0.3593445694  
0.9394424541  -0.1389062087  0.3132936972  
-0.9805527267  -0.03925371858  -0.1922901341  
-0.106509625  -0.114886168  0.9876522  
-0.2430942655  -0.5461654555  -0.8016286381  
0.567495118  0.714929468  -0.4084423421  
0.4285241576  -0.02472230112  0.9031920362  
0.5571977697  -0.6392832279  -0.5299505637  
-0.05272774071  -0.6306023403  -0.7743129043  
-0.2562658102  -0.2628520868  0.9301809582  
0.7311183913  0.3421604651  0.5902475024  
-0.9806438691  0.1232820079  0.1521155765  
-0.7442180698  0.6405989354  0.1891361111  
0.7318554044  0.5010913222  0.461838883  
0.9232181724  -0.3754938113  0.08168600731  
-0.2651469227  -0.114499932  -0.957385437  
-0.1680937047  -0.9814074436  0.09264953412  
-0.4859025329  0.5127637129  0.7077938282  
0.7998402689  0.5882965388  0.1190072548  
0.2908036911  0.03337747033  -0.9562003753  
0.08061758807  -0.2007602348  0.9763176392  
-0.02324946856  -0.7836202356  -0.6208049521  
0.08360917174  0.01428909702  0.9963961703  
-0.09627831405  0.6779356947  -0.7287891877  
0.2091200547  -0.5273403723  0.823517416  
-0.3104151295  0.3946980153  0.864786635  
0.8617334631  0.1002839813  -0.4973515473  
0.1340987363  0.9430389689  0.3044585883  
0.6282845616  -0.1362922502  -0.7659523042  
-0.8439859089  -0.457407022  -0.2801189064  
-0.2928218592  0.1846046598  0.9381772105  
-0.3889371304  -0.7663752093  -0.5112699357  
-0.02977787213  0.8917569882  0.4515337777  
-0.464923978  -0.8720697627  -0.1527744211  
0.573769321  0.311416903  0.7575013391  
0.4008523573  0.3928293103  -0.8276487906  
-0.3674429712  -0.927890669  0.06328166616  
0.07578852351  0.4385750485  0.895493175  
-0.3265099281  0.6414300886  -0.6942324599  
-0.5223672167  0.7786057392  -0.3477148168  
-0.2049516243  -0.4714766512  0.8577322421  
-0.5748654211  -0.2922489393  0.7642776362  
-0.4629726469  0.8533447402  0.2397062422  
-0.9157485996  -0.2251570349  0.3327293374  
0.03195211449  0.7917204071  -0.6100474238  
-0.3386096649  -0.8802586268  -0.3323977208  
-0.8146648314  0.3634862256  0.4518838084  
-0.6033110554  0.7255285841  0.3310952191  
-0.5793400806  -0.06737095316  -0.8122968827  
-0.4091091922  0.2536839249  -0.8765124843  
-0.07809619245  -0.9920818209  -0.09835977558  
