1  0  0  
-0.5655343432  -0.7320777244  0.3797803472  
0.8313048056  -0.5356941705  0.1482028204  
-0.3800332501  -0.1815933642  -0.906972204  
0.3490997092  -0.2150415627  -0.9120781323  
-0.8417598243  -0.4763261631  -0.254074368  
0.5472082646  0.06243274043  0.8346647639  
-0.398917609  -0.7479648092  0.5304841047  
0.6973411952  -0.06065577013  0.714168142  
0.5391457067  -0.7593844637  0.3642212833  
0.2616906006  -0.9608077807  -0.09146823548  
-0.7003918976  0.6633615607  -0.2634437882  
-0.01535561206  0.9769283814  -0.2130144192  
-0.7921512688  -0.2435089732  -0.5596425174  
0.1895746376  -0.923872098  0.3324481965  
0.2397726351  -0.4175048219  -0.8764695129  
0.5768104247  -0.8130512178  -0.07897753607  
0.9043723079  0.4231421537  0.05533033923  
-0.9036320761  -0.2626086081  0.3383574883  
-0.9107949158  -0.1234797977  -0.393961116  
0.5181277067  -0.5278192571  -0.6730159815  
0.8092539965  -0.4771736815  0.3426561641  
-0.4260040427  0.8811353872  0.2052339764  
-0.1961390868  -0.2853406873  -0.9381418607  
0.001624150768  0.3813697937  0.9244211392  
-0.5977052463  0.4873458268  -0.6365865877  
0.5040686619  -0.3640025236  0.7832093889  
0.7204011422  0.08499039973  -0.688330463  
-0.9279982729  -0.03583043857  0.3708576346  
-0.8834763148  0.2819401926  -0.3741381148  
-0.9776919135  -0.2096832402  -0.01230694792  
0.8220433091  0.03204043107  0.5685228304  
0.4091310308  -0.8063420993  -0.4271114826  
0.7123751292  0.6584785119  -0.2427503341  
-0.8332476671  -0.4719822944  0.2879774975  
-0.9409201468  -0.2704073309  -0.2038360926  
0.1558949977  -0.5623078567  0.8121001317  
-0.7091913247  0.6804432355  0.184511973  
0.7839218393  0.611064081  0.1098509839  
-0.06259894037  -0.6370571947  0.7682704624  
-0.280012873  -0.918977162  -0.2776216252  
0.3611806875  0.8184831357  0.4468040593  
0.5523429181  0.8128134413  -0.1850719063  
-0.7493650576  -0.4621098822  -0.4742430466  
-0.08272811837  0.5500880732  0.830998899  
0.3528927869  -0.8179399001  0.4543577894  
-0.5415042326  0.1553870448  -0.8262130672  
-0.5613922723  0.8124460322  -0.1573853914  
0.7887860382  0.3832189991  -0.4805827552  
0.9704319428  -0.1452653177  0.1927688561  
-0.5480060894  -0.7353344431  -0.3987136601  
-0.6853357745  -0.1567734531  -0.7111518548  
0.7092816511  0.6205342854  0.3344499066  
0.811643386  -0.1794982301  0.5558915356  
-0.6001043414  -0.4491411817  0.6619267167  
0.4953403857  -0.6708605176  0.5518913554  
0.7556214072  -0.3887121936  0.5271993167  
-0.7041694494  -0.55921839  0.4375159184  
0.1607745754  -0.6940890141  -0.7017064746  
0.3811366765  -0.6932411399  -0.6116792916  
-0.6383628742  -0.7487023024  -0.1787112284  
-0.1442371566  0.3583073561  -0.9223944282  
-0.1511437245  0.8393582559  -0.5221429812  
0.1865974344  -0.05510526113  -0.980889804  
-0.5646257189  -0.04201028075  0.824277219  
-0.2137804704  -0.1464594792  0.965840324  
0.6031805895  0.583183871  0.5441229172  
0.2263225332  0.745731668  0.6266277924  
-0.4438298853  0.3811385544  0.8110169143  
-0.4117467064  -0.5847927643  0.6989149251  
-0.3866000706  0.8869249523  -0.2527934222  
-0.6710104847  0.2751882509  -0.6884884574  
-0.4932159746  -0.4976581455  -0.7134944797  
0.2272955486  -0.9657307456  0.1253030753  
-0.81789552  0.5730783313  0.05126543264  
0.2409012338  0.5328737993  -0.8111794559  
-0.03500560323  -0.2602324192  0.9649112372  
-0.03833915684  -0.4639206229  0.8850467585  
0.08108184383  0.9484068068  0.3065130723  
-0.05692155414  -0.7991587225  0.5984189778  
0.9756556879  -0.08804502861  -0.2008582873  
-0.917688319  0.07915337208  -0.3893364776  
0.572049916  -0.7591057778  -0.3106723543  
0.3033251914  0.5907830875  0.747642409  
0.1974212138  0.937175474  -0.2876230088  
0.2380669144  0.7077923341  -0.6650971027  
-0.831333831  0.05011498299  0.5535093043  
0.4280558591  0.4055833446  -0.8076325477  
-0.001428134583  0.7951589824  0.6063993347  
-0.7158742891  -0.2862910539  0.6368370551  
-0.05390929836  0.9985269166  -0.006146903889  
0.3314522131  0.9408416211  0.07040223275  
0.8405755222  -0.4879141204  -0.2353138387  
0.409024762  -0.5625208755  0.718518621  
0.8409881499  0.1626591281  -0.5160241659  
-0.8266925455  -0.5549302197  0.09290794587  
0.2326445162  0.3500588646  -0.9073782676  
-0.3549644601  0.2459634341  -0.9019435798  
0.4678659915  0.85159944  0.2363891025  
0.7044382688  -0.7077787223  0.05306605054  
-0.3187338561  0.564640777  0.7613077709  
0.9775490822  0.0620129403  0.2013757363  
0.2223862039  0.8485748779  -0.4800677588  
0.001968665442  0.05203475955  -0.9986433338  
-0.1559544494  -0.4935840178  -0.8556009742  
-0.1519049434  0.2530948869  0.9554411894  
0.02780696442  0.1586218529  0.9869477598  
-0.6877459393  0.4690792215  0.5540489211  
-0.07519695142  -0.6587661089  -0.7485804113  
0.623884804  -0.3318712844  -0.7075515543  
0.6568428543  0.3807536892  0.6508333834  
-0.6861914351  -0.7263373177  0.03969150274  
-0.8273462215  0.3832089221  0.4106691513  
0.3547660426  0.3971545619  0.8464096579  
-0.9214998503  0.3462842388  -0.1758557701  
0.380815899  -0.03955687366  0.923804365  
-0.2554977374  0.9107945895  0.3243055996  
-0.9299283766  0.2942954981  0.2205070843  
-0.9787380269  0.2047253291  0.01262593906  
0.5312199618  -0.171006276  -0.8297964845  
0.178595538  -0.153264163  0.9719124087  
-0.1555927587  -0.8650806064  -0.4768924804  
0.5325686683  0.2864086185  0.796455094  
-0.3007593953  0.7096474823  -0.6371375339  
-0.02037858284  -0.9107540505  0.4124460849  
0.900383265  -0.1785098072  -0.3967924203  
0.573554261  0.2508600906  -0.779810698  
0.07198521137  -0.8991470667  -0.43168586  
-0.6932249369  0.1212178392  0.7104543773  
-0.3686984947  -0.9194387951  0.1367249872  
0.7781231697  -0.2608234496  -0.5713978131  
-0.42899911  -0.6808812251  -0.5935996301  
-0.2241442365  0.8131626629  0.5371460183  
-0.1255434173  -0.9858684141  -0.110915826  
0.8649847735  0.321165627  0.3855567166  
-0.3865619101  0.005535563592  0.9222468472  
-0.1646907211  -0.9823381231  0.08881879472  
-0.4197518796  0.9070929773  -0.03147522916  
-0.3134759863  0.4403760054  -0.8413095625  
-0.6664367762  0.5873681473  -0.4591956913  
-0.1103649983  0.7150646639  -0.6902913106  
-0.4034534013  -0.2050789174  0.8917219245  
-0.5623803011  0.6556718321  0.503808342  
0.9261864196  0.3489661403  -0.1428332911  
0.3930860188  0.854962956  -0.3384105874  
-0.5199691715  -0.8538716616  -0.02313538999  
0.9744125576  0.1297410338  -0.1835413624  
0.7164569263  -0.5863248554  -0.3780378773  
0.9172476856  -0.3971220453  -0.03083446708  
-0.207075273  -0.06048979534  -0.9764531816  
0.09215700647  -0.9746877877  -0.2036929125  
0.5573747889  0.6151096672  -0.5576499278  
