1  0  0  
-0.2979584177  -0.8470637485  0.4401179243  
0.7397435703  0.5814235935  0.3387123487  
-0.1705669975  0.02879638801  -0.984925209  
-0.1999489089  0.1736536119  0.9642950051  
0.9078768578  0.2989067854  0.293963169  
-0.786725595  0.1837923531  -0.5893073978  
-0.3648782912  -0.7164536029  0.5946074903  
-0.8006283561  -0.4128419235  -0.4342301021  
0.3216119431  -0.9332648086  0.1599454753  
0.05331285098  -0.9956954249  -0.07581794465  
-0.7825888365  0.5968216436  -0.1770837054  
0.3094280703  0.9483685637  -0.06965153732  
0.691798263  0.3740720848  0.6176449131  
-0.09684790257  -0.9921614139  0.07896969331  
0.01454130409  0.4738953185  0.8804611165  
0.4788150303  -0.8774775356  0.02773700302  
-0.8289218994  -0.5593480981  -0.004264957906  
-0.9736625714  -0.05556418886  0.2211194652  
-0.9237759963  -0.1050087547  -0.3682540835  
0.5331378225  -0.5636213671  -0.6309477132  
0.6570577436  -0.6827770776  0.3195161716  
-0.2723220311  0.9612871771  0.04204372138  
-0.3397665149  0.1694924825  -0.9251113521  
-0.1774903681  0.550257  0.8159132326  
0.5533855982  -0.4696063539  0.6879202368  
0.6425905635  -0.2573298845  0.7217054096  
-0.788885925  -0.1194145684  0.6028259767  
0.9267876808  -0.1161938808  -0.3571604355  
-0.7654719852  0.6419345233  0.04441517279  
-0.9752698753  -0.1673834947  -0.1443309947  
0.6858939702  -0.04042948862  0.7265775375  
0.4562468136  -0.7328797434  -0.5047039993  
0.8972461261  0.4192078571  -0.138615157  
0.5053847744  0.8611470974  -0.05488083889  
0.9255560698  0.2608294166  -0.2744339211  
0.229175768  -0.7006462354  0.6757020942  
-0.4214754389  0.8898788276  0.174568401  
0.9309526568  0.3596668813  0.06298321341  
-0.06695265384  -0.543718295  0.8365929463  
-0.3112571209  -0.8089146562  -0.498774582  
0.1776622604  0.7440090383  0.6441169708  
-0.938697999  0.3331195558  0.08875487689  
-0.3600975747  -0.64459986  -0.6744040014  
-0.002786775964  -0.2775694529  -0.9607015315  
-0.08071150133  0.8281950192  -0.5545977495  
-0.5245673786  0.1078147868  -0.8445146754  
-0.5180900092  0.8234038568  -0.2314926154  
0.6730227298  0.6330563808  -0.3824657159  
0.9773042224  -0.02907479623  0.2098359193  
-0.574843456  -0.4326315051  0.6945394026  
-0.8193034971  -0.0304560389  -0.5725506173  
-0.8521976711  -0.4817198058  -0.2042184077  
-0.8856166823  0.4073832992  -0.2229841689  
-0.7117672909  -0.4775024192  0.5151492631  
-0.6229337752  0.5863170797  -0.517866579  
-0.7163139821  0.3983574033  -0.5728923619  
0.4964217412  0.7584335479  -0.4223079544  
0.375207065  -0.4786782156  -0.7937800856  
-0.3525030163  0.6486991564  0.6744857508  
-0.598352103  -0.724826102  -0.3414701782  
0.4377670172  -0.6527351221  0.6183016246  
-0.1569753931  0.5716547492  -0.8053381735  
0.1879945382  -0.3715943521  -0.9091620819  
0.2278386224  0.03766396986  -0.9729701884  
0.01316393785  0.963899881  -0.2659393356  
0.4880911  0.7007568684  0.5202950024  
-0.7690018933  -0.6098670119  0.1915680452  
-0.5557042177  0.3843382472  0.737208881  
0.5508928853  0.6102727422  -0.5692839441  
0.496822129  -0.7468856663  0.4419610543  
0.8458340105  -0.3155473712  0.4301100826  
0.3816353089  0.4481434895  0.8084070162  
-0.2922198641  0.802744852  -0.5198155958  
-0.975752076  -0.2065454913  0.07243511696  
0.2637173364  0.4519555736  -0.8521674284  
0.04910198621  0.1383908029  -0.9891597346  
0.09034161966  0.3404621267  -0.9359080789  
0.1736043032  0.978523541  0.111145066  
0.006841633321  -0.7033235727  0.7108369322  
0.9739967941  -0.215629857  0.06952704341  
-0.9380410766  0.2209036922  -0.266984077  
-0.5426981595  0.7774079327  0.3179868138  
-0.2015113479  -0.3747276062  -0.9049709375  
-0.5659865533  -0.8116673237  -0.1444139088  
0.1529488389  0.7860436623  -0.5989507606  
0.2170535815  0.6415597175  -0.7357233663  
-0.8221678785  -0.4621974857  0.3322852145  
-0.01757193888  0.8081851872  0.5886662298  
0.7079635536  -0.03342783974  -0.7054574305  
0.6103890663  0.2003027181  -0.7663576246  
-0.4080082803  -0.5486412173  0.7297410896  
0.9021144294  -0.3167234091  -0.2930457959  
-0.473919666  0.3210463416  -0.8199569481  
-0.8351646789  0.08550095728  0.5433134872  
-0.4203003161  -0.8714280205  0.2529048225  
0.7155709414  0.3033330251  -0.6292434375  
0.3709778545  0.04004126692  0.9277780599  
0.4331609388  0.8396010076  0.3277830823  
0.6541470359  -0.7501944528  0.09643618833  
-0.3830416413  0.2901904814  0.8769655555  
0.8998641273  -0.09468199531  0.4257697408  
-0.01688370493  0.06978380167  0.9974192506  
0.1354650979  -0.227266274  0.9643646862  
0.2080668757  0.5653229536  0.7981968012  
0.1919561603  0.1743299936  0.9657959856  
-0.3846030958  -0.2478833876  -0.8891761832  
0.6937444255  -0.4377839494  -0.5718949954  
-0.02603172605  -0.6501590904  -0.7593520306  
-0.262918288  -0.2467950673  0.9327197696  
0.8276525903  0.2274809762  0.5130726998  
0.725530954  0.6708660616  0.1534391155  
-0.7860477352  0.4828945458  0.3859298067  
0.8798697984  -0.473912361  0.0351598061  
0.844927386  -0.5020277503  -0.1845693644  
-0.7024925267  -0.1732868036  -0.6902723619  
0.3423279286  -0.8663512445  -0.3636579581  
-0.826420193  0.2877976975  0.4839443665  
0.1104457707  -0.9012202177  -0.4190511316  
0.3914234938  -0.08449369294  -0.9163233405  
0.2872569874  -0.3743367293  0.8816776261  
0.0276332187  0.9624374819  0.2700934998  
0.5498617566  0.10681984  0.8283969884  
-0.08173105579  -0.8935911567  0.4413783855  
0.154514863  -0.9176074772  0.3662262618  
0.7119744203  -0.2414317217  -0.6593960484  
0.8381208754  0.2924631222  -0.4604549058  
-0.2538575043  0.8042778352  0.5373020857  
-0.5613739096  -0.01161150579  0.8274808194  
0.6037824073  0.7630343278  -0.2307063486  
0.5606584523  -0.1920768172  -0.8054617285  
0.1153268955  0.8823824129  0.4561808682  
0.1585613721  -0.7064618239  -0.6897608155  
-0.2450793233  -0.9214310125  -0.301497951  
-0.6451616695  -0.5616387544  -0.5180041793  
0.4461584515  0.3385015297  -0.8284680745  
-0.3819468979  -0.915372785  -0.1273154805  
-0.1297463294  0.9835202649  -0.1259117885  
-0.3644747604  0.528341518  -0.766820311  
0.7717304523  -0.5089053867  0.3813756892  
0.08886063954  -0.4156636361  0.9051671273  
-0.4231485398  -0.1367343962  0.895683548  
-0.6367505607  0.6234914583  0.4536597017  
-0.9025649751  -0.09012870518  0.4210145866  
0.221147868  0.9388597726  -0.2638862402  
-0.6798681374  -0.7323494257  0.03799518832  
-0.9780980161  0.1427650954  0.1514674832  
0.7113916812  -0.6541134978  -0.2570163574  
0.5267623822  0.5146453854  0.6765068514  
-0.5531244667  -0.3155044133  -0.7710449335  
0.1968737109  -0.9519041948  -0.2347746706  
-0.3512666418  0.8711182399  -0.3431687025  
-0.610313455  0.7838693594  0.1143079787  
