1  0  0  
0.6178796269  0.7783432994  -0.1113843564  
0.8308212519  0.4695742686  0.2987240425  
-0.4064078006  0.3572539708  -0.8409532091  
-0.3144405663  -0.2161389899  0.9243435872  
0.6911926212  0.7171344959  0.08927975835  
-0.5912098076  0.3179314073  -0.7412088664  
-0.5568074203  -0.6859854586  0.4683902724  
0.7190055327  0.06331991039  0.6921138873  
0.5104218701  -0.8599235346  -0.001014476254  
0.1686270933  0.9794957947  0.1102401543  
-0.9062484061  0.4203732678  -0.04472294879  
-0.08470268894  0.9155893225  -0.3930924154  
0.851816196  0.1437870646  0.5037206055  
-0.1397300632  0.9735536524  -0.1807451118  
0.2336521299  -0.5289406072  -0.8158605986  
0.5496286286  -0.8091185451  -0.2079316008  
-0.7764434391  -0.6241714163  0.08686558038  
-0.4044532868  0.1392786862  0.9038910257  
-0.9330843523  -0.03086072257  -0.358331142  
-0.5321140333  0.60765373  0.5895859563  
0.7959263017  -0.6025315276  0.05879694389  
0.2026313661  -0.9417815753  -0.2683057844  
-0.4213460213  -0.2212554829  -0.8794961863  
-0.04115401476  0.6695324526  0.7416418556  
-0.7174443336  0.5485120852  -0.4294276662  
0.3698006429  -0.6828026756  0.6301015718  
0.9348816312  -0.05535783165  -0.3506163803  
0.6286413175  -0.4288074158  -0.648794493  
0.898992918  -0.1728424204  0.402414253  
-0.8255557683  -0.5533603011  -0.1106799465  
0.6697455411  -0.1278625317  0.7314998859  
0.2032164194  -0.86194237  -0.4644980491  
0.8352795148  -0.1658873167  -0.5242037106  
0.8286884444  0.5006798456  -0.2501902364  
0.8973725667  0.4380677401  -0.05309549452  
0.2068207006  -0.3764098371  0.9030729939  
-0.9771597261  0.08558107219  -0.1945115671  
0.2096086369  0.9707094612  -0.1174195953  
0.1038836749  0.529063917  -0.8421992364  
-0.7366535217  -0.2533834712  -0.6270075003  
-0.1831984332  -0.8439789081  -0.5041209545  
0.2259750793  -0.8216965648  0.5232112564  
-0.9000391628  0.2654690382  0.3456236322  
-0.03859812265  0.5098132237  0.859418793  
-0.689880199  -0.5513689446  -0.4691029716  
-0.5546281919  0.632064308  -0.5411859932  
-0.6335668595  0.7633637825  -0.1259713065  
-0.9290202672  -0.3038082436  0.2112389506  
-0.8000720156  -0.3695188445  -0.4725892438  
-0.2038541342  -0.7667585668  0.6087074767  
-0.8271917164  0.05758216229  -0.5589616792  
-0.854215347  -0.04061432085  0.5183306068  
0.5856445155  -0.7290066075  0.3543583887  
-0.843895209  -0.3528398219  0.4041595431  
-0.4160519303  0.7915298404  -0.4476397022  
0.7311309015  -0.6355934715  0.2479285056  
-0.7171046559  -0.5494269634  0.428825051  
0.3512179766  -0.632300267  -0.6905376929  
0.1965729309  -0.7425066811  -0.640345931  
-0.09639593357  -0.3611174843  -0.9275246555  
0.495543201  -0.5091128359  0.7037336543  
-0.01610329385  0.8196081502  -0.572698144  
0.4915912203  -0.1585366803  0.8562734336  
0.4716945717  0.2877610364  -0.833485343  
-0.4294369251  -0.4829688927  0.7631022055  
-0.5151524594  -0.5908688869  -0.6208799418  
0.3540657848  0.7275983021  0.5875696817  
0.5899631227  -0.08150069945  -0.803306386  
0.4088500499  0.6685461917  -0.6211985401  
-0.3318265274  0.9386133491  -0.09431933273  
-0.8478356139  0.4701961858  -0.2451332673  
-0.4776983057  -0.4201685209  -0.7715327231  
0.2851080531  -0.9039540097  0.3187170318  
-0.6997024928  0.2312643833  0.6759683473  
0.2594069592  0.4054959012  -0.8765164594  
-0.01579963677  -0.1731661244  -0.9847658934  
0.1222214192  0.220837763  -0.9676221407  
-0.3759872158  -0.8304793822  -0.4110202055  
-0.2902022026  -0.908409249  0.3009573356  
0.9240391058  -0.3499054264  -0.1540062453  
0.8260940184  -0.3666455894  0.4279482265  
-0.1793781981  0.9827063373  0.04595341873  
0.2665891949  0.02529073748  -0.9634783753  
-0.5285272357  -0.8464495506  -0.06466930801  
-0.5054249031  -0.8044145197  0.3121905633  
-0.3296299085  0.3394360094  0.8809808846  
0.7283613099  0.3970495575  -0.5584276597  
0.01669369194  -0.9817626149  -0.1893765787  
0.5531654937  0.7903065402  0.2634834134  
0.773864171  0.2048262405  -0.5993166575  
0.13852514  0.8852256633  -0.4440566525  
0.9750738432  -0.2204659999  0.02501485855  
-0.168633291  0.7026009092  -0.691313804  
-0.4499332901  0.4687917662  0.7601278277  
0.3583559899  0.8071357391  -0.4691618945  
0.6338320704  0.1401863192  -0.7606607012  
0.6716128655  -0.4417840163  0.5947798264  
0.6405617124  0.4308365481  0.6356575819  
-0.5587235681  0.7239192855  0.4046836326  
-0.3855879904  0.7604844887  0.5224798983  
-0.9764048305  -0.1336715086  -0.1696040529  
-0.7655226712  0.2530542553  -0.5915560698  
-0.05503596169  -0.02278208911  0.9982244333  
-0.1539487287  -0.554735318  -0.8176603916  
0.2947899363  0.3965712951  0.8693848983  
0.367287938  0.01762387407  0.9299403044  
0.6901740115  -0.5543001729  -0.4652001205  
-0.1607370384  -0.7159699973  -0.6793751302  
-0.04380316249  -0.6888432093  0.7235857351  
0.9091374573  0.2559176436  0.3285958663  
0.9110485263  0.167360783  -0.3768035974  
0.8245403328  -0.4637486824  -0.324145645  
-0.365207824  0.9215623186  0.1317047388  
0.9306950265  -0.286033453  0.2280167352  
0.2296638133  0.1956853079  0.9533948779  
-0.686737153  0.7229049834  0.07616080189  
0.5308342012  -0.2835387908  -0.7986368417  
0.6824390327  0.6768168531  -0.2760360739  
-0.4686684744  -0.06963274565  0.8806254265  
0.09171070035  -0.1954632491  0.9764134707  
-0.01122165522  0.9192208984  0.3935822842  
-0.161613516  0.0003385541325  -0.9868540707  
0.1040393393  -0.5514979424  0.8276628755  
-0.347768513  -0.9371609278  -0.02804383814  
0.1259851877  -0.3447340264  -0.9302076024  
-0.9759260614  0.1398434577  0.167368247  
-0.1817048137  -0.9317267863  -0.3144337076  
-0.7387088558  0.01882825149  0.6737616221  
0.9745789752  0.2229546587  -0.02206900915  
-0.1989536442  0.1626361075  0.9664196521  
0.5457270565  0.7061042096  0.4512192649  
-0.009359809978  0.8157278827  0.5783601087  
-0.0134397458  -0.9991958532  0.0377759213  
0.5916361365  0.24147385  0.7691924738  
-0.2614794563  -0.6097790107  0.7481965331  
-0.06368556769  -0.9638134629  0.2588585659  
0.3398548174  0.5801368469  0.7402296549  
-0.3051805115  0.5424722066  -0.7826804971  
0.4687471817  -0.8533132714  0.2283255146  
-0.005386021675  -0.3786873055  0.9255090034  
-0.6137405118  -0.3438928852  0.7106759232  
-0.3888667644  0.8575485624  0.3367389235  
-0.9779110547  -0.08562727476  0.1906775785  
0.4341495195  0.8889328273  -0.1459884353  
-0.7075577996  -0.6461017979  -0.2862069654  
-0.7785516384  0.365389505  0.5102429381  
0.7076527535  -0.6515072829  -0.2734334303  
-0.5544582859  -0.04115745058  -0.8311931625  
-0.2977623329  0.1831560767  -0.9369052485  
0.5755564143  0.5365201679  -0.6171555099  
0.3702395293  0.9014429989  0.2243283545  
-0.8286826493  0.5436803438  0.1330291344  
-0.9249805285  -0.3530376286  -0.1406252278  
