1  0  0  
-0.7047870711  -0.708623872  0.03357666566  
0.4479907437  -0.7873777309  0.4234862482  
-0.3918990099  0.2188509029  -0.8935991542  
-0.3824452091  0.1121801976  0.9171429907  
-0.8414518947  -0.5400119867  -0.01859470596  
-0.7438532242  0.1527968024  -0.6506423887  
-0.01995864038  -0.6955948138  0.7181570216  
0.7364153261  0.2822815326  0.6148248562  
0.5277658672  -0.845566116  0.08050548345  
-0.2264458587  -0.8671046185  -0.4436799001  
-0.9251511234  0.3337087198  -0.1809250926  
0.08878954777  -0.9094574293  0.4062063521  
-0.8643809604  -0.1667876315  -0.4743705737  
-0.2150576945  0.9433000955  -0.2528539456  
0.3214673447  -0.5545827449  -0.7675263678  
-0.7830707055  0.6194528198  0.05548399896  
-0.9738974767  -0.2197552117  0.05684498026  
0.5286263368  -0.2285907785  -0.8174964538  
-0.9180157465  -0.2667299969  -0.2934317602  
0.593704336  -0.6723245206  -0.4421480526  
0.8294407773  -0.5371005436  0.1534633604  
-0.2303970868  0.9656023956  0.1205371144  
-0.2193962267  -0.3383222075  -0.91509747  
-0.1273313534  0.6204577067  0.7738339361  
-0.7152852446  0.4817373272  -0.5062570161  
0.547998989  -0.5352483537  0.6428112537  
-0.696691539  -0.06641980154  0.7142893737  
0.830727399  -0.1345958939  -0.5401628772  
-0.9429415026  -0.03755063881  -0.3308342064  
0.9010949673  0.4135476317  -0.1304078839  
0.7707605097  0.07173778198  0.6330733981  
0.3328957733  -0.8939259903  -0.3001278526  
0.91686863  0.0724018389  -0.392568324  
0.72329438  0.4482949044  -0.5252398676  
0.924731631  0.2648629518  -0.2733478139  
0.2937673776  -0.3977629945  0.8691865899  
0.978174306  -0.0998363906  0.1822298607  
0.1131634571  0.9906935918  -0.07563226247  
0.06684084569  0.5395710139  -0.8392826832  
-0.665301768  -0.4850266797  -0.5675585234  
0.1505023448  0.781297229  0.6057422589  
-0.822550749  -0.07142253645  0.5641888749  
-0.7488640309  -0.6406068755  -0.1697807238  
-0.02450905682  -0.4858091335  -0.8737212324  
-0.2555317941  -0.4537234334  0.8537204157  
-0.484563209  0.39283338  -0.7815884032  
0.6995891888  -0.7060615482  0.1097818612  
-0.6905658789  -0.6099825868  0.3886386635  
-0.7324467703  -0.5616733258  -0.3847659077  
0.3879854411  0.7048629572  -0.5938312126  
-0.6179853307  -0.1795637283  -0.76540904  
-0.977535818  0.1241060826  0.1703566988  
0.661971309  -0.3488363817  0.6634057317  
-0.8279516611  -0.4478015517  0.3375941605  
-0.5935489101  0.6507094418  -0.4735788358  
0.7288189699  -0.6059813883  0.3187623975  
-0.5687204167  -0.5918721123  0.5711781599  
0.4644737369  -0.6356408218  -0.6166237859  
-0.2738133274  0.7222213307  0.6351555804  
-0.1198305919  -0.1634564391  -0.9792459455  
-0.1003421838  0.4274066824  -0.8984736913  
-0.03310218192  0.8193417382  -0.5723489859  
-0.6402988198  0.01789561382  -0.7679174229  
-0.422625278  -0.1205498895  0.8982514117  
0.7251425366  0.2643290187  -0.6358446914  
-0.4813439672  -0.5693018253  -0.6664858715  
0.3795398641  0.7567938069  0.5321772499  
0.5552631911  -0.02153348168  -0.8313958731  
0.4213333782  0.5390367479  -0.7293267915  
-0.4038423073  0.8795201864  -0.2517054481  
-0.8390109403  0.4212499274  -0.3443967779  
0.3925682049  0.4378528641  0.8088109012  
0.3287752152  -0.9423264041  0.06267221094  
0.2352221829  0.937366696  -0.2569322905  
-0.07733486426  -0.3436489957  0.9359084819  
-0.01709108164  0.3057121601  0.9519705721  
0.06783243935  0.1504551955  -0.9862869736  
0.2977916242  0.9165621981  0.2668967695  
0.1844415621  0.7824734176  -0.5947408351  
0.9739803079  -0.2261293489  0.01509560715  
0.8113049537  -0.2876904089  0.5089386021  
-0.01447434592  0.9938753762  0.1095546886  
0.2151951087  -0.2265380972  -0.9499323953  
-0.3361138251  -0.9387189289  0.07638238788  
0.5210061504  0.741496669  -0.4227709559  
-0.1801373685  0.4362183625  0.8816258099  
-0.587362013  -0.4148725628  0.6949004406  
0.1231157051  -0.9454996455  -0.3014513949  
0.5942142407  0.7937872361  0.1296582427  
0.6275211412  0.7424478599  -0.2344960398  
-0.3279386117  -0.8379703289  0.4361903195  
0.9311222655  -0.3194971516  -0.1758775051  
0.4045141643  -0.6919923157  0.5979255187  
-0.6468540751  0.3302230546  0.687410023  
0.7834405583  0.5917848619  -0.1897671437  
0.576632591  0.2142062662  -0.788422812  
0.5702214385  -0.2018044295  0.7963180792  
0.558866058  0.6613917301  0.5002296559  
-0.6274909806  0.7734442157  0.0896611088  
-0.4096408319  0.7827899006  0.4684382141  
0.9793448136  0.1388374384  0.1469962645  
0.8647694038  -0.06347654331  0.4981411513  
-0.07725504177  0.08302452484  0.9935484824  
-0.074328078  -0.658646264  -0.7487726196  
0.2160389349  0.5241658246  0.8237580755  
0.4760075846  0.009913036354  0.879385303  
0.7737783417  -0.3349928333  -0.5376308023  
0.06959775753  -0.7735334438  -0.6299223472  
0.2624481482  0.247554799  -0.9326508409  
0.8143055303  0.3761560166  0.4420556012  
-0.9766421566  -0.07405565394  0.2017073573  
-0.7517919978  0.5174418744  0.4087330408  
0.4401406179  -0.8908285078  -0.1126978535  
-0.9151208405  0.2022802609  -0.3487643092  
0.3126189203  0.1386681474  0.939702376  
0.4249136767  0.898334679  0.1115489658  
-0.6341924733  0.5128206365  0.5786319224  
0.8365833459  -0.5023338656  -0.2186069368  
0.2443342306  0.03065326899  -0.9692064594  
0.1538575048  -0.2391345657  0.9587192121  
-0.007177428648  -0.8834475949  -0.4684750063  
0.09792640819  -0.03892690831  0.9944320562  
-0.2073674396  0.7331973995  -0.6476266814  
-0.1227520153  -0.8953600943  0.4280913971  
0.4955423671  -0.4554810127  -0.7395774533  
0.6204701699  0.7182771098  0.3147932047  
0.08892075055  0.9537537387  0.2871356929  
-0.7024592166  0.1356547133  0.6986764972  
0.9310435385  0.3539445132  0.08877618447  
-0.3660853778  0.3453966201  0.8641080204  
-0.454994617  -0.8219698743  -0.3425571839  
-0.2079223822  0.8541060028  0.4767297127  
-0.01477905729  -0.969404032  0.2450253091  
0.5754757946  0.3809227437  0.7236887958  
-0.2335111953  -0.6356434358  0.7358192333  
0.115745002  -0.9907261969  0.07116668661  
-0.2991996476  -0.6560220936  -0.6929030117  
-0.3515154015  0.5629145677  -0.7480401807  
-0.5896574065  0.7602770647  -0.2725489457  
0.1528982788  -0.5931758805  0.7904204521  
-0.4292111605  -0.3457624419  0.83440165  
-0.5284621748  0.8001375995  0.283738527  
-0.8429536234  -0.2704086531  0.4650896141  
0.4400352977  0.8601188428  -0.2580009942  
-0.5337235752  -0.8426932954  0.07076125452  
-0.8688227265  0.3333637064  0.3660815609  
0.7002118361  -0.6663136424  -0.2563776796  
-0.4503110536  -0.2474509223  -0.8578974274  
-0.2910067236  0.06421072486  -0.9545638112  
-0.2070122998  -0.9735352822  -0.09682438795  
-0.263868439  0.8420437658  -0.4704633284  
-0.8985828271  0.438677536  0.01053195915  
0.8511420687  0.4670252973  0.2396759283  
-0.9224400764  0.1328862516  0.3625542022  
