1  0  0  
-0.7124843841  -0.599845553  0.3640759742  
0.6721561055  0.6845494676  0.2821315229  
0.4414803541  -0.2593381538  0.8589754472  
0.3684321008  -0.03470666173  -0.9290065849  
-0.8144045288  -0.5482295333  -0.1902357546  
-0.5726441708  0.1002891197  -0.8136465733  
0.5761960339  0.642721788  -0.5048829901  
-0.6915110464  -0.431350126  -0.5794389886  
0.6209666215  -0.6978224869  0.3569933216  
0.1748007484  0.9343620143  0.3105033406  
-0.9361726775  0.3513722146  0.01087587457  
0.06151070307  -0.9369184975  0.3440932469  
-0.8580078182  -0.136414421  -0.495190559  
-0.146691872  0.9747914294  -0.168116519  
0.2768389259  -0.5634645584  -0.778375167  
-0.6642598963  0.7474863721  0.004786830621  
0.8343129665  0.5511843426  -0.01084870364  
-0.6006897825  0.2689613596  0.7528821769  
-0.9125649327  0.0413735062  -0.4068334752  
-0.6652731495  0.6591095411  0.350693954  
-0.8254702546  0.5612978938  -0.05952758343  
0.3076120442  -0.9513483815  -0.01763766784  
-0.8307776418  0.3839338701  -0.4029929196  
-0.2033662313  0.7178042774  0.6658822683  
-0.7872304319  0.5445073912  -0.2894476602  
0.5553495202  -0.521276418  0.6479643558  
-0.7850811189  -0.08165905777  0.6139865104  
0.7348639444  -0.3019152733  -0.6073072953  
0.9267393496  -0.2222339545  0.302929443  
-0.9248765347  -0.3766254743  -0.05250378739  
0.795533229  -0.0160616795  0.6056970398  
0.1958260951  -0.9570007024  -0.2140135419  
-0.8997480372  -0.05200674822  0.4332998589  
0.8198338564  0.5324114105  -0.2107380789  
-0.9169687055  -0.3677286811  0.154738522  
-0.4053585331  0.4615159049  -0.7891055247  
-0.1533422542  -0.2832887634  -0.9466961654  
0.2256336683  0.9696468111  0.09420461488  
0.03073426564  -0.4551092547  0.8899050349  
0.8286039039  0.3327747141  0.4501961351  
-0.2283912312  -0.7503387653  -0.6203460187  
0.8361166544  -0.1237095839  -0.5344201336  
0.3816867813  0.5073740843  -0.7725844546  
0.06900018222  -0.6065921274  -0.7920132359  
0.445803311  -0.8160540528  0.3678521317  
-0.707019743  0.1786832535  -0.6842480383  
-0.5439645013  0.819094263  -0.1821735703  
0.7165590815  0.460799574  -0.5236476251  
0.83514394  -0.2056021451  0.5101591491  
0.01418480331  0.624569551  -0.7808403597  
-0.7408267023  -0.2277127807  -0.6319198419  
-0.9744217907  -0.0222717336  0.2236205348  
0.7191888403  -0.3731000499  0.5861431265  
-0.6926953943  -0.3031287062  0.6544356945  
-0.503395056  0.6826088487  -0.5297533174  
0.7077747217  -0.6848922342  0.1731403215  
-0.5628266868  -0.4960758604  0.6611617513  
-0.4313455618  0.6041462788  0.670036029  
0.1278670496  -0.8424045949  -0.5234544069  
0.3610664804  0.2641238496  0.8943542859  
0.2440878375  -0.3775137777  0.8932549889  
-0.1032663461  -0.8814438203  0.4608609915  
0.6676618755  0.06803412846  0.74134943  
0.2666216723  0.144561591  -0.9528981216  
-0.4368986247  -0.786674611  0.4361910684  
0.5357293352  0.5348190854  0.6534237716  
0.3435526692  0.6004568699  0.7220963308  
0.4519354642  -0.2147031777  -0.8658272817  
-0.4130195375  -0.6597782753  0.6277798094  
-0.3571280328  0.916766512  -0.1788818904  
0.8982872473  -0.3980294373  0.1861520573  
-0.4399168808  -0.4204239665  -0.7935469906  
0.257848689  -0.8960594418  0.3613745016  
0.2821000388  0.8941400667  -0.3477543807  
-0.1301379416  -0.3119364853  0.9411480995  
0.06350182385  -0.2779089824  -0.9585061898  
-0.06864006136  -0.1061673509  0.9919763281  
0.3105436823  0.8409280337  0.4431734012  
-0.05935228132  -0.769008001  0.6364778088  
0.9784214136  -0.1671800694  -0.1214181277  
0.1729604529  -0.07393576829  -0.9821497767  
-0.1126773578  0.9932633112  0.02705194366  
-0.7074105388  -0.7030982163  -0.07227190278  
0.5742721825  0.8162678762  -0.06259564455  
0.5863779889  0.7537938087  -0.2965733436  
0.2446614588  0.4542274118  0.8566319098  
0.5259994915  0.3311822866  -0.7833535779  
-0.04776972802  0.9327165732  0.3574322972  
0.8272686257  0.2495644358  -0.5033331037  
0.9286652579  -0.142581794  -0.3424197289  
0.2632974118  0.7895158625  -0.554381796  
0.8016695936  -0.5005017741  -0.3268391603  
-0.3116704223  0.7830027465  -0.5383012602  
0.5787491842  -0.4597262401  -0.6735734302  
-0.18221828  0.4305827644  0.8839654866  
-0.4639892533  -0.1524727358  0.8726202138  
-0.5825870995  0.3350120034  -0.7405128149  
0.6130922727  0.626857782  0.4807984883  
0.4933958221  -0.8697137296  -0.01259330695  
0.3593417927  -0.7587180283  -0.5433419085  
-0.9771965976  0.01298484045  -0.2119391506  
-0.3983481971  0.8932441312  0.2084073798  
0.03523832973  0.1072290115  0.9936096815  
-0.1398497083  -0.619927178  -0.7720960776  
0.9780215858  0.1871782919  -0.09185893932  
0.4139570748  -0.02123155725  0.9100487686  
-0.7064210768  0.4909942121  0.5097979462  
0.01454175456  0.7532188277  0.6576092571  
0.1808690258  0.4945482253  -0.8501226078  
0.9342390353  0.1712564381  0.3128396672  
0.927131955  0.2153477036  -0.3066785037  
0.7452869743  -0.648220896  -0.1560672798  
-0.7631728609  -0.5164293959  -0.3884171256  
-0.9763168448  0.1903680595  -0.1027882311  
-0.2611060523  -0.09802650609  -0.9603199642  
-0.4142429546  -0.909864053  -0.02345590596  
0.559422267  -0.6430507634  -0.5230032914  
-0.7102978917  -0.6893214939  0.1425229215  
-0.5597507316  0.0412283187  0.8276347892  
-0.07661360248  0.2655283925  -0.9610541237  
-0.09651663405  -0.8631574208  -0.4956246627  
0.1347671996  -0.0627803384  0.9888864601  
0.1547874069  -0.7168899615  0.6797864677  
0.1077974432  0.9624298088  -0.2492159193  
-0.4148149478  0.4112155335  0.8116836478  
0.6418263997  0.1328968476  -0.7552465164  
-0.03120998411  -0.9849267476  -0.1701330032  
0.7096535956  -0.09358661013  -0.6983074686  
-0.9756854512  -0.186332979  -0.1154032982  
-0.271371937  0.2531417654  0.9285884548  
-0.5028049598  -0.7818995134  -0.3685380895  
-0.2799470119  0.8778965573  0.388493636  
0.272878432  0.9542206353  -0.1224758771  
0.5947952287  0.3090106519  0.7421125608  
-0.2221854358  -0.6556739694  0.7216129697  
-0.06977971598  -0.996002259  0.05576998521  
0.03629791432  0.4563308111  0.889069543  
0.3609193349  -0.6354557267  0.6825930362  
-0.6860214854  0.5466271205  -0.4801805001  
-0.2000002581  0.5590243126  -0.8046686987  
-0.3350947051  -0.3343579886  0.880861098  
-0.4836270288  0.7882093742  0.3805665243  
-0.8395545584  -0.4008043043  0.3667479423  
-0.440316338  -0.8722505917  0.2128389714  
-0.4325630529  -0.7072263135  -0.5592138649  
-0.841484255  0.3207836973  0.4347436811  
0.5826024791  -0.7885278381  -0.1969725867  
-0.5137306483  -0.1452311684  -0.8455700614  
-0.2837749311  0.1769077947  -0.942430592  
-0.3713406208  -0.8971707922  -0.2391457987  
0.8610841039  -0.4922391623  -0.1274157494  
-0.9148784906  0.3260258204  0.238127092  
0.8940462221  0.3680872378  0.2553294697  
0.5524902338  0.8181062764  0.1595514398  
-0.1077960349  0.8446857546  -0.5242957094  
