1  0  0  
0.6387380797  0.7581332386  -0.1313303396  
-0.4039135429  -0.5415355881  0.737287635  
0.4847972542  -0.26274718  0.834227512  
-0.3907400377  -0.02019569244  0.9202794993  
-0.784116886  -0.4710791232  -0.4040360983  
-0.6658462267  0.2564115959  -0.7006439152  
0.5392250093  0.7817927566  -0.3131077692  
-0.819269416  -0.2891765083  -0.4951510587  
-0.5659790668  0.7133849058  -0.4132186736  
-0.05018257648  -0.9115944178  -0.4080163311  
-0.9349065171  0.3509841746  0.05253487899  
-0.000746320856  0.9273346261  -0.3742324602  
0.8100562516  0.1028791646  0.5772562227  
0.1976491017  -0.8942400328  0.4015838597  
0.3571314518  -0.5312561967  -0.7682603593  
-0.8492696153  0.5278737476  -0.009509314685  
-0.9388061748  -0.334253061  -0.08317365811  
-0.7574661622  0.2079050112  0.6188865158  
-0.8844726862  0.07219172459  -0.4609733423  
0.307738936  -0.8005164165  -0.5142666761  
-0.8163359565  0.5344396631  -0.2190202105  
0.2144972124  -0.9591731378  -0.1843307833  
0.03968515855  -0.8273105332  0.5603412977  
0.03302108  -0.7012401589  -0.7121599875  
0.552423865  -0.4321226433  0.7128098586  
-0.4133775154  0.9000871317  0.1377032498  
-0.7978314062  -0.1357412082  0.5874005206  
-0.7889552318  0.4727179883  0.3925396104  
-0.9229822079  0.2210557416  -0.3150209565  
-0.9773212806  -0.142920863  -0.1562585726  
-0.5849990137  0.08974132054  -0.8060537509  
-0.2389280636  0.6935449179  0.6796387476  
0.9339993974  -0.1164548928  -0.3377623182  
0.90671998  0.4076847163  -0.1079446615  
0.9780189754  0.1981063608  -0.06505961548  
0.1931556469  -0.5082931803  0.839243075  
-0.5444433582  -0.4299813448  -0.7202065487  
-0.8386146116  -0.5427413705  -0.04644715195  
-0.006336708878  -0.5497290894  0.8353189657  
-0.7018297714  -0.7102430743  -0.05467858266  
0.1756974103  0.6751492332  0.7164523243  
0.9784926055  -0.1864636119  0.08822438724  
0.6870114401  -0.6447987686  -0.3350370565  
-0.1608319272  0.548922942  0.8202540429  
0.7891531964  0.5996580146  -0.1328438864  
-0.271774096  0.3055088681  -0.9125805018  
0.7260833929  -0.6845353996  0.06491681702  
0.5878966141  0.5184139894  -0.6209867203  
0.8139763446  -0.2482635843  0.5251739742  
0.2072796306  0.5642499551  -0.7991602736  
0.6632790777  0.08511934863  0.7435156768  
0.8599499249  0.4589230689  0.223328779  
-0.9169540992  -0.1067259429  -0.3844538374  
-0.7328697459  -0.4953485809  0.4664029577  
-0.3213600412  0.9201301383  -0.2238040493  
0.6833709765  -0.6848272122  0.2530134341  
-0.5856354416  -0.6627042553  0.46674854  
-0.03782684513  0.3725761125  0.927230376  
-0.1709377243  -0.3508772677  -0.9206874809  
0.3297114341  -0.1799282342  -0.92677732  
0.06748261544  -0.3616380537  0.9298731175  
0.05597065514  0.7099161363  -0.7020586622  
-0.5387112669  0.815522813  -0.2114538067  
-0.6563953706  -0.1918343161  0.729619567  
0.9099827649  -0.3230944584  -0.2598871651  
-0.6475165664  -0.63286491  -0.4245047726  
0.5264563009  0.61707321  0.5848627333  
-0.5233117629  0.1497047046  0.8388881333  
-0.3620926281  -0.8095344661  0.4621069972  
0.4172607321  -0.7184589651  0.5565161245  
0.8374588819  -0.3959476857  0.3766803039  
0.3291945478  0.736581041  0.5908293491  
0.3978436459  -0.8325459828  0.3854706473  
0.1600127809  0.8386322518  -0.5206648213  
0.1389983103  0.3906100241  -0.9100018015  
0.1264491158  -0.1902036782  -0.9735672457  
0.0664376919  0.1989033536  -0.9777645366  
0.2019376979  0.9463157995  0.252403593  
-0.2521777463  -0.7120303232  0.6553008493  
-0.9778989024  0.1610907253  0.1332798366  
-0.4630086594  -0.05636010988  -0.8845600711  
0.1249234345  -0.9715650816  0.201135347  
-0.1415373352  -0.9883427317  -0.05608767613  
-0.4724825097  -0.8760248431  0.09664756791  
0.3759629477  0.8852674644  -0.2737761466  
0.4633881027  0.2147691251  -0.8597358252  
0.714143827  0.343852772  -0.6097244177  
0.4399518748  -0.8959416018  0.06108186303  
0.9099880594  0.1013922254  -0.4020464505  
-0.4054624539  -0.8734433574  -0.2696236265  
0.2427981714  -0.3717098867  -0.8960361645  
0.6215282112  -0.5865520701  -0.5192873499  
-0.7138713044  0.559616757  -0.4209713125  
0.7112797772  -0.4072844202  -0.5728878421  
0.2340245439  0.5126591088  0.826083017  
0.4369056817  0.6775290569  -0.591665279  
-0.7569703753  0.08162279118  -0.6483313743  
-0.1996068221  -0.007807809642  0.9798449646  
-0.7272354399  0.6721811158  0.1389286238  
-0.4393654143  0.6567629706  0.6128788079  
0.9704103294  -0.03998901166  0.2381274273  
0.5894902277  0.7629252381  0.2654173177  
-4.844790862e-16  -9.424802548e-10  -1  
-0.03771466808  -0.5431107578  -0.8388136316  
0.08646782485  0.1825383387  0.9793891311  
-0.228961909  -0.0278420062  -0.9730371354  
-0.5076387987  0.7453292353  0.4321888258  
-0.1129654426  -0.8097913408  -0.5757402133  
-0.268245304  -0.2070772831  0.9408312578  
0.9093772058  0.2843801095  0.3035803861  
-0.9765989743  -0.04488150343  0.2103332927  
-0.09949180621  0.8247186523  0.5567230237  
0.7095992407  -0.4180673785  0.5671759732  
0.9158893866  -0.3677427181  0.1609718139  
0.6936178232  0.2743471859  0.6660540045  
-0.05754894714  0.9982642175  0.01251681874  
-0.5439809704  0.4801996076  0.688108306  
-0.3824347271  0.4429694463  -0.810877148  
0.569577129  0.03914564863  -0.8210051841  
0.142745198  -0.1590423966  0.9768978066  
-0.4683473203  -0.7659615476  -0.4404017429  
0.321596982  0.2005476773  0.9253950563  
-0.2353089875  0.7846318452  -0.5735700026  
-0.192559824  -0.923615055  0.3314452358  
0.6180648336  -0.2849627797  -0.7326609555  
0.8414302604  0.3001352885  -0.4493483342  
-0.2527602695  0.9673287587  -0.01968041623  
0.7105224136  -0.03496162753  -0.7028055096  
0.7423140091  0.6266809271  0.2371516972  
-0.4378650568  0.346729901  0.8294893416  
-0.3877899867  -0.5761448029  -0.7194971107  
-0.1614902221  0.911202084  0.3789876914  
-0.3475406663  -0.9340873155  -0.08183136516  
0.6778549719  0.4620544573  0.5718551526  
0.3396789723  0.3888852774  -0.8563798438  
-0.07296371004  -0.9841139563  0.16185184  
0.2650966515  0.8612733681  0.4335111887  
-0.354012886  0.6104102936  -0.7085719088  
-0.5635131556  0.5816655374  -0.5866158249  
0.1471116809  -0.6760508701  0.7220203421  
-0.5407416553  -0.3714313483  0.7547431455  
0.3667348767  -0.8695638544  -0.3307026357  
-0.9301650038  -0.2583183893  0.2608920764  
0.268501745  0.9568348424  -0.1112380208  
-0.8395701176  -0.4558314948  0.2955328511  
-0.8493663972  0.276362295  0.4496672161  
0.5644258764  -0.790954289  -0.2362514398  
-0.5339444713  -0.2339780169  -0.8125008241  
0.3664995284  -0.1180502595  0.92289882  
-0.009566515644  0.9756195001  0.2192602854  
-0.5940698288  0.8040112097  0.02543645352  
0.8383990638  -0.5083477078  -0.1966459199  
0.3859324949  0.3763490043  0.8422692778  
-0.8509911375  0.05637412848  0.5221456134  
-0.7069615474  -0.6372454747  0.3067956575  
0.5398903604  0.8373061811  0.08623663841  
