1  0  0  
0.5022299011  0.825787614  -0.256592952  
-0.5385285594  0.7410841371  -0.4009754263  
-0.2919055391  0.28278118  -0.913688109  
0.4310786874  0.02805719962  -0.9018780177  
0.9065775814  0.3382198411  0.2524369781  
-0.4592804778  0.1618630402  -0.8734196007  
0.420284135  0.7844816435  -0.4560151278  
-0.7388617257  -0.2436674657  -0.6282591156  
-0.4632656526  0.8526814664  -0.241493793  
-0.1464782588  -0.9095364029  -0.3889571332  
0.9335410056  -0.3496913758  -0.07884879501  
0.1808274653  -0.9827054648  0.03989232095  
-0.8501618032  -0.09678781613  -0.5175490576  
-0.1116612238  0.903241233  -0.4143513558  
-0.3175101407  0.3982505291  0.8605718021  
-0.8353366078  0.5492725448  0.02263676587  
-0.9024845481  -0.3973626083  0.1662064921  
0.8167624744  -0.2007660997  -0.5409177698  
-0.9333371264  -0.1387607148  -0.3311000944  
-0.4847610474  0.6541652219  0.5805812513  
0.9074663283  -0.4030911855  0.1184160425  
0.3637800002  -0.927989945  0.08061497016  
-0.4342048545  -0.07527246677  -0.8976637455  
0.09255577818  -0.7358783695  -0.6707581182  
-0.7399072865  0.4598269337  -0.4910156804  
0.6093524724  -0.4221692381  0.6711651799  
0.8462344148  0.2160665094  -0.4870344738  
-0.7577492343  0.3907556881  0.522614667  
0.9160520932  -0.06991619956  0.3949180772  
-0.9760678806  -0.1743576564  -0.1299649961  
0.5882864264  -0.0231782961  0.8083203864  
0.3938363766  -0.7915173218  -0.4673256228  
0.9223890244  0.05709914995  -0.3820185529  
0.7865198559  0.5608252011  -0.2585761205  
0.976154403  0.2029791468  -0.07695483986  
0.2903543099  -0.4742001372  0.831160998  
-0.2656824596  -0.3671858092  -0.8913963272  
0.9279418848  0.3702617238  0.04277983451  
-0.09793960282  -0.6650965056  0.7403070122  
0.7257595154  0.6856531218  0.05615088904  
0.456326175  0.7283189315  0.5111926799  
-0.1822979556  0.2560364907  0.9493222692  
-0.8327796208  -0.5511572075  0.0519984202  
0.1119861648  -0.4326971732  -0.8945570162  
-0.9181931261  0.1399706878  0.3705800719  
-0.6364191708  0.2052856995  -0.7435243242  
0.7891805604  -0.5893442433  0.1728218906  
-0.7329220433  -0.3607102712  0.5768131229  
0.744332135  -0.2892103556  0.6019360788  
-0.2702061808  -0.5609063593  0.7825424436  
0.7301753188  0.03133936685  0.6825407299  
-0.8387517329  -0.5209013365  -0.1586106181  
0.6377843407  -0.742903422  0.2032870884  
-0.7117013761  -0.5326621441  0.4579871084  
0.5873716572  -0.5957592377  0.5477823172  
0.8427064861  -0.4400954018  0.3100996864  
-0.6326500608  -0.6973874827  0.3367559941  
0.2129080542  -0.5805388213  -0.7859038347  
-0.2961839916  0.7060110999  0.6432910461  
0.2499827573  -0.03826291415  -0.967493964  
-0.1052717255  0.3900470013  -0.9147574545  
-0.0758919038  0.7294732069  -0.6797861865  
-0.08615500197  -0.9292496106  0.3592665818  
-0.6026613461  -0.3017581156  0.7387430823  
0.3713750889  0.8593344072  0.351603356  
0.4089786907  0.480500383  0.7757936662  
0.3434153304  0.6611081296  0.6670846662  
-0.5585914702  0.1250988144  0.819954789  
0.5539613412  0.6544786196  -0.5145722193  
-0.2472744477  0.9350376411  -0.2540865152  
-0.8598795022  0.2723405876  -0.4317844904  
-0.2163808609  -0.5661218139  -0.7954152468  
0.3437017933  -0.8443631507  0.4109987189  
0.08270944694  0.4438574333  0.8922722266  
0.08840619365  0.4896108617  -0.8674477212  
-0.05959971307  0.1077546078  0.9923894491  
0.08257203182  0.2979969115  -0.9509888014  
0.246678623  0.9437473345  0.2202058708  
-0.230661456  -0.8506671479  0.472398874  
0.9670801047  -0.1834950965  -0.1763111474  
-0.5468634177  -0.7678420783  -0.3337048773  
0.3704243968  -0.9212351118  -0.1187924036  
0.01821175996  0.9998133942  -0.006442718831  
-0.4181504584  -0.9001287235  -0.1221412106  
0.3772478437  0.921252377  -0.09475295393  
-0.9796234203  0.1951200875  -0.04760363286  
0.5866862252  0.4934561704  -0.6421061291  
-0.06401378196  0.9298978547  0.3622046596  
0.7358484712  0.1573505482  -0.6586105316  
0.6903449427  0.709150339  -0.1432817395  
0.247998314  0.7370031166  -0.6287473597  
-0.7630195949  0.5336640572  0.3646968218  
0.4101161141  -0.7133036857  0.5683331989  
0.6763812115  -0.2642822503  -0.6875051628  
-0.538715019  0.841824469  -0.03343189726  
0.4425716387  0.4416393025  -0.7804390245  
0.4717501764  -0.3547398579  0.8072245068  
0.6409680232  0.6165799705  0.457153293  
-0.7056171333  0.708552225  -0.007629267062  
0.4145981791  -0.5343883438  -0.736571414  
0.9787235107  -0.03171279026  0.2027180026  
0.7938369025  0.485948574  0.3656185931  
0.0737464515  0.09696018023  -0.9925523585  
-0.00136028191  0.6055414519  0.7958126034  
-0.06349820471  -0.2602079579  -0.9634624002  
-0.1202317654  -0.02546039933  -0.9924193119  
0.6427654456  -0.5728649209  -0.5086043297  
-0.132591537  -0.7236174611  -0.677345742  
-0.2668304818  -0.1721759748  0.9482388558  
0.8413362962  0.298738265  0.4504538664  
-0.9805671852  -0.01952504987  0.1952095482  
-0.5970705559  0.7130704946  0.3674741092  
-0.8111920919  0.107973018  -0.5747253409  
-0.9393132  0.2383673096  -0.2467219852  
0.4423122231  0.2797306192  0.8521212813  
-0.1610600924  0.9739740485  0.1594810317  
-0.5940349796  0.4551602786  0.6632884469  
0.211277446  -0.8027475863  0.5576362197  
0.5953205523  0.09282618522  -0.7981082253  
0.1129729698  -0.1885013084  0.9755533634  
-0.2578548232  -0.8078043242  -0.530059491  
0.2589550402  0.1699656229  0.9508175294  
-0.2677124631  0.6507123815  -0.7105655731  
0.04162966879  0.8302055029  -0.5559008847  
0.503085407  -0.3297769355  -0.7988443191  
0.8396675861  0.3922284164  -0.3756530503  
0.26715145  -0.9080112004  -0.3227162263  
-0.7119184451  0.06006157762  0.699689027  
-0.7109942643  -0.6523450758  -0.2625510583  
-0.3792176246  0.1915124269  0.9052717733  
-0.5354663216  -0.5645763543  -0.6281157206  
-0.1892576704  0.839196933  0.5098333471  
-0.2219422703  -0.9746815853  -0.02715576997  
0.5866111414  0.3790326956  0.7156965729  
-0.2720439628  -0.3734347943  0.8868700788  
0.04958833941  -0.9765719922  0.2093994764  
0.02795198036  0.8415262611  0.5394925752  
-0.4480962778  0.5479648934  -0.7063598243  
-0.702387652  0.6139086907  -0.3602328495  
0.09679360186  -0.5712289707  0.815063471  
-0.4452468368  -0.2406575289  0.8624611342  
-0.456490985  0.8427844606  0.285184736  
-0.9330094176  -0.2289873234  0.2775936462  
0.1636653958  0.9718255964  -0.1696132316  
-0.5551995776  -0.8300534457  0.0525804744  
0.8773943962  -0.3312041175  -0.3471064765  
0.588506846  -0.7939758447  -0.152519016  
-0.6036325796  -0.1799898157  -0.776679712  
0.294659328  -0.06707583273  0.9532453583  
-0.04572776451  -0.9799547286  -0.1939012673  
-0.8338809128  -0.002148642721  0.5519402201  
-0.8571855439  0.4718108073  0.2064642958  
-0.7068599247  -0.4401369911  -0.5537404409  
-0.3139016998  -0.9027961713  0.293980945  
0.7304303878  -0.6532890665  -0.1992105522  
0.584713479  0.7980753447  0.1455537415  
-0.4154010702  -0.6312889152  0.6549169844  
