1  0  0  
-0.5428700748  -0.7654045772  0.3456123768  
-0.7098811964  -0.6582336895  0.2505934895  
-0.5256867482  0.2556291881  -0.8113613011  
0.3303136917  -0.06047943538  -0.9419315808  
-0.8512743028  -0.3802951382  -0.3615351563  
0.6860085876  -0.09141366116  0.7218280684  
0.6554192951  0.6128105744  -0.4414620568  
-0.6042035197  -0.3611515036  -0.7102870534  
0.4646403579  -0.7502485574  0.4703577786  
0.00093844349  0.9274916834  0.3738426092  
-0.9788153334  0.1901162246  0.07600239648  
-0.01579261246  0.9839199884  -0.1779102299  
-0.7835210775  -0.04924259929  -0.6194109198  
-0.2780809204  0.8125218388  -0.5123273008  
0.2590606472  -0.2400263592  -0.9355612903  
0.7407501366  -0.6714111227  0.02227867472  
-0.9319921007  -0.3581680581  0.0557347859  
0.6434927063  -0.1685015216  -0.7466755481  
-0.904519355  -0.0308160255  -0.4253176567  
-0.4049344465  0.6623554709  0.6303279498  
0.9360852821  -0.3457841981  0.06463461179  
-0.4865235737  0.8674037636  0.1044295131  
-0.4285055367  -0.8820802276  -0.1957485046  
-0.222889553  0.7629975497  0.6067577657  
-0.6358807993  0.6463500175  -0.421766836  
0.69545725  -0.4690021146  0.5444044727  
0.7047990654  0.02421557842  -0.7089935706  
-0.7223576061  0.4943026466  0.4835952673  
-0.9240027024  0.1564738124  -0.3489053624  
-0.9791539472  -0.1888270708  -0.07484574119  
0.8295462624  -0.131728803  0.5426790221  
-0.2814474853  0.4174802357  0.8640009061  
-0.9051331786  0.07715176754  0.4180688146  
0.9074226779  0.3286389599  -0.2618788226  
0.9761794629  0.1667275177  -0.1388365621  
0.3355110491  -0.3440986594  0.8769426712  
0.5803682661  -0.40981082  0.7037242127  
0.839784713  0.5174370706  -0.1643791772  
-0.04907293038  -0.7458512018  0.6643025156  
0.8442913685  0.5342745222  0.04150686655  
-0.3136932621  -0.7617692214  -0.5668370054  
-0.9756761429  -0.01956129635  -0.2183424373  
0.9306277072  -0.2282914498  -0.2860333627  
-0.2429714291  0.6065664665  0.7569953807  
0.1857316245  -0.9194471859  0.3465842409  
-0.0374770031  0.05118361518  -0.9979858274  
0.8366115298  -0.5194378029  0.1739698742  
0.4660649078  0.7093313102  -0.5288029823  
-0.2872109159  -0.4265252456  -0.8576631651  
0.2743732284  0.4626271979  -0.8430275247  
-0.6140958902  -0.129507076  -0.7785333357  
-0.9161448922  -0.3700244997  -0.1541441084  
0.1755162353  0.09404863584  -0.9799739309  
-0.7409839001  -0.2167901019  0.6355666067  
0.3540878956  -0.6693042248  0.6531872755  
0.8250256159  -0.3210319026  0.4650497292  
-0.7988741329  -0.4795322882  0.3631100444  
0.08978478189  -0.5013988824  -0.860545091  
-0.08437078513  -0.1657850119  -0.9825461315  
-0.7119738743  0.2723890584  -0.6472228389  
0.2332828574  -0.5488915509  0.8026812405  
0.008264042682  0.9319245909  -0.3625579437  
0.2550707525  0.9602767747  -0.1131699043  
-0.3860256716  -0.1215013354  0.9144515331  
-0.5832632953  -0.7997866957  0.1419336807  
0.4430774466  0.6321517821  0.6356622536  
-0.273787263  -0.609855399  -0.7437183115  
-0.5243218225  0.03930952045  0.8506123607  
-0.3657036939  -0.6198316388  0.694312284  
0.5487334527  -0.7903766848  0.272389967  
-0.8998511304  0.3427373771  -0.26981296  
0.4504510315  0.4729958694  0.7572111831  
0.421009693  -0.9003380769  0.1101915859  
0.8098734882  0.5309643991  0.2493626677  
-0.03531107646  0.5917481553  -0.805349147  
-0.1115394717  0.09956293352  0.9887599145  
-0.07464691155  -0.4418192678  0.8939930499  
0.2201267291  0.9282163125  0.2999311595  
-0.166947126  -0.6171496842  0.7689310271  
-0.9760199321  0.03041849009  0.2155453724  
0.05056269962  0.9816548965  0.1838398152  
0.2275069411  -0.9623755563  0.1485728119  
0.07875833738  -0.8432590308  0.5317060572  
-0.4319712361  -0.9016549391  0.02047490976  
-0.3413554166  -0.8391399506  0.4234626581  
-0.1054581441  -0.3786518894  -0.9195114608  
0.1371643155  0.8581591746  -0.4947209128  
-0.5936459587  0.8019558682  -0.06671777278  
-0.7056293495  0.6715764996  -0.225991651  
-0.7869728609  0.5876001838  0.1881481869  
0.8406002186  0.07337721577  -0.5366628893  
0.6840011234  -0.6431815095  -0.3441801984  
-0.1312779856  0.4025237003  -0.9059474384  
-0.7930085983  0.1298890752  0.5952026471  
0.2579996294  0.7527614174  -0.6056289621  
0.8389272488  -0.2873719464  -0.4621887446  
0.7454229253  0.413144308  0.5231218244  
-0.6951163671  -0.5985935608  -0.3981193103  
-0.8578128162  0.5135038126  0.02170269102  
0.4232677912  -0.4958810072  -0.7582522032  
0.9359259398  0.2035580778  0.2874138901  
0.5783710512  0.7639351687  0.2861642625  
0.02110478202  0.2524153853  -0.9673887851  
0.05717307048  -0.6830318522  -0.7281474637  
0.4473410781  -0.2406357625  -0.8613828357  
0.2335923509  0.01272809927  0.9722513096  
0.5531317667  -0.6746564928  -0.4887574709  
0.0333508243  -0.8268021242  -0.5615033125  
-0.2284091182  -0.2833610149  0.9314160241  
0.8486725379  0.2141690887  0.4836181602  
0.9296885778  0.1276208899  -0.3455315569  
0.3814773791  -0.7997435485  -0.4635571873  
-0.4167768214  -0.08649101802  -0.9048847357  
0.975869136  -0.1655227487  0.1424136547  
-0.6086906222  -0.5355615742  -0.585379814  
-0.1097612016  0.9936472113  0.02485353415  
-0.5818216529  0.5219950735  0.623702419  
-0.07601190035  0.3123787036  0.9469116836  
0.429711954  0.2980808871  -0.8523470076  
0.1832069281  -0.2054430862  0.9613679628  
-0.1617667107  -0.8601671219  -0.4836776342  
0.2720404059  0.2322352663  0.9338419559  
-0.3726734417  0.8732786352  -0.3138453938  
-0.1966658016  -0.9349185447  0.2953809019  
0.7137588236  -0.3318430468  -0.6167888894  
0.3831371429  0.8374466351  0.3897294742  
0.3049076845  -0.9503234233  -0.06258350541  
-0.5787480687  -0.1555851258  0.8005272898  
-0.7160290694  -0.6780900076  -0.1658201235  
-0.5596604614  0.3539259824  0.7493440911  
-0.5277472347  -0.7080272859  -0.4692336504  
0.1960965736  -0.8831451016  -0.426146528  
-0.2618480778  -0.959599923  -0.1029736463  
0.4642693008  0.275022202  0.8419125874  
-0.4609810544  -0.4641178044  0.7563670611  
-0.09115235929  -0.9957305313  0.01455872376  
0.129045634  0.7358897087  0.6646905754  
-0.5345858117  0.5939082945  -0.6012411727  
-0.7815120786  0.5061824249  -0.3647166349  
-0.1590032678  0.7146992479  -0.6811188926  
0.7222113672  0.4219658163  -0.5480470701  
-0.3499248374  0.8969317937  0.2703071689  
-0.843807379  -0.2807223619  0.4573664425  
0.408634389  0.8823329077  -0.2334664348  
0.730076393  0.681803706  -0.04617539175  
-0.8345855375  0.4432782703  0.3270647576  
-0.5268124559  0.7920102337  0.308526216  
0.5397219374  -0.05320009138  0.8401606873  
-0.371474282  0.139703584  -0.9178724129  
0.1575393191  -0.9607972459  -0.2281447241  
0.09693713657  0.5647727366  0.8195333718  
0.9137544646  -0.376283748  -0.1531774116  
0.7283000153  0.235401191  0.6435568095  
0.6494587817  -0.7458689085  -0.1479285716  
-0.4169157253  0.4922237676  -0.7641315598  
0.5880643159  0.8057194803  0.07068577976  
-0.5706034342  -0.5484341142  0.6112542378  
0.6118231313  0.3428996106  -0.7128059434  
