1  0  0  
0.6982753206  0.6794109024  -0.2254160652  
-0.9774151815  -0.1257519681  -0.1698411182  
-0.3014580979  0.03254332516  -0.9529238937  
0.2604072823  0.1070019306  -0.9595512671  
0.9276630155  0.3357495518  0.1634428592  
0.776217171  -0.2419022049  0.5822114966  
-0.7331627802  -0.5508380099  0.3988105122  
-0.7188241859  -0.1923177265  -0.6680611362  
0.5611885151  -0.7102994203  0.4249025583  
-0.1107063267  0.9864203642  0.1213217798  
-0.92715874  0.322710788  -0.1903534034  
-0.1022087538  0.9645166962  -0.2434356453  
0.7556013797  -0.02157227739  0.6546764024  
-0.1324019656  -0.7009869197  0.7007760397  
-0.2931871268  0.5909951378  0.7515091854  
-0.7205903347  0.570410092  -0.3941851043  
0.9308080368  0.3112853969  -0.1915666996  
-0.8458241982  0.122063243  0.5193091473  
-0.8617506845  0.08595124462  -0.4999981412  
0.593117276  -0.6071287626  -0.5287783681  
-0.8432819054  0.3708173228  -0.3890631583  
0.5100180565  -0.8558999486  -0.08553864595  
-0.6098805616  0.7884891117  -0.07956520172  
-0.2059566385  0.7462866221  0.6329598255  
-0.4614807226  0.5084886739  -0.7269627303  
0.280848577  -0.6133653866  0.7381781488  
0.377806591  -0.414262073  -0.8280393195  
-0.9777864234  0.1237675727  0.1691605692  
0.8296322168  -0.5089039981  0.229623835  
-0.9079420161  -0.234573041  -0.3472992712  
-0.6465284541  0.173172808  -0.7429751924  
0.5103348647  -0.7471545145  -0.4258150506  
-0.2061673181  -0.8925273321  0.4011109552  
0.8446323279  0.3915083673  -0.3651265932  
-0.7942465788  -0.3235368786  -0.514291999  
0.3138435136  -0.2274151583  0.9218376184  
0.2514385594  -0.1023404156  -0.962447448  
0.7009806031  0.7027359297  0.1216075952  
-0.2243062796  -0.5031432713  0.8345858503  
0.8355212665  0.5296969449  0.1460320503  
-0.2813321067  -0.8429128457  -0.4586394884  
-0.1441337599  -0.3209094736  -0.9360782921  
-0.3994843263  -0.8242776645  0.4012213913  
-0.08494283721  0.6303996668  0.7716093406  
-0.1804276664  0.8830135837  -0.4332815115  
-0.4847840726  0.3028850673  -0.8205151059  
0.7275700719  -0.4291785749  0.5352079421  
-0.9151338852  -0.1851092571  0.3581403846  
0.4532232908  0.1081745908  0.8848089661  
-0.5036968442  -0.5165690446  0.6924203285  
-0.6178959915  -0.04442924781  -0.7850035577  
0.8380123651  0.429685369  0.3363119974  
-0.1165902057  0.1030309967  -0.987821511  
-0.8072790678  -0.2834090019  0.5176676968  
0.1393659021  -0.5035490666  0.8526520292  
0.4164847142  -0.6862032175  0.5963770846  
-0.8331311883  -0.5134569939  0.2055586014  
-0.4939647186  0.5211955811  0.6959554748  
0.4054321737  -0.6878909894  -0.6020222082  
0.6198659473  -0.3732347321  0.6902622996  
0.0509312131  0.3936139057  -0.9178638814  
0.2365133479  0.7911251166  -0.5640766669  
0.1317841239  -0.3087621309  0.9419654406  
0.5920749004  -0.1087070093  -0.7985174378  
0.824455374  -0.549642627  -0.1347824872  
-0.5364431552  -0.5711951576  -0.6212606806  
0.1660896452  -0.4654541059  -0.8693484371  
0.556482491  -0.3186995069  -0.7673055855  
0.5986695389  0.5921725872  -0.5393759451  
0.5040769564  -0.8234211404  0.2605456729  
-0.5861736087  0.5705625462  -0.5752033392  
0.2065996361  0.7514867705  0.6265654189  
0.3064032365  -0.914467642  0.2643217518  
0.9163671598  -0.1941910505  0.350087224  
0.3994820109  0.4083585842  -0.8207663429  
0.05262429761  -0.2587209367  -0.964517579  
-0.06494641459  -0.196103577  0.9784300436  
0.00703733938  -0.9521134281  -0.3056640245  
0.4301993617  0.7055252398  -0.56317195  
0.9745638471  -0.2235340607  0.01605713762  
0.08381481387  0.8738414752  0.4789323054  
0.6972329241  -0.7108530666  -0.09248874174  
-0.4267538832  -0.9028502744  0.05236893302  
-0.6244304779  -0.7791506412  0.05487127248  
-0.5791534797  -0.7178985738  0.3862678924  
0.24819489  0.4808100697  0.8409643117  
0.6875014395  0.4201259766  -0.5923140505  
0.1181995269  -0.8687613163  -0.4809185451  
0.1053221561  0.9866002135  0.1246084356  
0.3284672994  0.9344682505  0.1373984063  
0.0291897561  0.4712372648  0.8815233397  
0.9297415656  -0.3387122503  -0.1444113319  
-0.08955386647  0.690862983  -0.7174179003  
0.9349153846  -0.02499331517  -0.3539894884  
-0.4185377099  -0.8502141651  -0.3193149837  
0.7157474221  0.1969055455  -0.6700252488  
0.4871970385  -0.1017113289  0.8673487483  
0.5875645558  0.7593173411  0.2796516908  
0.6806367834  -0.691790331  0.2411632373  
-0.4247862494  0.206304666  0.881473214  
0.9384544707  0.02694094497  0.3443506815  
0.2147113576  -0.9740516674  0.07157081912  
-0.08167872874  0.01258358316  0.9965792687  
-0.1224430252  -0.6278212247  -0.7686665177  
-0.01412224579  -0.9129745188  0.4077721057  
0.08563460997  0.1066217539  0.9906051258  
0.716767438  -0.2188013918  -0.6620954545  
-0.0008375256011  -0.7680316088  -0.6404113885  
-0.2420688899  -0.3071441684  0.9203614031  
0.8471938353  0.1229061917  0.5168720088  
0.1133524671  0.9680411474  -0.2237131088  
0.7147328864  -0.6295627394  -0.3046434937  
0.4142640269  0.7299309237  0.5436783633  
-0.7786140306  0.6236536475  -0.06939970608  
-0.34011808  -0.6165297634  -0.7100779834  
-0.4159764313  0.9050517187  -0.08857197742  
-0.9128971493  0.2334413304  0.3348491302  
-0.5886933478  0.768875158  0.2495418476  
0.433534398  0.0005018358226  -0.9011368786  
-0.004808252335  -0.8162050587  0.5777423153  
-0.2030440467  -0.9330719584  -0.2969003798  
0.3678178451  0.3151650197  0.874860585  
0.04092742096  0.5730942672  -0.8184668027  
0.32131255  0.9193273084  -0.2271465279  
0.8090133856  -0.3186154859  -0.4939448492  
-0.2235556671  0.773615227  -0.5929100642  
-0.4072922809  0.8698648229  0.2782951449  
-0.2400164659  0.293784906  0.9252472778  
-0.7317601627  -0.6066553544  -0.3106386088  
-0.7347712786  0.01204791646  0.6782079444  
-0.5791657844  -0.6783907925  -0.4520541195  
-0.3180909656  0.8262029567  0.4649804425  
-0.2230715944  -0.9738302764  0.04351616526  
0.4609473954  0.4516731704  0.7638840526  
-0.4322045627  -0.2116705343  0.8765813145  
0.0008144570758  -0.9984431123  0.05577354438  
-0.2124892345  0.9300066494  0.299893243  
-0.3176425635  0.421825167  -0.8492153616  
-0.3793627265  0.8153547506  -0.437356322  
0.3247888544  0.6233615411  -0.711289385  
-0.5903613168  -0.1024754024  0.8006074615  
-0.7375456985  0.5029632854  0.4506154416  
0.9751059336  0.2214462337  -0.01140104591  
0.5188621566  0.8253723433  -0.2225815749  
-0.7841310072  -0.6192415146  0.04096962442  
-0.9787625158  -0.09454781809  0.1818918573  
-0.8488909953  0.4342956753  0.3012828315  
-0.5579158333  -0.2587016475  -0.7885451037  
-0.2669342958  -0.1616074577  -0.9500679509  
0.3163897249  -0.9427801121  -0.105181758  
-0.9789127979  0.0978953685  -0.1792937003  
-0.89487471  0.4453183242  -0.02984700103  
0.6450934922  0.3921139177  0.6558209069  
0.7042084864  0.5105912374  0.4933426759  
-0.6615061509  0.4180242295  0.6226277827  
0.51958082  0.8466324864  0.1151051884  
-0.5776403608  -0.321867326  0.7501553426  
0.846004067  0.08053385989  -0.527059215  
-0.9024156705  -0.430222658  0.02354617021  
