1  0  0  
0.556478164  0.8203284087  -0.1318838688  
0.571244147  -0.663890484  0.4826277549  
0.4582820911  0.06887810739  0.886133924  
-0.2621028418  -0.008952875653  0.9649984178  
0.7974891084  0.4120199443  0.4407387975  
0.6003564982  0.2081211327  0.7721772266  
-0.4693549106  -0.8235951274  0.3184290093  
-0.5492988101  -0.4007354832  -0.7332679522  
-0.6929717652  0.6472057957  -0.3176708841  
0.1412138858  -0.9888753236  -0.04673577591  
-0.9747231108  0.2171455206  -0.05256120473  
-0.306582787  0.8938996855  -0.3270326389  
0.7186272936  0.2999375851  0.6273852548  
0.379146671  -0.7859989206  0.4883170064  
0.4998615738  -0.4837404662  -0.7184243651  
-0.9032674393  0.4191294031  -0.09186118055  
0.8518528251  0.5234720871  0.01799273072  
0.6345047694  0.06237750704  -0.7703977831  
-0.656315958  -0.4900435727  -0.5736781852  
0.712213234  -0.5658971142  -0.4153465606  
-0.917492818  0.1253610085  -0.3774805247  
-0.6164850304  -0.008017002653  -0.7873258124  
-0.1311998245  -0.9527275972  0.2740378287  
0.1715987649  -0.6641405306  -0.7276477304  
-0.7214101728  0.3426715575  -0.601783654  
0.5790735013  -0.3208707612  0.7494770408  
-0.7042826952  -0.2345523517  0.6700530423  
-0.759086403  0.2624777461  0.5957291881  
-0.8424172772  0.3231738174  -0.4311517306  
-0.8443720564  -0.2218701557  -0.4876571176  
0.8587017655  0.02469079245  0.5118804964  
0.5763892413  -0.7310890796  -0.3650810872  
0.8113944797  0.5488876868  -0.2009012334  
0.6696465029  0.7008158917  -0.2458264571  
0.8545588574  -0.1220418402  -0.5048117951  
0.1827314731  -0.4489387653  0.874678909  
-0.7879681227  0.5997865067  -0.139148784  
0.9759758748  0.209690126  -0.05917045671  
0.09603852445  -0.6396695331  0.7626267044  
0.9089149012  0.2938233154  0.295874233  
-0.04717135608  -0.8889798102  -0.4555104393  
0.005074962352  -0.3565936938  -0.9342457826  
-0.6164198765  -0.7848587833  -0.0634289062  
-0.3021161789  0.5089329909  0.806047781  
0.8391389233  -0.5403414117  -0.06226576982  
-0.5089969987  0.1582529284  -0.8460957783  
0.8338311296  -0.4711195657  0.2877012376  
-0.7339958752  -0.6770005643  0.05403971796  
0.3516761593  -0.1651723978  -0.921434728  
0.1047455321  0.6795640771  -0.726099882  
-0.4239878937  -0.2797546517  -0.8613777341  
-0.9777397361  -0.1529781727  -0.1436060139  
-0.3487022943  -0.2092790779  0.9135693611  
-0.7262314759  -0.5593031274  0.3997097134  
0.4457885734  -0.4720333379  0.7605636566  
0.7272758334  -0.5056469946  0.4641023368  
-0.5775199305  -0.6977189825  0.4238619485  
0.374089751  -0.6418172662  -0.6694232256  
-0.4353925333  0.7461336388  0.5037042138  
0.3507200483  0.4638361065  0.8135425705  
-0.04386868478  0.1616589007  -0.9858711571  
0.03056495598  -0.7879396718  0.6149933797  
-0.2526859802  0.9430664198  0.2162764971  
0.3999430512  0.3926526447  -0.8281723591  
0.4786816525  0.8597834453  0.1778659685  
-0.1561772761  -0.7666372624  -0.6227968901  
0.2478940982  0.8492131416  0.4662462398  
-0.5411934353  0.135247376  0.8299504882  
-0.4112092664  -0.7483889338  0.5204045954  
0.6256132118  -0.7627224186  0.1638982043  
0.9287624606  -0.2796777472  0.243270733  
0.04789987277  -0.7924188276  -0.608093746  
-0.5123291541  0.7920003092  -0.3320457018  
-0.7479363498  -0.08638865113  -0.6581247736  
0.03799047878  0.52099  -0.8527169187  
-0.1447558919  0.1874140097  0.9715563395  
0.008218126493  -0.3502457463  0.9366217911  
0.1365431826  0.9497673698  0.2815988326  
-0.1811599859  -0.8055894279  0.5640981591  
0.9781146102  -0.1520465117  -0.1420340369  
0.06265490346  0.9945396448  0.08345812107  
0.448336582  -0.8699147989  -0.2055299295  
0.05477111659  -0.01355884801  -0.9984068722  
-0.4210997416  -0.9068805969  0.01557531609  
0.3401904789  0.9181736738  -0.203045667  
0.03895567575  0.6570008881  0.7528826524  
0.5810976185  0.5760788342  -0.5748554032  
0.0586687638  -0.965228285  -0.2547397377  
0.4315330286  -0.886613185  0.1664220703  
-0.4300852441  0.6450724674  -0.6315917943  
-0.4264895149  0.3328871238  0.841007049  
-0.9094875099  0.2713758541  0.3149406534  
-0.3776807967  0.3240077781  -0.8673962045  
-0.7946479965  -0.05901321591  0.6041953343  
-0.09028567072  0.5184231563  0.8503445941  
0.5833436129  0.4009546832  -0.706360794  
0.3419973556  -0.09574311883  0.9348107102  
-0.4571116178  -0.7924719651  -0.4037785944  
0.7114837036  -0.7025363483  -0.01528459398  
-0.5651012409  0.6093930393  0.5561481018  
0.8140409255  -0.1587188805  0.5586999988  
-0.1703811403  0.8614938765  -0.4783289327  
-0.1539961395  -0.1846436134  0.9706657123  
0.2238725188  -0.3549847119  -0.9076711683  
0.6922917201  -0.1484280294  0.7061878605  
0.07584085495  0.1793492114  0.9808578007  
0.8107598715  -0.378355204  -0.4466718823  
0.3504437733  -0.857927773  -0.3756981476  
0.1997836384  0.371974787  -0.90648842  
0.7187453499  0.5861997343  0.3738649401  
0.8443604618  0.4034075593  -0.3525872255  
-0.8458656449  0.4643445132  0.2624794923  
-0.6128185883  -0.7372570084  -0.2844388887  
-0.9791071157  0.06284437462  -0.1933903839  
-0.1313573843  -0.5051909651  -0.8529521243  
-0.2281699279  0.9629632488  -0.1436672036  
0.6704026682  -0.4458149582  -0.5931351326  
-0.6117556828  0.7711911383  0.1761227205  
0.4565944787  0.03644741013  -0.8889280445  
0.1681376385  -0.01020208706  0.9857107344  
-0.2705785963  -0.9566076243  -0.1081160323  
0.2152834233  0.3345997764  0.9174399366  
-0.2837085727  0.5762099967  -0.7664799316  
0.04394661768  0.8937048049  -0.4464979469  
0.7090499984  -0.1037951717  -0.6974773559  
0.9007636846  0.08735168877  -0.4254344449  
-0.3483607773  0.9369916276  0.02629560251  
-0.5335744771  -0.2304028721  0.8137645814  
-0.9319537336  -0.3512625971  -0.08987116506  
-0.6065269836  0.3007072012  0.7360028514  
-0.3277730883  -0.898328085  -0.2925259891  
-0.2457992285  0.7847667612  0.5689673714  
0.09374172398  -0.948420882  0.3028371176  
0.2598725483  0.6265668017  0.7347654739  
-0.2454626959  -0.5396889651  0.8052849719  
0.01196220665  -0.9927811432  0.1193419762  
-0.1527262864  0.8935385765  0.4222126167  
-0.2123299368  0.2542786033  -0.9435350496  
-0.5948030229  0.5072926471  -0.6235892351  
0.2356150299  -0.7367993385  0.6337288793  
-0.4406073438  -0.5546155736  0.7058801131  
-0.7408529497  0.632339056  0.2264602065  
-0.8283166709  -0.2552017215  0.4987620415  
0.1959583011  0.9774784298  -0.0783343061  
-0.8444486292  -0.4805186913  -0.2366607276  
-0.9398950687  0.08087978698  0.3317464693  
0.9299144718  -0.3512771307  -0.1089194775  
-0.4692595025  -0.5736573005  -0.6713514884  
-0.2856340415  -0.1454551923  -0.9472359692  
-0.5353748445  0.8446108807  0.002497229776  
0.93799082  0.09046121715  0.3346490548  
-0.9780914413  -0.06193364599  0.1987494803  
0.5670161747  0.655097512  0.4993394711  
0.3694189775  0.7244734888  0.5819517017  
0.2780731528  0.8724959092  -0.4017788075  
0.7479504532  0.6442292119  0.1598087668  
0.3020275095  0.683109036  -0.6649371612  
0.7220667943  0.4192085868  -0.5503487124  
-0.9123368105  -0.3869943518  0.1337045848  
-0.9290287585  -0.2379060307  0.2833836381  
