1  0  0  
0.5588390005  0.7568184593  -0.3390055918  
0.7170878998  -0.6455478372  -0.2627792492  
-0.4250428393  0.2357165268  -0.8739429637  
-0.3876718162  0.02002432021  0.921579942  
0.9363951451  0.255086972  0.2410285645  
-0.5887335816  0.1059042903  -0.8013595019  
-0.380962926  -0.8013686585  0.4611675642  
-0.7920806718  -0.189972943  -0.5801021377  
0.5867694379  -0.7945131364  0.1563665659  
-0.03564918332  -0.9950772313  0.09246858616  
-0.803603297  0.587990472  0.09213547532  
-0.03170901398  -0.9589103107  0.2819318258  
0.8377782507  -0.009898269752  0.5459208981  
-0.1360659312  0.9183495747  -0.3716451547  
0.2068631324  -0.5412752791  -0.8150022802  
-0.7363943386  0.664867633  -0.1251974785  
0.9280947122  0.3539562279  -0.1155646737  
0.796401801  -0.1827893565  -0.5764826298  
-0.9305634281  0.07904975846  -0.3574952335  
0.4316182939  -0.5298427931  -0.7300494935  
0.8547660627  -0.5120347376  0.08482573663  
-0.1406497015  0.989949308  -0.01476580518  
-0.1851715073  0.03067216315  0.9822274336  
0.01236824528  0.6377021389  0.7701837499  
-0.5087952367  0.7858303415  -0.3515651881  
-0.7121581142  0.358570685  -0.6035378068  
-0.9390954444  -0.06273774253  0.3378812246  
-0.7321032717  0.5176347993  0.4428081007  
0.9096052041  -0.284298724  0.3029729495  
-0.9774930917  -0.2067286797  -0.04207741264  
0.7299486005  -0.1613728883  0.6641790659  
-0.2449541815  0.8997407397  0.3611980763  
0.9078493286  -0.1385279563  -0.3957519448  
0.8272241105  0.4732931724  -0.3028099138  
0.977646832  0.1436131085  -0.1535641459  
0.2421263005  -0.5272901768  0.8144568276  
-0.01327693419  -0.9921657756  -0.1242207577  
0.911665205  0.4042684127  0.07371298763  
-0.1627229032  -0.6649899858  0.7289098542  
0.6947425091  0.7189426639  -0.02131413111  
0.6165002284  0.6875445819  0.3836794447  
-0.2774003759  -0.3296765803  -0.9024202922  
-0.4544774893  -0.7484987309  -0.4829077154  
-0.1583148376  0.3445597758  0.9253188494  
0.3995390634  -0.6122800769  0.6822621521  
-0.8111991371  0.3951976521  -0.4310159808  
0.6724712814  -0.6667928327  0.3212003953  
-0.7854375202  -0.3840269391  0.4853979933  
0.1721561014  -0.8225321105  0.5420361648  
0.3557400767  0.6807925165  -0.6402894246  
-0.7085940028  -0.04393408433  -0.7042473538  
-0.809915558  -0.5817327472  -0.07499199845  
0.2704862129  0.16373124  -0.9486987349  
0.863171805  0.2023500951  -0.4625893146  
-0.3645321374  0.7604737311  -0.5373974554  
0.5387295728  -0.6655191691  0.5165797933  
-0.6972886117  -0.5995918549  0.3927826366  
0.02840211608  -0.4796150782  -0.8770192111  
0.2807769324  -0.7984772563  -0.5325395623  
0.6898166189  -0.5424012114  0.4795351479  
-0.07467706721  0.4334998493  -0.8980541277  
-0.004610307009  0.758828793  -0.6512738348  
0.2212778946  0.9581280203  -0.1817327434  
0.452662295  0.1724410824  -0.874849084  
-0.8483864674  -0.009605453417  0.5292902202  
0.546430298  0.4510406212  0.7056743494  
0.4141939149  0.6340203711  0.6530402514  
-0.6545592216  0.1969751422  0.729899321  
-0.5279126765  -0.6699343102  0.5220117106  
-0.4096228568  0.8943310204  -0.1799476066  
-0.8139777492  0.5112288357  -0.2758356418  
-0.3646499575  -0.4911379327  -0.7910840282  
0.3278681143  -0.8704005984  0.3672945657  
-0.4917893292  -0.8242938672  -0.2805046813  
0.1273580099  0.50602628  -0.8530635036  
0.05052990699  -0.1739755521  -0.9834527115  
0.1007869205  0.328450561  -0.9391284394  
-0.3544079435  -0.921228103  -0.1604175547  
0.1990141687  0.7968913629  -0.5704011889  
-0.9769027405  0.2095355329  0.04190341303  
0.2723333016  0.7804425246  0.5628001764  
0.3332499195  -0.9428366556  -0.001879376699  
-0.7573506541  -0.1931726669  0.6237822597  
-0.3823392246  -0.922033007  0.06059580282  
0.5572851872  0.8178996065  -0.1430854773  
0.2892348742  -0.2002119789  -0.936086722  
0.6530102865  0.5109715805  -0.5590041231  
-0.0820855092  0.8610892915  0.5017840184  
0.3162018413  0.871840325  0.374046579  
-0.397776596  -0.8774663262  0.2680048994  
0.3943128923  -0.8967198585  -0.2010244721  
0.8394279884  -0.4709763634  -0.2711861305  
0.2612250069  -0.3323192584  0.9062700515  
0.7100181902  -0.3678027078  -0.6004959099  
-0.9774676374  0.1393767512  -0.1585280389  
0.6475131402  0.3536547132  -0.675022279  
0.5825160951  -0.30719875  0.7525316783  
-0.7412950371  -0.5086000607  -0.4379584983  
-0.6723843224  0.7381219114  0.05545599056  
-0.2952726421  0.6617930423  0.6890892801  
0.9772135657  0.06039431066  0.2034850714  
-0.5132184985  0.8578608681  0.02610562687  
-0.07713137066  -0.1393318463  0.9872372502  
0.1698725566  0.5005297797  0.848889424  
-0.9073280325  -0.1231946729  -0.4019687973  
-0.05950828532  0.005654124599  -0.9982117986  
0.5997204144  -0.6796698835  -0.4223556251  
-0.07744599113  -0.7789014374  -0.6223461009  
-0.2988121406  -0.3547217717  0.8859366621  
0.8432661637  0.3198181123  0.4319936946  
0.9777066759  -0.07528235201  -0.1960158751  
-0.4572378705  0.6861812447  0.5657639342  
0.421821371  -0.04250442514  0.9056821213  
-0.9330175953  0.3394970867  -0.1192472013  
-0.4703614449  -0.3035011731  -0.8286417496  
-0.1972614757  0.9641942579  0.1772493813  
-0.5948858356  0.5376448026  0.5975356967  
-0.8589454727  -0.4382836641  -0.2648020103  
0.5652483783  -0.0244687268  -0.8245577919  
0.1011359609  -0.232564747  0.9673082011  
-0.1211864454  -0.8862340797  -0.4471051346  
0.3653720236  0.1428519296  0.9198350997  
-0.2103492527  0.6913729088  -0.6911994595  
-0.03280247044  -0.8752666865  0.4825269168  
0.5539114012  -0.3739773645  -0.7438569019  
-0.3528470191  0.3879106992  0.8514835704  
0.1689150327  0.9530316626  0.2513928436  
0.7232176236  -0.005486516776  -0.6905984123  
0.7534818483  0.6034462279  0.2609937822  
-0.4778247853  0.2132425797  0.8521801903  
-0.5894416187  -0.5830973401  -0.5590671427  
0.1197070411  -0.7358149014  -0.6665183083  
0.2024051883  0.9787009929  0.03430023571  
0.644271372  0.2508526207  0.7224869285  
0.3215552439  0.529207185  -0.7852018724  
0.204717838  -0.9593801382  0.194114289  
-0.2205257219  -0.6542475876  -0.7234144732  
-0.4229228822  0.4341211567  -0.7954087358  
-0.5689419156  0.5004950553  -0.6525410304  
0.04329215983  -0.6104922105  0.7908381944  
-0.4829833696  -0.3593617693  0.7984899395  
-0.4372767876  0.8105748304  0.3895605928  
-0.910483937  -0.2876568492  0.2971069463  
0.2144690813  0.8994576652  -0.3807609772  
0.5248243937  0.8490532054  0.06056409911  
-0.837186759  0.3344959592  0.4327017261  
0.570371245  -0.7887387911  -0.2292766066  
-0.5513855479  -0.1032181349  -0.8278405609  
-0.2461417328  0.09159677987  -0.964895993  
0.03774016578  -0.9468013939  -0.319597873  
0.1807976502  0.1392940382  0.9736063787  
0.9110483705  -0.4030733183  -0.08673388451  
0.7079059201  0.3879020654  0.5902551957  
0.8425997516  -0.2069233929  0.497200531  
0.07764616468  0.3200652035  0.9442083131  
-0.6480357646  -0.741772722  -0.1726930129  
-0.497927691  -0.5297153322  0.6866364987  
-0.6170580744  -0.1694452745  0.7684579571  
-0.834992235  -0.5382666843  0.1142669857  
-0.92892141  0.2763136978  0.2464868239  
-0.7112789868  -0.6703543131  0.2114410033  
