1  0  0  
-0.7349216015  -0.634565994  0.2391991616  
-0.5436162945  -0.7758878854  -0.3201239035  
-0.411489396  0.3063379955  -0.8583900684  
-0.4029881176  0.06418491943  0.9129517365  
-0.9229835441  -0.145483444  -0.3562807108  
-0.586419658  0.2746105091  -0.7620374354  
0.6182200153  0.6815278372  -0.3915658562  
-0.668549556  0.07002689249  -0.7403632388  
0.57920924  -0.7869498622  0.2126653959  
0.1556012323  0.9236109858  0.3503298495  
0.9107610904  -0.406560183  -0.07227069866  
0.04595796513  0.9466369745  -0.3190083132  
-0.8095938598  0.03357475271  -0.5860294516  
0.1681954042  -0.9435786208  0.2852537335  
0.2849204577  -0.4127490944  -0.8651349709  
0.8016704579  -0.5888141884  -0.103064681  
0.9285915601  0.3555489109  -0.1063140935  
-0.7206290019  0.1443527475  0.6781269246  
-0.9114210625  0.2706706143  -0.3099178366  
0.4135642681  -0.7724150982  -0.4820160912  
-0.6245217774  -0.2486072773  0.7403829896  
-0.4183424378  0.9048740962  -0.07869227973  
0.0957811438  0.5595598613  0.8232367424  
0.0867997317  -0.6655617113  -0.7412782305  
-0.7014209346  0.5577697953  -0.4437358764  
0.5521911813  -0.6011653975  0.5776547967  
-0.8315040764  -0.01480834303  0.5553212439  
0.7372673859  -0.3445305691  -0.581150143  
-0.6142086065  -0.4762088742  -0.6292637729  
0.9802643362  0.07391910731  0.1833515661  
0.7360522387  -0.236442218  0.6342887193  
0.2242122875  -0.859914734  -0.4585580665  
-0.9244831  0.09378061599  0.369508043  
0.832094965  0.548912998  -0.07945117894  
0.9767575639  0.1299942512  -0.1704293288  
0.1776384252  -0.6397141298  0.7478037323  
-0.1154517964  -0.9930210572  -0.02408448886  
-0.9767195317  -0.2130509244  -0.02506511379  
-0.1779564094  -0.7361264959  0.6530308556  
0.7820030725  0.6131085578  0.1121119571  
0.6017423571  0.635868204  0.483298834  
-0.9318667601  0.3409561806  -0.1239888071  
-0.2860528953  0.8606085729  -0.4213390859  
-0.09712695056  0.4987081697  0.8613109293  
0.8351703044  -0.1779552047  -0.5204060989  
-0.6580845696  0.4280893474  -0.6194063367  
-0.7250485372  0.6857540169  -0.06360854509  
0.8440643489  0.4622346845  -0.2718353756  
0.0891915654  -0.8779282446  0.4704113753  
-0.3995565019  -0.6129290952  0.681668927  
0.8563513114  -0.1894512886  0.480385929  
0.9328923381  0.2906872412  0.2126330486  
-0.276922377  0.5871665689  0.7606243603  
-0.830695072  -0.3251624961  0.4519015916  
0.4230825803  -0.7512709452  0.5065501921  
0.7262555308  -0.6371726324  0.2579998847  
-0.7378384638  -0.5160343909  0.4350895411  
0.8455729102  -0.5252998399  0.09521833763  
-0.2530278797  0.7397934651  0.6234440802  
0.5802003663  -0.814239571  0.01953089618  
-0.09551351505  0.4861304408  -0.8686508867  
0.110825991  0.8605435095  -0.4971744844  
0.4443316864  0.8788766334  0.173623776  
0.325325901  0.1169018532  -0.9383480244  
-0.4741933183  -0.7041908771  0.5284466912  
0.5973660375  0.2970410666  0.7449298101  
-0.2851409537  -0.5935467541  -0.7525934408  
0.5752733947  -0.110529087  -0.8104590319  
0.5943125245  0.5570207889  -0.580103839  
-0.4070934672  0.8704518945  -0.2767461082  
-0.8369493838  0.4645480102  -0.2893283171  
-0.4544733218  -0.4501957132  -0.7686207255  
0.2379196396  -0.9651544399  0.1089548175  
-0.1879021753  0.05530139573  0.980629659  
0.02439986153  0.6298555292  -0.7763289632  
-0.03606546348  -0.1860007007  -0.9818874791  
0.1189292041  0.4647689655  -0.877408487  
-0.2499908308  -0.9514569325  -0.1795391045  
0.3063507456  0.795935536  -0.5221454235  
-0.9795274645  0.06460775373  0.1906614392  
-0.002530479668  -0.0003155380753  0.9999967485  
0.3028629043  -0.9480887635  -0.09696266183  
0.3412135378  0.8660256682  0.3654762149  
-0.523977855  -0.8515410184  0.01803056972  
-0.4484809148  -0.8179244402  0.3603671451  
-0.7046332263  -0.6419965234  -0.3022126409  
0.6978096902  0.3854030517  -0.6037599887  
-0.1462174014  -0.83986979  -0.5227228782  
0.1245020706  0.154745642  -0.9800780687  
-0.1091791435  0.3073890609  0.9452998889  
-0.9780647821  0.2065690426  0.02680508608  
0.7404012396  -0.4984202724  -0.4509803061  
-0.3751903263  0.6316937777  -0.6783768792  
-0.6055999081  0.3154650215  0.7305686631  
0.8507618899  0.3298931038  0.4091145889  
0.5272976554  0.4355178803  -0.7295761499  
0.4925699618  -0.4641153457  0.7361873258  
0.7401043246  0.4924856359  0.4579339333  
-0.6605592069  0.7365182684  0.1456103512  
-0.4551036414  0.4667978282  0.7582746621  
0.9760319355  -0.1320138806  0.1730144391  
-0.9285935359  0.04837620462  -0.3679317707  
-0.005715191054  -0.3177905867  0.948143702  
-0.08255596063  -0.3816422419  -0.920615942  
-0.1918665081  -0.9677423758  0.1632848346  
-0.1146563365  0.1606465192  -0.9803298528  
0.4398224015  -0.6359979397  -0.6340842813  
-0.105374347  -0.7146651068  -0.6914839349  
-0.2403697623  -0.3076945605  0.9206228516  
0.8373094704  0.1470814671  0.5265737298  
0.9126463514  0.1076737057  -0.3943133403  
-0.5893002787  0.6503463055  0.4793483748  
0.5034166042  -0.1054249457  0.8575880733  
-0.02290612183  0.990810608  -0.1333028458  
-0.4283763246  -0.2651214743  -0.863831192  
-0.1739820676  0.9498856063  0.2597067097  
-0.6041091821  0.5013773985  0.6194132711  
-0.1990773328  -0.03553789338  -0.9793392026  
0.5273692344  0.08942661458  -0.844916902  
0.2150780671  -0.3271628659  0.9201662264  
-0.4377555016  -0.7546458475  -0.4887532768  
0.3881910151  0.06667769222  0.9191636531  
-0.2315334138  0.7674122701  -0.597888523  
-0.2546496681  -0.9027307126  0.3467431429  
0.4506908638  -0.2740027177  -0.8495882862  
0.239567853  0.2330611283  0.9424912489  
0.03556247172  -0.9110534064  -0.4107517515  
-0.6928041663  -0.05378756136  0.7191170179  
-0.835038164  -0.4805494698  -0.2679243767  
0.2777565622  -0.2188324776  -0.9353949107  
0.4602190586  0.6129673156  0.642237875  
-0.0555229808  0.8068405434  0.5881543472  
0.3304833527  0.9438105304  -0.00156088919  
0.7125576197  0.1304453685  0.6893806238  
0.2265674318  0.5946211913  -0.7714226064  
-0.1059910537  0.9929045303  0.05391187481  
0.2890619592  0.7406523638  0.6065288614  
0.3040252042  -0.4875848945  0.8184312102  
-0.5732148449  0.7193043231  -0.3924615042  
0.02910322623  -0.7696806654  0.6377653765  
-0.4449382035  -0.2726528054  0.8530477377  
-0.3613200184  0.8806577545  0.3064143661  
-0.9183040198  -0.2721041006  0.2875362335  
0.3970161048  0.8991977924  -0.1839063419  
-0.6962497258  -0.7160550139  0.05001536181  
-0.8580121382  0.326324017  0.3966456942  
0.5476815542  -0.7732005796  -0.3196963854  
-0.561550118  -0.0990625776  -0.8214913698  
0.3178922956  -0.1364210455  0.938261044  
-0.02528293295  -0.9778977361  -0.2075494905  
0.7953261182  -0.3804650408  0.4719138887  
-0.8440666517  0.46916912  0.2596763837  
-0.7408878026  -0.3200022229  -0.5904945735  
0.2744902781  0.4222367379  0.8639277889  
-0.4802013482  0.8652461985  0.144068321  
0.6307525015  0.7636188464  0.1379765895  
-0.3487561726  -0.4493110823  0.8224893211  
0.7814727011  0.1969938536  -0.5920252014  
-0.8983336814  -0.4324804299  -0.07718338286  
0.9376541857  -0.2652400118  -0.2246160372  
0.713323497  -0.6311038399  -0.3047581531  
0.5825786796  0.7859897162  -0.2069353719  
