1  0  0  
0.658422285  0.7279214726  -0.1913385074  
-0.2867605933  0.7102217842  -0.6429256406  
-0.3911837546  0.2618731319  -0.8822685152  
-0.3576295519  -0.01021520614  0.9338076639  
0.9172978771  0.2533531186  0.307208076  
0.5619834522  -0.1981317613  0.8030681195  
-0.5569251807  -0.7421701884  0.3728508475  
-0.7454013176  -0.0827805343  -0.6614561655  
-0.5626300864  0.8143605025  -0.1423529342  
0.1999573807  -0.9798036693  -0.001347449647  
-0.89665558  0.4381034994  0.0638286361  
-0.07748002031  0.9781286742  -0.1930314566  
-0.8478062044  0.03779059785  -0.5289579477  
0.2146264117  -0.9055385277  0.3659719638  
0.3311294315  -0.4054989279  -0.8520116895  
-0.8040171519  0.5898728662  -0.07487603935  
0.9142361234  0.3884389919  -0.1152712467  
0.7562613165  -0.2518934834  -0.6038364797  
0.9143602626  -0.1507070609  0.3758093826  
0.3788545014  -0.7999257873  -0.4653901605  
0.8916944188  -0.4300053277  0.1413381817  
-0.1906881832  -0.1495064994  0.9701988577  
-0.2369626034  0.5725717287  0.7848632621  
0.06557821479  -0.9242382407  -0.3761424892  
-0.548964458  0.7515622926  -0.3657760847  
-0.5875458255  0.5162375701  -0.6231281362  
0.8042041613  0.1056678213  -0.5848845856  
0.7639113558  -0.4274674599  -0.4834366672  
0.8616960173  -0.3585451955  0.3590617169  
-0.978706201  -0.138317535  -0.1516655258  
0.7261652742  -0.1302987979  0.6750601587  
-0.1310003713  0.9733951474  0.1879914621  
0.9355699837  -0.1072362392  -0.3364657405  
-0.9089611925  -0.08376914044  0.4083776213  
-0.9780700267  -0.2000934582  0.05780684091  
0.1908966454  -0.5808662913  0.7912981881  
0.1521756617  -0.8288267105  0.5384132724  
0.9386531033  0.3312292516  0.09600799186  
-0.112675248  -0.6894359858  0.7155293914  
0.7699707101  0.611246384  0.183092773  
-0.4803390447  -0.5776770764  -0.6599724218  
0.1814726402  -0.05325872681  -0.9819527427  
-0.8469621051  0.08998144484  0.5239833319  
-0.1843238133  0.8316468801  0.5238207696  
-0.3720711497  -0.8420866428  0.3904524884  
-0.6671604938  0.3281854936  -0.6687235283  
0.6908646366  -0.68715272  0.2247825467  
-0.8458338514  -0.4342438077  0.3098344901  
-0.4468844847  -0.8781763914  -0.1705886365  
0.2983012169  0.6392043057  -0.7088259585  
-0.6102509822  0.01114327416  -0.792129766  
-0.8622168438  -0.4409911744  -0.2492165691  
0.003710535925  0.001501736279  0.9999919883  
0.8465045604  0.2745138587  -0.4561492855  
-0.360294126  0.8051075086  -0.4711581924  
0.6600068827  -0.6094563421  0.4392651612  
-0.7204176083  -0.6024555407  0.343577926  
0.2953062084  -0.7027489725  -0.6472542969  
-0.2661680802  0.904151852  0.3341616102  
-0.2719248121  0.2303206565  0.9343496625  
0.09622801862  -0.4004231793  0.9112636534  
0.05025543711  0.8271779998  -0.5596882594  
-0.4018920466  -0.7436562314  -0.5342828768  
0.445996564  0.1722826262  -0.8782970805  
-0.140646873  0.4130339434  0.8997896525  
0.5570591905  0.3998125075  0.7278976694  
0.2944044498  0.6575065998  0.6935496313  
-0.6252619553  0.1968935867  0.755169122  
0.431664275  0.7192350479  -0.5443959034  
0.4090453614  -0.9111081713  0.05063390583  
-0.7922254431  0.5335347604  -0.2961747909  
-0.3635645304  -0.4809770954  -0.7977981361  
0.4174480356  -0.8649331206  0.278617721  
-0.9369929399  -0.05084511641  -0.3456284201  
-0.2028909785  -0.5079574629  0.837146622  
0.07255416428  -0.2271617286  -0.9711505765  
0.1026134674  0.3574035356  -0.9282958521  
0.2625964097  0.9468550929  0.1857647938  
-0.2442749465  -0.788246962  0.5647977315  
-0.9818188206  0.1283195125  0.1398781836  
-0.5625234968  -0.8262774871  0.02885879177  
-0.2682167009  0.9461915831  -0.1810560392  
-0.3180209312  -0.8721732363  -0.3717210421  
0.3847208387  0.9228679793  -0.01745190696  
0.4837603655  0.8493696145  -0.2110619976  
0.7426583965  -0.4412126971  0.5037756068  
0.6070397337  0.6043331148  -0.5160273714  
-0.1002388764  -0.7023836191  -0.7047052003  
-0.2984104873  -0.3020788042  0.9053726178  
0.1717270448  0.5380742539  0.82521871  
0.7477680556  0.5335331658  0.3952028542  
0.7225562221  -0.5958459743  -0.3505425521  
-0.2932841166  0.4285304654  -0.854602871  
0.6310729783  -0.4072014881  -0.6602528638  
0.1138426086  0.1784226506  0.9773460074  
0.7462831003  0.4505715063  -0.4899457642  
0.4980704114  -0.3981217448  0.7703407957  
0.5772198198  0.6452911168  0.5004164806  
0.6852104443  -0.7283449952  0.0004637153925  
-0.446805891  0.5300811297  0.7206791878  
0.9812863817  -0.06983278371  0.179444753  
0.301728378  0.9305348426  -0.2075208244  
-0.01157508437  0.1975372746  -0.9802270362  
0.02946256697  -0.570987113  -0.8204301761  
0.4760281537  0.0977178532  0.8739842207  
-0.1976681181  0.03817187853  -0.979525509  
0.4728241686  -0.6622676356  -0.581239094  
-0.05563039499  -0.3900635992  -0.9191058958  
0.3912340988  0.4443087616  -0.8059315134  
0.8518881505  0.164746238  0.4971370597  
0.9755335191  0.06243714824  -0.2107983768  
-0.5672907754  0.7178022869  0.4036595756  
0.000528191401  0.9999998565  -8.96210944e-05  
-0.9444654083  0.2563289509  -0.2056223759  
-0.4318406467  -0.2941229324  -0.852646091  
-0.3406696799  0.9291493535  0.1436163225  
-0.6285033443  0.5608718249  0.538893628  
-0.8104943949  0.2481547884  -0.5305827333  
0.553226601  -0.006862235919  -0.8330025436  
0.2073037834  -0.2343580496  0.9497902116  
0.2138243999  0.8060540835  0.5518658718  
-0.2995381938  -0.1367909486  -0.9442272538  
-0.08064235671  0.7151501781  -0.6943032717  
0.0143410752  -0.9228890817  0.3847987479  
-0.5014865767  0.344230514  0.7937358292  
-0.5356625822  0.8403887934  0.08253650132  
0.1302796675  0.9150107975  0.3818146785  
0.7224369574  -0.04242939163  -0.6901337474  
-0.6513363756  -0.6868066452  -0.3225795374  
0.4462034851  -0.1690627932  -0.8788175134  
-0.6652049524  -0.4766188762  -0.5747493525  
-0.09939384816  0.7179894732  0.6889208803  
-0.195937456  -0.9805906801  0.007101513502  
0.7269273939  0.2889403408  0.622968734  
-0.4736161015  -0.5665979755  0.6742807446  
-0.113652418  -0.9727840253  0.2019266403  
-0.01701203236  -0.8335472405  -0.5521861901  
0.3977523186  -0.5651872936  0.7227422889  
0.4854069711  -0.6738569413  0.5570429921  
0.008237606761  0.5535327751  -0.8327866526  
0.5386203077  0.3138462941  -0.7819134657  
0.4669554112  -0.8397298632  -0.2771396775  
-0.9304996373  -0.2497594217  0.2679377842  
0.1821328497  0.9011051956  -0.3934933946  
-0.7283015299  -0.6852427415  0.004389407705  
-0.8668942289  0.2765144389  0.4147700098  
-0.649300037  0.730717573  0.2108584608  
-0.610632353  -0.2051354  -0.7648840416  
0.393884542  -0.07332903046  0.9162302226  
-0.06892001824  -0.9786105655  -0.1938334134  
0.2440395449  0.3411523046  0.9077773987  
-0.8433431049  0.4565078202  0.2835013536  
-0.8163798201  -0.3591949854  -0.4522200259  
-0.6457374283  -0.1444434276  0.7497728122  
0.9679055026  -0.2510418184  0.01170228729  
0.6173263954  0.7721491991  0.1506444017  
-0.6160947688  -0.4408755661  0.6527296309  
-0.7250353234  -0.2824449622  0.6281310557  
-0.8583946943  -0.5117539243  -0.03558749312  
0.9303433418  -0.2992497011  -0.211921879  
0.493288938  0.7955023986  0.3519118603  
0.8060751225  0.5704455284  -0.1575905958  
0.7897454397  -0.5978119466  -0.1375609575  
