1  0  0  
0.5453094036  0.8016074307  -0.2450779088  
0.7851240373  -0.07170649008  -0.615173492  
0.5588609151  -0.1313754269  0.8187887241  
-0.3672768124  -0.02160349191  0.9298607596  
0.9375178081  0.1738626956  0.3013836801  
-0.7086124642  0.1471609679  -0.6900811728  
-0.4792552321  -0.7507457106  0.4546375485  
-0.743468262  -0.2316374431  -0.6273747193  
0.6966747879  -0.6762046296  0.2395653123  
0.01714689159  0.9563792845  0.2916241559  
0.9302460806  -0.3667590759  0.01140218633  
-0.003196233114  0.9588605902  -0.283859389  
0.8572654324  0.1628832205  0.4884311977  
0.3388643917  -0.8487836349  0.405878387  
0.3243575105  -0.426899427  -0.8441262255  
-0.8432275749  0.5306720551  0.08575795547  
-0.9087410323  -0.3682425748  0.1964361022  
0.651468269  -0.1973033953  -0.7325711328  
-0.9137419412  0.01094331986  -0.4061476438  
0.4800116499  -0.7437584203  -0.465201277  
-0.9061325455  0.3632345652  -0.216758992  
0.4347689712  -0.9001459087  0.02670738944  
0.02984770108  -0.653887744  -0.7560026012  
0.1536116515  -0.7549466947  -0.6375413309  
0.7137001235  -0.4869076732  0.5035405163  
0.4521271789  -0.4605621215  0.7638478555  
-0.7654213468  -0.1181827772  0.6325843763  
-0.8645656445  0.1715684128  0.4723245982  
-0.4602504887  -0.7236462385  -0.5143010881  
-0.9773238732  -0.1845811619  -0.1037682106  
0.6691484232  0.05360653588  0.7411927732  
0.3756661812  -0.8636309218  -0.3361793438  
0.9121431861  0.003089697778  -0.4098600515  
0.7972337626  0.5254167173  -0.2972467006  
0.9772172422  0.1886695322  -0.09721249479  
-0.2756742793  0.4540579972  -0.8472514544  
-0.1925609016  -0.93120908  0.309467201  
0.9301659404  0.3670094204  0.009767738206  
-0.1549950066  -0.7623238508  0.6283620728  
0.8422047376  0.5251138478  0.1222563979  
-0.2656775872  -0.7748788318  -0.5735662261  
-0.5053195047  -0.06554128816  -0.8604397351  
0.2730973534  0.8302389597  -0.4859229418  
-0.1144410465  0.4946743027  0.861510639  
-0.1867783993  0.3154622693  0.9303748633  
-0.7307301594  0.3258519869  -0.5998782516  
0.8396670754  -0.5291147115  0.1224615227  
-0.7127519903  -0.5038121098  0.4880143014  
0.08877840365  0.9921289007  0.08830990609  
-0.2365595733  -0.610911843  0.7555304682  
-0.8007133206  -0.01207262009  -0.5989260639  
-0.908364698  -0.3574182918  -0.2170846381  
0.6109942282  0.7888592731  -0.06623518932  
-0.8461966495  -0.3579958466  0.3947026783  
-0.5675648725  0.5384427474  -0.6228559411  
-0.7914463773  0.5214566244  -0.318897508  
0.6456939099  0.6638926721  -0.377261043  
0.2450787571  -0.6057427468  -0.7569756452  
-0.3671572676  0.6907756093  0.622916205  
0.1365289812  -0.8870481465  0.4410276898  
-0.06987718724  0.3747090213  -0.9245054505  
0.1863603024  -0.6670320348  0.7213446487  
0.8603002488  0.1728331878  -0.4795958414  
0.3350588391  0.2330101556  -0.9129303597  
-0.09881043984  -0.5223572797  -0.8469825083  
0.4724592053  0.4464818596  0.759892261  
0.3779888789  0.6261205682  0.6819805287  
0.359295926  -0.2122610125  -0.9087638308  
0.5532273658  0.6059898891  -0.5715905318  
0.5221378338  -0.7828959166  0.3382987825  
0.8420767378  -0.3455450197  0.4141321131  
-0.2925227234  -0.4923043825  -0.8197968354  
-0.3922279259  0.8938320916  -0.2173049614  
0.93098874  -0.1857819153  0.3142372448  
0.03107360096  0.6636397343  -0.7474066727  
0.04481803625  -0.1902296371  -0.9807160796  
0.09850732279  0.4978530978  -0.8616487685  
-0.2166772922  -0.9424260523  -0.25472355  
-0.05800916072  0.791496261  -0.6084148306  
-0.9784075906  0.1856442236  0.09085597927  
0.5132837287  -0.0993708136  -0.852446629  
0.2451588494  -0.9677856228  0.0573421903  
0.3435842862  0.8515017691  0.396099199  
-0.4617602452  -0.8870040108  0.001166516567  
-0.3826629736  -0.8649532909  0.3246919358  
-0.5357897168  -0.7757478313  -0.3333836854  
0.6038577887  0.4347800551  -0.6680734051  
0.06520558707  -0.8757721581  -0.4783004898  
0.2800083094  0.9585234799  0.05317974393  
0.6117460178  -0.7888629891  -0.05883871277  
-0.1463106416  -0.1518373068  -0.9775165617  
-0.8023020665  0.5191373323  0.2946316756  
-0.3709279666  0.6194113484  -0.6919118622  
-0.7545747298  0.2905225695  0.588399196  
0.8398969411  -0.1697135506  0.5155292806  
-0.6370299292  -0.2370877808  0.7334727354  
0.593434925  -0.3290562327  0.7345454278  
0.6458519256  0.6311123034  0.4296190764  
-0.737640531  0.674139886  -0.03770757374  
-0.4461471025  0.5244985087  0.7251579672  
-0.9787652074  0.005103127438  -0.2049210258  
-0.008402555573  -0.0022331381  0.9999622044  
-0.03114906977  0.1929958587  -0.9807050188  
0.03200616018  0.3609600185  0.9320319044  
-0.5778926622  0.8037093516  -0.1417439559  
0.1925428909  -0.05578139272  0.9797018278  
-0.5627385766  0.5933986142  0.5755027185  
0.05769474837  0.7864429521  0.6149624372  
-0.1384692967  -0.3138647159  0.9393163439  
-0.8441431238  -0.3375348083  -0.4165244768  
0.9786062787  0.003017478579  -0.2057198244  
0.6643968885  -0.6325585568  -0.3980533216  
0.1777405319  0.1172604769  -0.9770661615  
-0.2007632386  0.945878364  -0.2549671402  
-0.4130177667  -0.2836700743  -0.8654175948  
-0.2900285311  0.9462115911  0.1434122586  
-0.7239778869  0.4731791494  0.5019536949  
0.2281527032  0.3278990362  0.9167489111  
0.5102566603  0.1320315838  -0.8498269245  
0.2367542565  -0.2592288816  0.9363481238  
-0.1410981439  -0.8843011173  -0.4450874608  
0.330171089  0.1120200399  0.9372505335  
-0.2671454598  0.7745898278  -0.5732747177  
0.06892085158  0.8800708948  -0.469813938  
0.6142392316  -0.4123776296  -0.6727962968  
-0.9757872158  0.1880879585  -0.1116343558  
-0.1816611591  0.9300423457  0.319406416  
-0.6503886807  -0.01268045416  0.7594957341  
-0.7067364058  -0.6670803177  -0.2356427432  
-0.4984838483  0.3182748374  0.8063590892  
-0.5592494703  -0.5684700775  -0.6033919132  
-0.2697700724  0.8256013991  0.4955869629  
-0.1488336743  -0.9820900788  0.1155318763  
0.6357986069  0.3894178384  0.6664186962  
-0.2943473998  -0.4306554962  0.8531678919  
0.04972076699  -0.9950232251  0.0863517617  
0.1823030524  0.662827326  0.7262406854  
-0.4226744621  0.285827764  -0.8600283649  
-0.6290112953  0.6455331897  -0.4331647393  
0.1035663642  -0.5407411918  0.834789178  
-0.4769889542  -0.3426833296  0.8093513904  
-0.4674948641  0.868736894  0.1635382557  
-0.9373758725  -0.1865958111  0.2941232343  
0.3468794526  0.9261390963  -0.1481250137  
-0.7405635081  -0.6712638634  -0.03115311006  
0.8495599471  -0.352299587  -0.3925976278  
-0.5768550552  0.7652654828  0.2856693651  
0.5838569944  0.2351744343  0.7770482582  
-0.3799587162  0.0945329559  -0.9201602546  
0.1029931981  -0.9876307938  -0.1182278152  
-0.3633341095  -0.6968291923  0.6183990633  
0.9110489142  -0.3641210826  -0.1934055665  
-0.7268977506  -0.4567850195  -0.5128031846  
-0.2117772814  0.08839138003  0.9733125639  
0.7960528883  0.5119766045  0.3227688887  
0.5893560875  0.7959274928  0.1384154193  
0.4298294567  0.5327168754  -0.7290125985  
0.7495524328  0.3239057652  -0.5772834708  
-0.8422046616  -0.5317379274  0.0891408129  
-0.9405967945  0.1806550672  0.2874742021  
0.4621716473  -0.709287372  0.5322675946  
-0.7177080883  -0.6710222921  0.1860757465  
0.7227897009  -0.6669405441  -0.1810120406  
0.4115867598  0.888174198  0.2043108738  
