1  0  0  
0.1623349818  0.4543970099  -0.8758828181  
-0.0734168808  -0.8409153466  0.5361635399  
-0.5091415599  0.2197032053  -0.8321690775  
0.4008576554  -0.02047004233  -0.9159116319  
0.8491880013  0.5073046011  0.1467030341  
0.5060795329  -0.01891867597  0.8622792993  
0.5744226743  0.605907702  -0.5503766419  
-0.7427193326  -0.380505933  -0.5509838727  
-0.4446750766  0.8128931264  -0.3761234389  
-0.1426922084  -0.9808831142  -0.132314965  
0.9360782986  -0.351254444  -0.01943539052  
-0.05986054536  0.9158245713  -0.3970920167  
0.7691871422  0.1889888344  0.6104378434  
-0.2953075431  0.5158109475  -0.8041968176  
0.43090329  -0.4286949178  -0.7940673914  
0.6829388794  -0.729968199  0.02721976125  
0.8391580952  -0.1683854966  -0.517165366  
-0.7166907024  0.1624137909  0.6782154508  
-0.8771318909  -0.07156286871  -0.4748877782  
0.5522077738  -0.6522088994  -0.5193169804  
0.09262861873  -0.4461350632  -0.8901592242  
0.5095406153  -0.8604371162  0.004041081047  
-0.8559187369  -0.3647441592  0.3665580637  
-0.08091302277  0.6264239397  0.7752716495  
-0.7406377864  0.3984954023  -0.5409778958  
0.4779204488  -0.4204775126  0.7712267539  
0.7675091665  0.3328093063  -0.5478755744  
-0.8335404561  0.3511441984  0.4265068112  
0.9018872823  -0.1093165914  0.4179105321  
-0.9799153647  -0.1661753026  -0.1102345081  
0.7834316936  -0.01658920109  0.6212564525  
0.3193053643  -0.8767294485  -0.3597076015  
0.9366711899  0.1907232412  -0.2937204917  
0.2898302566  0.8204194406  -0.4928593753  
0.9336664802  0.3570095983  0.02847894829  
0.2128455838  -0.6766324882  0.7048866812  
-0.9161198664  -0.3275769724  -0.2311227324  
0.8449031525  0.5314705555  -0.06064413871  
-0.1652812146  0.4063885049  -0.89862701  
0.5579185431  0.7939169739  -0.2417079597  
-0.3203995572  -0.6844574209  -0.654875685  
-0.292570073  -0.9562377719  -0.003475034139  
-0.2619067499  0.347328458  0.9004264526  
0.2631341684  -0.5384283822  -0.8005343757  
-0.3027315271  -0.2917067668  -0.9073371946  
-0.7926629538  0.2044983392  -0.5743395084  
-0.9002004722  0.4027023345  -0.1657405792  
-0.9125075787  -0.3705618778  0.1732449526  
0.3681788964  0.8754014997  -0.3132355578  
0.2275967521  0.9558283972  -0.1859886919  
0.6505192632  0.08566976248  0.7546425512  
-0.7323158073  -0.6261362357  -0.2677068785  
0.9378995783  -0.2309746124  0.258834135  
-0.7175057938  -0.6796125739  0.1526832843  
0.6926165378  -0.5641808476  0.4494244128  
0.6123764799  -0.7096483675  0.3484167639  
0.4737929516  0.5093994557  -0.7183539751  
0.2356439179  -0.7059417028  -0.6679208458  
-0.3794934369  0.7604006807  0.5270441502  
0.3063788264  0.9264524309  0.2186730621  
-0.01879267297  0.7291305038  -0.6841166157  
0.07506420084  0.9960680973  -0.04705009358  
-0.1985399241  -0.2633034834  0.9440620605  
0.3789515365  0.1914396798  -0.9053985763  
-0.5986694963  0.7830074085  0.1688023472  
0.4246991843  0.5442496726  0.7234797142  
0.2708616543  0.4906058274  0.8282148793  
0.5623355614  -0.1054471214  -0.8201582902  
0.1013669343  0.6114705278  -0.7847474359  
-0.3897394758  0.898821008  -0.2005590602  
0.8237916195  -0.5631042352  0.06542925889  
-0.4594246507  -0.3715910622  -0.8067521756  
0.2613303583  -0.8821869668  0.3917302636  
-0.8121241467  0.4933559481  -0.3115353573  
0.02932249115  0.1466296264  -0.9887567669  
0.06767774482  -0.257790719  -0.9638276132  
0.04748475719  -0.05805880394  -0.9971832194  
-0.245811731  -0.881350381  -0.403482464  
0.08124311912  0.946109198  0.3134915326  
0.9758662203  -0.1757671045  -0.1295802648  
0.6824281703  0.02712105977  -0.7304493415  
0.1962558075  -0.9561047718  0.2175944012  
0.927290425  -0.1753980364  -0.3307083255  
-0.7435320919  -0.6662514785  -0.05717513174  
-0.356259332  -0.3883639094  0.8498545536  
0.07671782474  -0.5600907933  0.8248713104  
-0.6570847903  -0.6641347482  0.3566014788  
0.1260536161  -0.9323725421  -0.3388095758  
0.3255246906  -0.9453599252  0.01811871074  
-0.975096272  0.03353518905  -0.2192319581  
0.8556653834  -0.3211892525  0.4058007094  
0.798414271  -0.5169668447  -0.3086744779  
0.3363523163  -0.7619798678  0.5534020241  
0.7234748293  -0.3453717332  -0.5977478877  
0.1325401971  0.171727324  0.9761879032  
0.802915268  0.5343491294  -0.2641932631  
0.6444216282  -0.3133804649  0.6975051608  
-0.5854154828  -0.7137167023  -0.3845740259  
-0.8580147862  0.5008761605  0.1137264195  
-0.4167769317  0.6088200359  0.6750075207  
0.9431388035  0.1336122336  0.3043632178  
-0.2201313035  -0.05924283725  0.9736696028  
-0.01205935138  -0.3519022677  0.9359590622  
-0.08137836144  -0.5316361084  -0.8430543343  
0.0161898876  0.8753567657  0.4832063951  
0.3256069011  0.08913554156  0.9412943223  
0.7032308044  -0.5170251308  -0.488007633  
0.02663990496  -0.7644823054  -0.6440940306  
0.3977047034  0.6831195252  -0.6125183125  
-0.8602660196  -0.2737019935  -0.4301506647  
-0.9779989451  -0.008360195851  0.2084422476  
-0.6629016386  0.6670438273  0.3400205142  
-0.568052366  0.802541149  -0.1823299581  
-0.9800333845  0.184052545  -0.07522782728  
-0.4876132926  -0.1808754427  -0.8541178789  
-0.1297738873  0.9908917245  -0.03594897056  
-0.5790288088  0.487167372  0.6537534629  
0.4558049088  0.8368504844  0.3031883109  
-0.5426361301  -0.1140969756  0.8321826185  
0.1621283599  -0.2179574276  0.9623975035  
-0.1783988158  -0.8005001969  -0.5721654458  
-0.1498984765  0.02326508436  -0.9884276314  
0.4125292516  -0.6088038425  0.6776263705  
-0.4342788614  -0.8927340808  0.1201154924  
-0.583691087  0.3024543701  0.7535423472  
0.6834445069  0.5580339743  0.4706396599  
-0.2452367822  0.9550309332  0.1666578448  
-0.6961170447  -0.214412013  0.6851631548  
-0.6133294287  -0.7692696764  -0.1790284245  
-0.420243021  0.2317411927  0.877320821  
-0.5181265631  -0.6418883608  -0.565264714  
-0.1851046067  0.8355904845  0.517228022  
-0.1565610733  -0.9166365288  0.3677854054  
0.5960829694  0.4697172314  0.6511918428  
-0.485587454  -0.7573212505  0.4366570142  
-0.009325086339  -0.9742833007  0.2251334999  
0.1415522805  0.6698735481  0.7288569005  
-0.5896160856  0.5085874557  -0.6274485408  
-0.5209041501  0.6747276484  -0.5228780612  
0.3421711245  -0.3141959747  0.8855505694  
0.5346114128  0.3097845692  -0.786272318  
-0.5021383291  0.7870237242  0.3584002734  
0.8088977854  0.02366785993  -0.5874727271  
0.6035101637  0.7966601549  -0.03328783289  
0.9776742901  0.1881194893  -0.09361645298  
-0.9142367618  -0.005354500988  0.4051450021  
0.427379838  -0.8856800885  -0.1814311297  
-0.6280252265  -0.285267938  -0.724021076  
-0.3403295576  0.1137370068  -0.9334022099  
0.05330880369  -0.9875019277  -0.1483176129  
-0.2410007379  0.1471508418  0.9593045784  
-0.9082017455  0.3473846271  0.2334384511  
0.8154102086  0.4585539509  0.3533192123  
-0.6608825644  0.1190534437  -0.7409861764  
0.1118601906  0.3597581108  0.9263160365  
0.4650723797  0.8805285724  0.09152657989  
-0.2969025263  -0.5751602304  0.7622595354  
-0.7280224663  -0.5087100103  0.4595621983  
-0.6323267598  -0.4268854149  0.6464763811  
-0.7322670228  0.6473849952  -0.2113709424  
-0.8559233465  -0.1800836919  0.4847319763  
-0.1997753467  -0.7314250725  0.6520024342  
0.7441250298  -0.6520713299  -0.1451927023  
0.393299475  0.7790674426  0.4882309319  
-0.1432082718  0.8189641109  -0.5556880203  
