1  0  0  
0.7216809629  0.6140162751  -0.3196257211  
-0.08595392442  0.3563558315  0.9303883298  
-0.4743826206  0.2208078751  -0.8521766316  
0.1679578081  -0.1609897343  -0.9725597566  
-0.9110246096  -0.3912838558  -0.1301195792  
-0.6464029874  0.1433246348  -0.7494139223  
-0.6572218741  -0.56001264  0.5044256648  
-0.7768045621  -0.3476257246  -0.5251009693  
0.6070176278  -0.7844218304  0.127326319  
0.2572010285  0.9624277562  0.08706575127  
-0.8433815956  0.4425737502  0.3046899404  
-0.1075780328  0.9550554557  -0.2762173842  
0.882217429  0.2060966309  0.4233398006  
-0.1919081561  0.8711861555  -0.4518915159  
0.2127627351  -0.4960144931  -0.8418441906  
-0.842204076  0.5380481664  -0.03458995449  
-0.1567602928  0.9830065937  0.09552092646  
0.6525806011  -0.1944099913  -0.732354637  
-0.8926311298  -0.02024718364  -0.4503328965  
-0.4288554224  0.7119040516  0.5561255685  
-0.9760303577  0.2078069502  0.06466074713  
-0.5462650227  0.8353527138  0.0614847012  
0.9355341888  0.1066259577  -0.3367590929  
0.02959346296  -0.803562895  -0.5944837263  
-0.8136820494  0.3822107628  -0.4379913872  
0.678266804  -0.463810419  0.5699421355  
0.7501989153  0.1815719042  -0.6357933871  
0.8540047371  -0.2843693725  -0.4356718593  
-0.9432428927  0.1034916826  -0.31556666  
-0.9417362896  -0.2293635114  -0.2460185776  
0.7838230788  -0.0629620796  0.6177840704  
-0.2572879319  0.9284033286  0.2680861422  
-0.912084996  -0.3080848549  0.2705266756  
0.851589726  0.251493334  -0.4599413457  
-0.4765590555  -0.6434862011  0.599013335  
-0.4243535496  0.6802715575  -0.5976241905  
-0.4202705344  -0.8427888633  0.3362731178  
-0.9316908468  -0.3559758452  0.07234199049  
-0.1277593437  0.6562047809  -0.7436886685  
-0.4036516037  0.4405599997  0.8018555166  
-0.3953582515  -0.743837274  -0.5388858532  
-0.6628545451  -0.6862296376  -0.2995208451  
-0.1815798637  -0.5413064817  -0.8209848025  
0.1180902527  -0.669223123  -0.7336178187  
0.6427870916  -0.7373170813  -0.2078178926  
-0.7405212649  0.2730505112  -0.6140616211  
0.9311424271  -0.355095675  0.08295084116  
0.7310551499  0.3800412699  -0.5666806869  
0.6098540879  0.7921053308  -0.02543887727  
0.2444435004  -0.7555701711  0.6077508466  
0.6684576202  0.06653597899  0.740768097  
-0.1801806483  -0.03475406093  -0.9830193738  
0.7424403782  -0.462075412  -0.4850449448  
-0.6200958533  -0.3043812762  0.7230720375  
0.735272407  -0.5580177221  0.3846956059  
0.7434494823  -0.6427963908  0.1846501213  
-0.8068261528  -0.4438933026  0.3898593274  
0.234670221  -0.7727698423  -0.5897089606  
-0.1467659823  0.884658125  0.4425378495  
0.02303578849  -0.001447349075  -0.9997335933  
-0.2058467243  0.4775061582  -0.8541750377  
0.1570202831  0.8099313368  -0.5651157937  
-0.7426629493  -0.6598179044  0.1144206133  
0.2718815345  0.2236328588  -0.935985457  
0.9787223093  0.1987565409  0.05097527518  
0.5290039556  0.3948289637  0.7511756814  
-0.2884154519  -0.6644167143  -0.6894686047  
-0.3667113855  0.1129229313  0.9234561015  
-0.4010909978  -0.5226168132  0.7523281718  
-0.4293241853  0.8978665903  -0.09755167811  
-0.8473240087  0.4761487755  -0.2352113258  
0.36091472  0.4951152442  0.7903173159  
0.3003939155  -0.9105824196  0.2839069435  
0.4723364021  0.8687735037  -0.148764655  
0.007981336701  -0.5316077963  0.8469530384  
0.02952488841  0.1977768483  0.9798023266  
-0.07822617682  0.3445682028  -0.9354963489  
0.5592429138  0.8111341077  0.1711981971  
0.2822123593  0.6803832653  -0.6763392615  
0.9787751507  -0.04877133056  -0.1990491437  
0.2412332787  -0.9658037112  0.09502471641  
0.045323793  -0.995340882  0.08510160013  
-0.5436479377  0.06273748684  0.8369653085  
0.228414765  0.8935780335  -0.3864517993  
0.5520773186  0.7160837633  -0.427123727  
-0.04942931423  0.7995347379  -0.598582447  
-0.4631791729  -0.2969062494  0.8350519342  
0.05003111187  -0.9586267283  -0.2802350508  
-0.01593562774  0.5323737769  0.8463593902  
-0.7334705681  -0.5328192932  -0.4220480145  
-0.3659853943  -0.323678998  -0.8725173909  
-0.6100263832  0.5916659031  0.5270666665  
-0.5168378612  0.5212134398  -0.6791282466  
0.8086676606  -0.1306583654  -0.5735721457  
0.5206755492  -0.01932639565  0.8535358592  
0.4202140526  0.09395637953  -0.9025476989  
0.5897252622  -0.3416441125  0.7317809887  
0.5808200292  0.6507881187  0.4890019614  
0.9070899939  -0.4053091099  -0.1136321626  
-0.3100942225  0.6250619153  0.7163373334  
0.9771287749  0.04805115733  0.2071483613  
-0.1671679936  -0.9480392559  -0.2706961972  
0.1310675522  -0.1558374935  0.9790485036  
0.08228371778  0.6874533042  0.7215520386  
-0.7149275826  0.6989380777  0.01908180311  
-0.3356214411  0.0942370447  -0.9372713736  
0.4901590469  -0.5579098285  -0.6696870403  
0.2858879301  0.8637482917  0.4149782886  
0.1160011505  0.38165432  -0.9169971173  
0.8549907831  0.3945745309  0.3366031794  
0.8437878417  0.536575777  0.01041699529  
-0.7130193284  0.6098328276  0.345987514  
-0.07324171065  -0.1916210799  0.9787323503  
-0.9792549101  0.1576193099  -0.1273419579  
-0.5315491254  -0.1986211182  -0.8234106986  
0.1533550603  0.9858137261  -0.06821673455  
-0.7358122517  0.3131342065  0.6004392551  
0.2903213437  -0.3073004017  -0.9062449892  
-0.2263757272  -0.03287952746  0.9734849597  
0.2803742154  -0.2891333383  0.9153098994  
-0.3771152857  -0.8953051205  -0.2370923923  
-0.2233078263  -0.2239903428  -0.948663239  
0.3977663282  -0.7996000569  0.4499129884  
-0.01806773121  -0.8995678827  0.4364071281  
0.5953340973  -0.4011482581  -0.6961733891  
0.1270000513  0.3849500667  0.9141577726  
0.04683442798  0.9931021594  0.1074924987  
-0.7145583895  0.005085283149  0.6995573228  
0.5830247647  -0.6375164122  0.5036416861  
-0.4877120917  0.2636396645  0.8322445812  
-0.4798483632  -0.5861791254  -0.6527936744  
0.06796526105  0.8959540873  0.4389157057  
-0.2972750657  -0.9372815251  0.1820188947  
0.6425323444  0.4759812243  0.6004948465  
0.1908831197  0.5560577066  -0.8089273524  
-0.09345699236  -0.9620672638  0.2563052292  
0.1833414604  0.7968612282  0.5756718613  
0.4061326884  -0.4135729566  0.8148703265  
-0.6157691094  0.714477486  -0.3321901955  
0.3210281149  -0.5904686664  0.7404645187  
-0.3057033799  -0.4014015235  0.8633783994  
0.351445531  -0.8362165758  -0.4209844143  
-0.7216498635  -0.6851665533  -0.09883455202  
-0.6081315856  -0.757055292  0.2388373074  
0.7965526045  -0.5824165089  -0.1621572029  
-0.9159512906  0.09332469413  0.3902867341  
-0.4604970866  0.8524331183  0.2475887964  
-0.6731458618  -0.273486245  -0.6870807248  
-0.7922303493  -0.1402535003  -0.5938855355  
-0.4288239253  -0.9028019578  -0.03253714989  
-0.3550443226  -0.7811491761  0.5135654716  
-0.9337389943  0.2524444813  0.2537780022  
0.8048029118  0.5509401033  0.2208104974  
0.9127337272  -0.295376598  0.2822584075  
0.8592461065  -0.1896696086  0.4751016396  
0.3795117232  0.1058035492  0.9191172183  
-0.07385943936  -0.6918887433  0.7182163672  
0.592682457  0.1254966708  -0.7955992023  
0.3557751701  -0.9304439146  -0.08773910212  
-0.9771997233  -0.1552221229  0.1448681928  
0.5678486331  0.4770561296  -0.6707945879  
0.8458693978  0.4965843661  -0.1947021555  
0.5481287465  -0.7386950036  -0.392281237  
0.4910766444  0.7902576441  0.3665195565  
-0.4788518664  0.8322964494  -0.2792552782  
-0.8517405545  -0.05461713396  0.5211093902  
