1  0  0  
0.6339906639  0.707714353  -0.3117631035  
-0.01871579162  -0.3510746722  -0.9361603995  
-0.4370240037  0.2598350249  -0.8611014923  
0.2272464456  -0.03380642096  -0.9732503167  
-0.853340296  -0.2417251839  -0.4619299456  
-0.6092424783  0.2756703164  -0.7435250361  
-0.5634511235  -0.6616187634  0.4947559431  
0.5723293771  0.2758394991  0.7722380817  
-0.6306455147  0.7533290375  -0.1864982467  
-0.09928324033  0.9636240248  0.2481362064  
-0.8145663263  0.5763067365  0.0659715502  
-0.2572749422  0.9308588443  -0.2594444372  
-0.8080396269  -0.060793796  -0.5859829995  
0.05902777217  -0.9566896419  0.2850625391  
0.3067655746  -0.2316244817  -0.9231711552  
0.6890951728  -0.724404873  -0.01963219017  
0.9381019249  0.3368141036  -0.08075294541  
0.7386058721  -0.04089234868  -0.672896115  
-0.8485368495  0.1206899786  -0.515188455  
0.4377082616  -0.5600984945  -0.7033499515  
0.8882912369  -0.449863263  0.09252957983  
0.4567122126  -0.4284944497  0.7796194337  
-0.6414627871  -0.406683801  -0.6504873394  
0.09397961316  -0.6792297047  -0.7278838098  
0.6342824688  -0.4386641365  0.6365999725  
0.3192707898  -0.6125315743  0.7230983566  
0.8670392527  0.1997909129  -0.4564280068  
0.7395331306  -0.5257296785  -0.4203558657  
-0.9340156907  0.1270815138  -0.3338637122  
0.9332448768  0.2347670613  0.271916213  
0.5662976  -0.09535948895  0.8186657414  
0.3378566081  -0.8071716225  -0.4840732219  
0.91602452  -0.1418739818  -0.3751944189  
-0.8410594618  0.4759888725  0.2570089008  
-0.9782680234  -0.1967235377  -0.06550972503  
0.2423346123  -0.7651263798  0.5965363012  
-0.1400988581  -0.9476012738  0.2870960395  
0.9153807617  0.3834847713  0.1225458744  
0.03982072799  -0.5247263749  0.8503390742  
0.8112923728  0.5558702354  0.1811434993  
-0.2578480883  -0.7496024685  -0.6095986406  
-0.1439272901  0.9849771099  -0.09542027129  
-0.3678628926  -0.7266180684  0.5802612126  
-0.3818402261  0.4045748589  0.830973661  
-0.9730517185  0.2294734198  0.02263410427  
-0.1253961039  0.3693485027  -0.9207917792  
0.4527599748  -0.8620093527  0.2279216555  
0.8577221831  0.459957024  -0.2296784549  
0.1822917446  0.9787178324  0.09423971758  
-0.2766398095  -0.6318268373  0.7240616434  
-0.6640806247  -0.08392533552  -0.7429357052  
-0.8536453195  -0.4117659493  -0.3189646869  
0.6696488677  -0.233316225  -0.7050772533  
-0.7387042529  -0.5600600273  0.3750317221  
0.3478871348  -0.9349243716  0.06993540485  
0.7071651755  -0.6262298658  0.3282583885  
-0.7613826202  -0.6258708277  0.1690627478  
0.2455573448  -0.5533227969  -0.795949416  
-0.1401369493  0.8021862397  0.5803954448  
-0.02736628521  6.217230013e-07  0.9996254731  
-0.1362933836  0.6528920751  -0.7450879491  
0.04226009563  -0.787246493  0.6151886244  
0.5008106938  -0.2396305846  -0.831724613  
0.4626454424  0.2917185522  -0.8371735071  
0.761832822  0.4177440911  0.4950763836  
0.4896686068  0.4997430329  0.7144799203  
0.3053608157  0.6046567067  0.7356256108  
-0.5153377773  -0.1010594731  0.8510076135  
0.4411100642  0.7963993442  -0.413726958  
-0.5404369991  0.7536960562  -0.3739921186  
-0.8332934493  0.4727385543  -0.2866012677  
-0.1579290305  -0.4924492406  -0.855892614  
0.3497472003  -0.8411287744  0.4125279153  
-0.3829076644  0.07027087338  -0.9211100504  
0.0712604053  0.6628153724  -0.745384288  
-0.1083345367  0.1982314835  0.9741498381  
0.1724928755  0.5076201352  -0.8441374332  
-0.09975693228  -0.9572460762  -0.2715299323  
0.1648788269  0.7762787502  -0.6084457859  
0.9802799657  -0.08373150397  -0.1789978326  
0.1082585885  0.6551116492  0.7477357856  
0.313314244  -0.909951869  -0.2717016389  
-0.9449735573  -0.06082984519  0.3214416058  
0.5693126153  0.8176719984  0.08541457165  
-0.506546213  -0.8296432597  0.2347402729  
0.7762412809  -0.6157465483  0.1352984182  
0.6619343204  0.5035257912  -0.5552519546  
-0.2301373312  0.9689233683  0.09068800972  
0.6331562707  0.7677069367  -0.09868736604  
-0.09616911394  -0.1545356214  -0.9832956032  
-0.2721571201  0.4616340725  -0.8442893373  
0.7268843578  -0.6462584214  -0.2323557253  
-0.7503966747  0.4638836285  -0.4708681449  
0.8101113409  -0.1957871768  -0.5526183102  
-0.4161448076  0.06593216182  0.9069048733  
0.7320171278  0.3258307745  -0.5983186701  
0.7220796776  -0.1051740938  0.683768491  
0.6161739438  0.5707670226  0.5427289166  
-0.5355770274  0.8437638601  -0.03492558084  
-0.2961411136  0.6949281032  0.6552674051  
-0.97586454  -0.05195768172  -0.2121056315  
0.1978537151  0.8672743632  0.4568250063  
0.07433326841  0.3554347388  -0.9317406891  
-0.04163282492  0.5283758002  0.8479892226  
-0.1484306146  -0.166631983  0.974783122  
-0.1826074297  0.04309695059  -0.9822408969  
-0.4792675691  0.6904655218  0.5418117389  
-0.007520554419  -0.8974218247  -0.4411094079  
-0.2723215878  -0.330229766  0.9037639374  
0.9113404974  0.05995978133  0.4072632102  
0.98056249  0.1388346986  -0.1386438949  
0.9122782739  -0.400288219  -0.08670462931  
0.6397104026  0.1934270828  -0.7438794018  
-0.9300384571  0.3037036395  -0.2068636453  
-0.3518023021  -0.4352461028  -0.828731543  
0.4314347763  -0.8939257078  -0.1214942908  
-0.5996298553  0.0597505953  0.7980437977  
0.01724708911  -0.9971207525  -0.07384269043  
0.3385857156  0.1365426419  -0.9309757355  
0.05284587491  -0.1911623367  0.9801348247  
-0.3901107267  -0.8033641779  -0.4499106785  
0.2994976316  0.1148057765  0.9471646121  
-0.1550352253  0.8793263499  -0.4502768586  
0.04723929911  0.8859629896  -0.4613437219  
0.608408894  -0.5474723681  -0.5745542828  
0.7570324362  -0.2853769559  0.5877600561  
-0.615480865  0.6830539913  0.3932181962  
-0.7725458232  -0.1368009829  0.620047129  
-0.7283884957  -0.5775585682  -0.3686140252  
-0.5642836584  0.4044751757  0.7197109038  
-0.4483507379  -0.6678325718  -0.5941222701  
-0.1819671075  0.8933686432  0.4108289658  
-0.4473255917  -0.8920963957  0.06374822243  
-0.4115944455  -0.2635604435  -0.8724253005  
-0.3791807652  -0.4713328256  0.7962834388  
0.2581319869  0.9622825019  -0.08590846283  
-0.05910292839  -0.7907454027  -0.6092852796  
-0.4283693627  0.7195261205  -0.5466094136  
0.6121843939  -0.6111227263  0.5017561971  
-0.06183863593  -0.9922790985  0.1075089473  
-0.575661802  -0.3981500867  0.7142058514  
0.4750493991  -0.812073373  -0.3389172542  
-0.9209690439  -0.272969462  0.2780354169  
0.3291683575  0.906970212  -0.262779807  
-0.6645214522  -0.7110953539  -0.2296837765  
-0.8452443983  0.3406962659  0.4116891565  
-0.7236745869  0.3823571466  0.5745416475  
0.5003270958  0.08808582448  0.8613441152  
0.2623542676  -0.2377526902  0.935223982  
-0.3755412243  -0.9200980774  -0.1113028159  
0.861750264  -0.3035032046  0.4065369445  
-0.5914375565  0.7855486987  0.181974885  
0.7380379049  0.2384504013  0.6312221931  
0.5679023692  0.7124355963  0.4122164725  
0.2159009418  0.3070824436  0.9268695465  
0.486676959  0.8315518223  0.2677071243  
0.4835804561  0.5745631358  -0.6603235158  
-0.8165935875  -0.3897192551  0.4257861143  
-0.8557396222  -0.5168896111  0.02312637142  
-0.9322699787  0.2758065445  0.2341013387  
-0.1824950391  0.3879128564  0.9034484914  
-0.7361900013  -0.6755370503  -0.04091424715  
0.9811827673  -0.1322291653  0.140697637  
0.2947541125  0.9110077927  0.2884177784  
-0.49333997  0.5717379563  -0.6555390022  
-0.863780776  0.002685176902  0.5038606562  
-0.2498952561  -0.8583693747  0.4480562214  
