1  0  0  
-0.4835091822  -0.7531331333  0.446104645  
0.4909150745  -0.8527287408  -0.1784827282  
0.3046094658  -0.1633411367  0.9383670638  
0.4694928792  -0.1773819202  -0.8649347321  
-0.9127746622  -0.3253013544  -0.2470251908  
0.5187625935  -0.8418805114  0.1487366002  
-0.296477119  -0.8199111714  0.4897417574  
-0.7417738559  -0.03056329504  -0.6699533056  
-0.6015435509  0.7392405123  -0.3027685937  
-0.08805528724  -0.9717250371  -0.2190815343  
0.877694414  -0.4709667367  -0.08855985863  
0.2187939233  -0.9155932495  0.3373695608  
0.8165998256  -0.1237332429  0.5637861381  
-0.3105859107  0.807431335  -0.5015885079  
0.2979768011  -0.5269694203  -0.7959353341  
-0.6072225094  0.7941814293  0.02359409695  
-0.8703341856  -0.4841890038  0.08988556087  
0.7344076373  -0.1896040928  -0.6516868192  
-0.8545067167  -0.08023905937  -0.5132055771  
0.2931619441  -0.7837033432  -0.5475994379  
-0.8321924551  0.5425212695  -0.1145704581  
-0.4143528798  0.9100480832  0.01114348296  
0.295174947  -0.1880943676  -0.9367455682  
-0.1043081876  -0.8221872005  -0.5595784211  
-0.6255955931  0.473877973  -0.619733669  
0.4484958545  -0.4874266809  0.7491773483  
0.8424947144  0.1280906624  -0.5232546592  
-0.8255732106  0.2833057155  0.4880233043  
-0.9414109396  0.2336883802  -0.2431772682  
-0.9755460678  -0.1578460776  -0.152952559  
0.6740820548  -0.1574224114  0.7216866133  
0.1904363477  -0.8994954377  -0.3932454133  
0.921557964  -0.1911043758  -0.3379497545  
0.5381711844  0.80476543  -0.250448356  
0.9814136703  0.1879769535  -0.0386247683  
0.04403355559  -0.481803343  0.8751723171  
-0.2993718414  -0.07765572201  0.9509711297  
0.9342227026  0.3535794749  0.0470052849  
-0.2096750907  -0.7310356372  0.6493252294  
0.7762607303  0.6303976925  0.004245918302  
-0.3993492941  -0.6591281114  -0.637236435  
0.5868624951  0.003113489366  0.8096806272  
-0.9815004198  0.1868927376  -0.04156958733  
-0.1001646533  0.5553440752  0.8255664724  
-0.8102437294  -0.477003007  -0.3405484258  
-0.7368127354  0.30773667  -0.6020009427  
0.6965337736  -0.7052967612  0.1318983735  
0.8492675481  0.4248896189  -0.3133902414  
0.09702009216  0.1324046645  -0.9864360631  
0.2936430112  0.5769006356  -0.7622069526  
-0.9172120315  0.07991647932  -0.3903017367  
-0.8530303205  -0.5024057855  -0.1411655024  
0.9281957736  0.008416327065  -0.3719970044  
-0.8014403994  -0.3315362709  0.4977720234  
0.489582444  -0.6242598963  0.6087763238  
0.7515921987  -0.5894512501  0.2960682195  
-0.7329014298  -0.5178481083  0.4412355729  
-0.001484963666  -0.7062043566  -0.7080064983  
-0.0962102792  0.8204579683  0.5635532845  
-0.6020499854  -0.1270042325  0.7882929278  
-0.1812764053  0.3339970239  -0.9249782986  
0.01500922716  0.7583863522  -0.6516324608  
0.2035457612  0.6974629735  0.6871059043  
0.4333655145  0.2158727018  -0.8749818898  
-0.1153742272  -0.2236984198  -0.9678056647  
-0.6145028607  -0.3710503732  -0.6962096342  
0.477042054  0.4999066128  0.7228583936  
-0.6219782152  0.07889116156  0.7790502451  
0.5810796242  0.6040789823  -0.5453760661  
-0.4115189026  0.8544453819  -0.3171360624  
0.8648822152  -0.4180109961  0.2779308566  
0.2148855338  0.3908947825  0.8950002661  
0.4838655439  -0.7422629875  0.4635944271  
0.02277341925  -0.9992676296  -0.03075021579  
0.1670246173  0.453695786  -0.8753644447  
0.08408156891  -0.232536636  -0.9689463363  
-0.02839340053  -0.3139569191  0.9490125751  
0.2870969108  0.9338358818  0.2133680146  
0.1014718927  0.8601300525  -0.4998797334  
-0.9799542198  0.09877520635  0.173012097  
-0.2985090098  -0.9426866397  0.1491116039  
0.3047231362  -0.9305695048  -0.2029389242  
-0.7917470105  0.5579119467  0.2487386802  
-0.5074255171  -0.8589277549  0.06901055287  
0.3752586298  0.8736491105  -0.3097066234  
0.9328199757  0.1223213119  0.3389459981  
0.6604356772  0.4286710523  -0.6164948055  
-0.2014578881  -0.8985393039  -0.389925427  
0.3155544569  -0.9356116466  0.1582916029  
-0.8601960828  0.2738273013  -0.4302107719  
-0.1706907617  0.05547884736  0.9837615368  
0.6691300042  -0.6267619125  -0.3992925526  
0.2556425568  -0.4994887521  0.8277426349  
0.6876424998  -0.3878527391  -0.6137736107  
0.180270242  -0.755933793  0.6293383355  
0.7165838533  0.233420057  -0.6572843054  
0.573033925  -0.328714161  0.7507190694  
0.6793251541  0.6101956126  0.4076501557  
-0.7680555182  0.6386465374  0.0471308938  
-0.1984606477  0.6870524989  0.6989794239  
0.978744287  -0.04014570326  0.20111674  
-0.4055415337  -0.8435227451  -0.3521440656  
-0.02603897674  -0.04203193959  -0.9987768959  
-0.100991184  -0.5635033578  -0.8199175242  
-0.01284951882  0.9449415954  -0.326986653  
0.2199867778  0.02613935684  0.9751525786  
0.3971412684  -0.6332926373  -0.6642433655  
-0.2945762368  -0.5420847151  -0.7870000015  
0.2386219983  0.2738463705  -0.9317015119  
0.8544294573  0.2888306853  0.4318878764  
-0.9730631804  -0.09851310283  0.2084303612  
-0.482475633  0.7113942094  0.5110142292  
0.3620629421  0.9316738137  0.02990536498  
0.9257194212  -0.3694998908  0.08070553894  
-0.4131031206  -0.3619283953  -0.8356755641  
-0.2198132034  0.9752032462  0.02570572413  
-0.5977745156  0.5600090265  0.5736336101  
0.7659902582  -0.4514559747  0.4576531735  
0.4614969927  0.009629832973  -0.8870895062  
0.1060923505  -0.1518805102  0.9826885182  
0.5068709324  0.7188045848  0.4758170097  
0.4912156342  0.1895212532  0.8501699214  
-0.1145881562  0.630839514  -0.7674054092  
0.09864751573  -0.8660491698  0.4901300879  
0.503416349  -0.4719356251  -0.7237739601  
0.3081465777  0.2043256889  0.9291376106  
-0.1099212614  0.9700301866  0.2166996849  
-0.7455396019  -0.02716555022  0.6659074521  
0.7350729037  0.6440991575  0.2116697936  
-0.3922325482  0.3581176514  0.8472929693  
-0.5909228575  -0.5623090775  -0.5784623393  
0.003641427214  0.9166816617  0.3996016405  
-0.0917715226  -0.9842493585  0.1510999268  
0.7631960168  0.2424037125  0.5989760263  
-0.3702440277  -0.4043533929  0.8363119595  
-0.1164607124  0.9808330001  -0.1562162871  
0.3071769918  0.7934158782  0.5254841006  
-0.3806203886  0.3364851082  -0.8613395914  
-0.6420722313  0.6098425021  -0.4645808568  
-0.09137813321  -0.6166416903  0.7819226705  
-0.5583110055  -0.3286516282  0.7617591013  
-0.3762942043  0.8481630933  0.372856593  
-0.9325065011  -0.3146426318  0.1772897053  
-0.1852958472  -0.9262040236  0.3283467003  
-0.6704998514  -0.73077619  0.1280472936  
-0.7654481025  0.4659870536  0.4437851601  
-0.5485312896  0.7643866901  0.3388604615  
-0.6433734228  -0.1883048722  -0.7420322863  
-0.4097295711  -0.0118826896  -0.91212964  
0.1737085252  0.9842491705  0.03284689754  
-0.5888006637  -0.7540108083  -0.2911725938  
-0.9483737966  0.2892111854  0.1301692444  
0.7319609122  0.4315680229  0.5272402343  
-0.4961946029  0.1707232581  -0.8512605272  
-0.5864929785  0.2920510989  0.7554681607  
0.6369457935  0.7673892692  0.07357829636  
-0.487652356  -0.5128576458  0.7065212063  
0.9064754307  0.223556207  -0.3582246723  
-0.7750868862  -0.5901717383  0.2256936822  
0.8766464499  -0.3809847711  -0.2938394221  
0.01207785438  0.4045670237  0.9144285914  
0.6488843614  0.6744786488  -0.3521755781  
0.671189071  -0.714604755  -0.1970920475  
-0.4852374686  -0.8594910523  -0.1606851892  
-0.3212995969  0.6468475304  -0.691632013  
-0.8479732555  0.08475441332  0.5232189287  
0.4010310364  0.6774552556  -0.6166266978  
-0.1974840357  0.3814346932  0.903054611  
