1  0  0  
0.5219633253  0.8276997752  -0.2060761249  
-0.9793736782  0.08106750723  -0.1850817598  
-0.4149599279  0.2120071108  -0.8847944638  
0.2225642627  -0.1230054968  -0.9671270841  
0.8154638487  0.3702531489  0.444894726  
-0.1318606051  -0.9838091544  -0.1213768044  
-0.5790497297  -0.7259926117  0.3709934479  
-0.738644633  -0.2839959837  -0.6113512798  
0.6307139281  -0.7632628919  0.1401060265  
0.1106950787  0.9419139936  0.3170877295  
0.92041973  -0.3908753511  -0.00663177661  
-0.1318544833  0.9220942708  -0.3638083986  
-0.7619855793  -0.08170172592  -0.642419493  
0.3136672652  -0.9006243791  0.3008131888  
0.4062726033  -0.4454096741  -0.7978425872  
-0.6965445986  0.7167123263  0.03389783773  
0.9204169744  0.3767785808  -0.1042616625  
0.7473915498  -0.08383277296  -0.6590735448  
-0.857942315  0.04189633126  -0.5120348441  
-0.4559221336  0.60428253  0.6534352547  
0.8692226132  -0.4619860757  0.1761275521  
-0.5062079797  0.3697170921  -0.7791423189  
-0.3205501511  0.2895041628  0.9019062813  
-0.03729241377  -0.7510336468  -0.6592099341  
-0.6748678692  0.315155723  -0.6672557451  
0.5815267682  -0.4986580671  0.6427804835  
0.8108230287  0.1071802712  -0.5753941307  
0.8542979082  -0.361623814  -0.3733675149  
0.9175408568  -0.1653543238  0.3616306455  
-0.9793717138  -0.1248130933  -0.1589111007  
0.7386575482  -0.1219374403  0.6629602455  
0.2871202864  -0.8547785034  -0.4323374276  
-0.9779580871  0.11554766  0.1739158364  
-0.3934391016  -0.8508233164  0.3482891867  
-0.9791965403  -0.1981679479  0.04363026385  
0.2263977486  -0.568634793  0.7908214284  
0.1085327864  0.04359703776  -0.9931364119  
-0.8692218984  -0.4913666288  -0.05488285102  
0.1106879338  -0.8325365281  0.5427993282  
0.7647079574  0.6443751392  -0.001555598097  
0.4085090598  0.7135898604  0.5691307926  
0.07971786949  -0.7112458154  0.6984085132  
0.9413576105  0.3181112189  0.1124771161  
0.2827589213  -0.5894372926  -0.7567106914  
-0.1175237649  -0.265546342  -0.9569082009  
-0.4085022876  0.5483968989  -0.7296483552  
-0.5219551806  0.8529382352  -0.007691324651  
0.8524125019  0.4152037233  -0.3178030755  
-0.02495315137  0.1931130518  -0.9808591588  
-0.3116544738  -0.5655953155  0.7635269662  
0.6254370559  0.1911961094  0.7564869707  
0.859150022  0.4418214441  0.2581763957  
0.9222934806  0.07084023576  -0.3799426229  
-0.8543168597  -0.2566102235  0.4519888235  
0.3535968039  -0.9310845281  0.08972681769  
0.765165372  -0.5426714898  0.3464528937  
-0.7360651208  -0.5711588902  0.3632983072  
-0.1440914493  0.7063510587  0.6930410061  
-0.3116449956  0.7387310268  0.5976235159  
-0.513410284  -0.06874445455  0.8553853402  
-0.1272552763  0.4062818745  -0.9048431539  
-0.05759377215  -0.9050523083  0.4213825774  
0.1272507867  0.6198746676  0.7743142991  
0.4062807571  0.231496224  -0.8839374665  
-0.8154725662  0.247111965  -0.5233929408  
0.7365672567  0.5524212496  0.3902556077  
-0.3239323428  -0.599863757  -0.7315950453  
0.6010502724  -0.1008433051  -0.7928235604  
0.6144519998  0.5932223483  -0.5201307387  
-0.4813925492  0.846811685  -0.2262104854  
-0.8591592842  0.3631304828  -0.3605295783  
-0.2131137736  -0.4675924994  -0.8578693222  
0.4757101222  -0.7765631231  0.4130975618  
-0.7647049998  0.6242527696  -0.1597959412  
0.1440998564  0.5103612593  -0.8478010477  
0.10853978  -0.2908172547  -0.9506021463  
-0.06097564953  -0.3588517863  0.9314007546  
-0.2989964374  -0.9167962364  -0.2647372118  
-0.1207046524  -0.6703658625  0.7321475243  
0.9792010567  -0.2027606563  0.007307989931  
-0.4813986982  -0.8764736334  -0.007018781992  
0.3934301151  -0.9109263906  -0.1242008675  
-0.7507153611  0.5397359394  0.3809351157  
0.3536053241  0.9238953697  -0.1462211358  
0.4420291935  0.7370131826  -0.5112942018  
-0.9175349138  -0.2506090958  -0.308747086  
-0.7507316344  -0.4271689156  0.5039134158  
-0.05758667747  0.9817242615  0.1813870145  
0.323935734  -0.39760774  0.8584717382  
0.3024417452  0.3028943035  0.9037610479  
0.2871255629  0.719324572  -0.6325591445  
-0.6144416703  0.7045526812  0.355059084  
-0.6211609564  0.6118511576  -0.4896909507  
0.8108130883  -0.2478165015  -0.5302538236  
0.7365720202  -0.4371516949  0.5161008183  
0.6113948465  0.4397085719  -0.6579154304  
0.5810517163  -0.1802980363  0.7936444551  
-0.4149461373  -0.4267638302  -0.8035498344  
0.5790459074  -0.7957535521  -0.1774320192  
-0.1207009027  0.832309351  0.5410105695  
0.9380353659  0.04371791907  0.343770848  
0.2716981579  0.84989379  0.4515093096  
-0.006969547035  0.126167465  0.9919844738  
0.06097398343  -0.5805918161  -0.8119084409  
-0.1709791476  -0.9815354417  0.0857572603  
0.1175382371  -0.0175452351  0.9929133535  
0.4694684141  -0.7383811022  -0.4841412563  
-0.07972372051  -0.8634438025  -0.4981053386  
-0.1991708909  -0.2154109128  0.9559963885  
0.8579375696  0.1687277084  0.4852567228  
0.9779658183  0.06839795026  -0.1972424364  
0.8524149683  -0.4815359092  -0.2037446683  
0.3136734092  0.9472505864  0.0657671564  
-0.9413669297  0.2798240867  -0.1884855013  
-0.6748608613  -0.4721398787  -0.5671390947  
-0.1709719193  0.9717496288  -0.1626999131  
-0.6757077506  0.2713983214  0.6853918492  
0.6211648293  0.7149496717  0.3209380343  
-0.3205516592  -0.05451221103  0.9456611722  
0.2131301942  -0.2379314811  0.9476096932  
-0.4538889171  -0.7994231843  -0.3935828037  
0.2698948154  0.1215003262  0.9551934146  
-0.2989892352  0.821328254  -0.4858243885  
0.2118325777  0.9332859678  -0.2900073471  
0.6113816322  -0.5904193043  -0.5268942445  
-0.5134036165  0.2806914962  0.8109432844  
-0.2476591475  0.9353956723  0.2523883574  
-0.6757166542  -0.09117263874  0.7315015743  
-0.7651655842  -0.6121168759  -0.1995859688  
0.5767336254  -0.4461793558  -0.6843261706  
-0.5815297193  -0.6436815447  -0.4974909593  
0.0844370843  -0.9243035142  -0.3722007421  
-0.02089159858  0.9995097131  -0.02332111905  
0.581038784  0.3732085743  0.7232629478  
0.2827673783  0.3812323651  -0.8801729907  
-0.02089835769  -0.973519303  0.2276475904  
0.2264024145  0.7485093423  0.6232781973  
0.453882181  -0.6754440053  0.5811767042  
-0.6360991631  0.7015269336  -0.3213064208  
-0.03728810823  0.5620810416  -0.8262411873  
-0.5767442833  -0.2606543761  0.7742256311  
-0.4420228892  0.8415476552  0.3105049267  
-0.9335682757  -0.2475234049  0.2591957534  
-0.2476673632  -0.8424236145  0.4785220276  
-0.6307196489  -0.7740290843  0.05542292923  
-0.9222701827  0.1637548635  0.3501457622  
-0.7248041281  0.4235585312  0.5433756955  
-0.4647197687  -0.209789579  -0.8602464002  
-0.3024631933  0.06698183138  -0.9508046334  
0.2118241747  -0.9761708337  -0.04712772455  
-0.6254550812  -0.004231385761  -0.7802487019  
-0.8261761186  0.5629915898  0.02175984698  
0.5062100818  0.5529813506  0.6617877145  
0.464746673  0.0122394625  0.8853590941  
0.4230898193  -0.1143245785  -0.8988464249  
-0.6361038382  -0.7596192397  -0.1354640826  
-0.4559334071  -0.4214562571  0.7839000904  
0.7248157545  0.274035751  -0.6320969303  
-0.8261751547  -0.5396211063  0.1619989983  
-0.9335723663  0.3045122011  0.1889840106  
-0.4694785035  -0.5936632378  0.6535701148  
0.6965462024  0.6854043665  -0.212236289  
0.7360649157  -0.6439199572  -0.2087475236  
0.4757164501  0.8552464994  0.205541442  
-0.2716903131  0.7097973692  -0.6499015836  
-0.863411107  0.06365269565  0.5004693743  
0.08444377543  0.8016909646  -0.5917439024  
-0.1991695833  0.4478712379  0.8716322799  
0.0249438287  0.4325082086  0.9012848911  
