1  0  0  
-0.4977735868  -0.7960903312  0.3441825691  
-0.8262574305  -0.4420338999  -0.3491485212  
-0.4582106163  0.123456808  -0.8802280657  
-0.1539424823  -0.04880694554  0.9868736465  
0.9215751683  0.2993035523  0.2472177031  
-0.9317358581  -0.1198637401  -0.3427841515  
0.804645771  0.5495092696  -0.2249105285  
-0.7418630133  -0.2740328002  -0.6120010571  
0.7364884321  -0.651343372  0.1825831348  
0.03086883683  -0.954004157  -0.298199905  
-0.8572399026  0.5128360124  -0.04624904156  
-0.06200811169  0.9136555866  -0.4017318299  
0.7806844346  -0.07898931342  0.6199133019  
0.1507842624  -0.9845726823  0.08877352962  
0.3148700341  -0.5083736349  -0.8015067741  
-0.3437286407  0.9268709904  -0.1508667916  
0.9161683088  0.3724904449  -0.1479408611  
0.7221458103  -0.07066266601  -0.6881222394  
-0.8997159127  0.05556887696  -0.4329242154  
0.493552251  -0.7280949404  -0.4756931083  
-0.5483648438  0.02815583667  0.8357650669  
0.3400766955  -0.2892093362  0.8948216588  
-0.631307927  0.3812861328  0.6753304275  
0.03761115684  -0.6414075013  -0.7662778988  
-0.5866675053  0.4416681271  -0.6787860515  
0.6074923398  -0.5909249001  0.5308114726  
0.7647746466  0.3946857692  -0.5092571879  
-0.8518808262  0.2993574113  0.4297489945  
0.6050703419  -0.2053292953  -0.7692397297  
-0.979827725  -0.1517734245  -0.1300094495  
-0.6346656528  0.1070707481  -0.7653334986  
0.2946982728  -0.7852399393  -0.5445651161  
0.9349553676  -0.1452289259  -0.3236773389  
0.5619551726  0.8129775973  -0.1525575639  
-0.979346081  -0.1876835685  0.07520725886  
0.2751670625  -0.6000838135  0.7511208321  
0.1484193045  0.5989163913  0.7869376508  
-0.8518399548  -0.5227540049  0.03312011039  
-0.004680280197  -0.8270199777  0.5621530498  
0.7587385154  0.6433027235  0.1023595189  
0.4191379524  0.7388918313  0.5276004534  
-0.0928709006  0.9899054062  0.1070620502  
-0.2761616061  -0.2298739406  -0.9332163408  
-0.1333715678  0.4930993276  0.8596889426  
-0.731903027  0.4192283353  -0.5371829875  
-0.4586988093  0.5964744774  -0.6586452764  
-0.4913018742  0.8357103577  -0.2453786184  
-0.8570827106  -0.391477748  0.3348946104  
-0.2220648352  0.6617680228  0.716065844  
0.3161901036  0.5226875901  -0.7917205956  
0.8354365166  0.09950145724  0.5405046594  
-0.8553905221  -0.4901112399  -0.1676246617  
-0.3870430048  -0.9038236582  0.1824842659  
-0.7237491276  -0.5540515905  0.4113563361  
0.6179209029  -0.7132767033  0.3307719794  
0.8488629986  -0.3695619685  0.3779623804  
0.6606075213  0.6938043423  -0.2867633825  
0.7468925848  -0.6646355664  -0.02027389087  
-0.1043170597  0.7860230707  0.6093321617  
0.169627902  0.9257745815  0.337887258  
-0.2113919589  0.4457733019  -0.8698273409  
-0.1963930532  -0.9589995417  0.2043273052  
0.8584895275  0.2240440052  -0.4613025199  
-0.6580510267  -0.1082193205  0.7451559735  
0.2532194432  0.4113830567  0.8755820317  
-0.4817725686  -0.591395564  -0.6466424661  
0.278182755  0.7009144194  0.6567597213  
0.4178724007  -0.1671451653  -0.8929978446  
-0.454032245  -0.6206580997  0.6392481863  
0.3571021621  -0.8515813056  0.3837803092  
-0.8303028316  0.2298952454  -0.5076863047  
-0.3352135588  -0.5493728716  -0.765389651  
0.2092181636  -0.9357654278  0.2838500028  
0.1383437918  -0.7289735667  0.6704166871  
-0.1245442541  -0.5606793384  0.8186131005  
0.02970661991  -0.1113934704  -0.9933322765  
0.005954389833  -0.4248523246  0.9052430876  
0.1108473258  0.9823624614  0.1505883956  
0.06817021472  0.7082203481  -0.7026925077  
-0.9807518098  0.1767129679  -0.08305669509  
-0.8065549638  0.4864755793  0.3358728944  
0.43270675  -0.8828161455  -0.1827580961  
0.4086779998  -0.4500579929  0.7939962818  
-0.4399337933  -0.8979731113  -0.01012664542  
0.3918785846  0.7606309546  -0.5175632577  
0.2540476891  0.9670936165  -0.0137734742  
0.6291732302  0.4895622145  -0.6037134126  
-0.02954305865  -0.8753779104  -0.4825357207  
-0.2838657249  0.333426534  0.8990255818  
0.6065371455  0.4396397671  0.6624421229  
-0.265567265  -0.6798695619  0.6835579029  
0.6696360849  -0.6252417241  -0.4008245256  
-0.732419323  0.5593737493  -0.3881532479  
-0.7553852485  0.2505499716  0.6054897506  
-0.6173904588  0.779640122  -0.1048346394  
0.5856465771  0.298909267  -0.7534396704  
0.5325369615  -0.2872048207  0.796189535  
0.6133233862  0.609798066  0.5019768348  
0.6076463475  -0.7873482424  -0.104156908  
-0.4027721428  0.6551079946  0.6392246212  
0.9250623567  -0.3423923858  0.1643991799  
0.07465810235  0.2435955549  -0.9669991589  
0.04850994938  -0.08924474353  0.994827704  
-0.05580031058  -0.4579491033  -0.887225419  
-0.3044034026  -0.9355814204  -0.1789580239  
0.3681804269  0.04654364574  0.92858864  
-0.5624804409  0.7717195667  0.2967569105  
-0.08679091307  -0.7557825528  -0.6490455072  
-0.2773453502  -0.2005592684  0.9396039254  
0.8518837288  0.2738244169  0.4464463029  
0.9788412279  0.02102555738  -0.2035381451  
-0.7239928923  0.6547037118  0.2172494919  
0.1672711384  0.06928638435  0.983473316  
0.9375595999  0.3441401329  0.05049322242  
-0.456436381  -0.405612578  -0.7919244072  
0.4738831571  -0.8804403773  0.01610886558  
-0.5909436307  0.5724511442  0.5684059403  
0.9308432634  -0.2015500712  0.3048087726  
0.3563732802  0.01722964003  -0.9341847915  
-0.1334447001  0.2750190438  -0.9521328886  
-0.3632666237  -0.8573900982  -0.3645813759  
-0.4487333628  -0.2286116175  -0.8639300304  
-0.2039899556  0.8383945988  -0.5054528611  
-0.1291675657  -0.9113344763  0.39087749  
0.4857024898  -0.5013837316  -0.7160359244  
-0.2270056157  0.1439856242  0.963190838  
0.235873063  -0.9400683099  -0.2462427072  
-0.8063617289  -0.07771455133  0.5862944744  
-0.7256844596  -0.6031280377  -0.3310870509  
-0.4657778523  0.3394999715  0.8171846558  
-0.5423642248  -0.7484519265  -0.3816552913  
-0.1680755185  0.886737392  0.4306360617  
-0.05528706753  -0.9977085449  0.03899999564  
0.606719519  0.2556703977  0.7526779344  
0.1986541453  0.3884511173  -0.8998012336  
-0.00245560978  0.9743030934  -0.2252275564  
0.2255247732  0.8299456668  0.5102242318  
0.3332281759  -0.7308259535  0.5956948955  
-0.8348058986  0.4970522425  -0.2367238473  
-0.0767736454  0.5890629497  -0.8044318794  
0.4816181874  0.1590500473  -0.8618277113  
-0.3719066057  0.85143808  0.3697819257  
-0.938797622  -0.2092745751  0.2736113616  
0.3164376024  0.8743838719  -0.3678587885  
-0.7239295084  -0.6834131458  0.09419415537  
0.9119839431  -0.333021391  -0.2395454878  
0.7348058675  -0.4433486236  -0.5133247852  
-0.7063685216  -0.08642942239  -0.7025478394  
-0.2559206006  0.1170239718  -0.9595884723  
-0.292188121  0.9549449038  0.05202242528  
0.6416578678  0.7344832675  0.2209287452  
-0.9373520969  0.3460720893  0.04006439066  
0.7298471664  0.4518392995  0.5129954786  
0.6973859479  -0.2672591262  0.6650003  
0.5517433417  0.05970077378  0.8318744512  
-0.6105539233  -0.7911637661  -0.03583018294  
-0.3932979075  -0.3373292928  0.8552927593  
-0.7282843298  -0.2608326154  0.6336941547  
0.5744175339  0.6604148825  -0.4836286588  
-0.9779141979  0.1673558211  0.1252032375  
0.9753546623  -0.02883542441  0.2187505452  
-0.9161760681  -0.04388152993  0.3983664438  
0.8479606258  -0.5093390829  -0.1467531113  
0.4831533951  0.8520818048  0.2012942987  
-0.4858107182  0.7355319279  -0.4722083536  
0.8519252425  -0.1061257807  -0.5127969382  
0.2020344501  0.8108320472  -0.5493027146  
0.09702565184  -0.3090257067  -0.9460915048  
0.09227541256  0.2730708272  0.9575581296  
-0.4944667118  -0.4612625405  0.7367085853  
