1  0  0  
0.6892366995  0.6386833358  -0.3421057857  
-0.1991983375  -0.1665127617  -0.9657088187  
-0.4807844383  0.1169342362  -0.8690067366  
0.1880514826  -0.03420701199  -0.9815633042  
-0.9304740593  -0.276533445  -0.2403066351  
-0.6150290892  0.2475478424  -0.7486382872  
-0.5929818173  -0.6176931449  0.5165537176  
0.6763614963  0.2521161196  0.6920784555  
0.4736141361  -0.8142221206  0.3357558464  
0.1339553365  0.9562346997  0.2601368233  
0.8729380903  -0.4875349527  0.0169929541  
0.08790325633  -0.9173922723  0.3881551704  
-0.8116203871  -0.2097851702  -0.5452178735  
-0.3608846607  0.9146968246  -0.1819120139  
-0.4408619929  0.7004101914  0.5613076402  
0.6784935274  -0.7284713751  0.09474169582  
0.9470175898  0.3117742761  -0.07716531226  
-0.6123954245  0.4292883318  0.6638398695  
-0.8512998493  -0.00520344637  -0.5246536864  
0.4048942981  -0.8223189161  -0.3998152169  
0.8703886397  -0.4336191605  0.2332338728  
-0.5706014528  0.4317698734  -0.6985619217  
-0.1208150376  -0.8899903402  -0.4396827505  
0.09143020087  -0.745932205  -0.6597163511  
0.6685597177  -0.5113503684  0.5399525021  
-0.3952208104  0.4994143829  -0.7709641918  
0.8458525688  0.1225888902  -0.5191390911  
-0.7485551385  0.4214500328  0.5119033839  
-0.920868748  0.2570518758  -0.2931298041  
0.97959686  0.1896398252  0.06653366512  
0.6339484691  -0.05430693077  0.7714661987  
-0.2303798505  0.9035340346  0.361318935  
-0.8549359274  0.2389957323  0.4603972199  
0.3978614338  -0.7597595894  0.514268068  
-0.979572273  -0.1364447707  0.1477192828  
0.2113500351  -0.5544503218  0.8049322973  
-0.3079456841  -0.8993773961  -0.3103059056  
0.8144551974  0.5778103372  0.05289561018  
-0.08495939744  -0.7352735965  0.6724244486  
-0.6870739106  -0.7263289003  -0.01938478532  
-0.4597505488  -0.7128100187  -0.5296520652  
-0.7885266998  0.5917594895  -0.1674704462  
0.7294684269  -0.3304017534  0.5989244489  
0.2806026593  -0.6701257825  -0.6871634327  
-0.2302187772  -0.3709459335  -0.8996657318  
-0.2656123187  0.3740688757  -0.8885508271  
-0.6403075451  0.7138832196  -0.2835083711  
0.9107188278  0.31789657  -0.2636910835  
0.08141382431  0.2774361802  -0.9572883344  
-0.3022836092  -0.681602078  0.6663656855  
0.7318276002  0.07404855144  0.6774549252  
-0.9108038905  -0.4037296467  -0.08624758199  
-0.7305993296  0.5680155028  0.3789234858  
-0.8417461678  -0.3116466237  0.4408398472  
-0.5289324962  0.8370890147  -0.1396867777  
0.7429602913  -0.5628376427  0.3622482484  
0.7314358824  0.4762360781  -0.4880581399  
-0.1058819622  0.599071809  0.7936636427  
0.2581966055  -0.8012046445  -0.5398199982  
-0.08284275731  -0.6596961185  -0.7469525479  
0.07278953058  -0.4197656346  0.9047090672  
-0.0007073001846  0.8410546895  -0.5409496362  
0.9126285419  -0.05389376498  -0.4052216758  
0.5677251866  0.05857803221  -0.8211313699  
-0.7247559366  -0.4011506495  -0.5601847809  
0.6036987486  0.5762132571  0.5509320314  
-0.4344913243  -0.5856768268  -0.6842513746  
-0.5027320949  0.1354097192  0.8537708409  
0.4724397404  0.5742382031  -0.6686188584  
-0.1614821403  0.9748597042  0.1535320013  
-0.8154692079  0.3914671471  -0.4263372418  
0.3996931917  0.4277522094  0.8107239974  
0.4483989734  -0.3147909622  0.8365673976  
-0.97585991  -0.06204005069  -0.2094002585  
0.1677650834  0.6028656256  -0.7800050732  
0.1358949529  -0.2303373605  -0.9635752499  
-0.1271485488  -0.4484905822  0.8846973744  
0.1446018718  0.9873078693  -0.06567701258  
0.218767027  0.8121437085  -0.5408914722  
0.9802481519  -0.1867128944  -0.06520625545  
-0.288986236  0.343326103  0.8936521373  
0.4427627843  -0.8961102464  -0.0307821883  
0.1749908224  -0.9606450032  0.2157299005  
0.3532765581  0.9338427002  -0.05597753878  
-0.5330796679  -0.7624318451  0.3667747937  
-0.2399531991  -0.1559982826  0.9581685645  
-0.619134563  -0.4416934242  0.6492913921  
0.04963899684  -0.9479187619  -0.3146203918  
0.110427969  -0.4279685343  -0.8970220718  
0.6006176138  -0.2614096114  -0.7555947968  
0.5915404579  0.7844162143  0.1864700765  
0.68397553  -0.6923259846  -0.2299178233  
0.4931431778  -0.6043548651  0.6257515507  
0.7418588454  -0.25409115  -0.6205506755  
0.128571957  0.9095385368  -0.3952327187  
-0.6102467077  -0.2466648489  0.7528315934  
-0.7581804582  0.1347053613  -0.6379787288  
-0.7413970192  -0.5334302188  -0.4071641702  
-0.6065336609  0.7918864348  0.07094217758  
0.2973747447  0.8172445537  0.4936391402  
0.9336313312  -0.06544910714  0.3522058371  
-0.6168174354  -0.7659205397  0.1813890243  
0.01337194522  0.1014127748  0.9947545628  
0.07202725919  0.4965402845  0.8650201268  
-0.2517387973  -0.5564851797  -0.7918028939  
-0.1710833299  0.03537474652  -0.9846213087  
-0.5144926689  0.8242999983  0.2362769697  
0.1022073547  0.7908765274  0.6033804564  
0.2910534279  0.3366260154  -0.8955282396  
0.9116952463  0.1418276794  0.3856120942  
0.9761580851  -0.04401543091  -0.2125512521  
-0.9352526218  0.2244859371  0.2736943506  
0.6772473734  -0.08245825248  -0.7311201213  
-0.944985341  0.3162549908  -0.08357922092  
-0.5282751934  -0.2799076149  -0.8016090363  
0.264470106  -0.9643087986  0.01281030758  
0.4574789808  -0.5503656443  -0.6984344205  
-0.2491603815  -0.9627833305  -0.1047251776  
0.3875487945  0.02547662831  -0.9214970826  
-0.1190276643  0.2339366965  -0.9649383593  
0.470316308  0.8100575269  0.3501562132  
0.3727306536  0.2255968543  0.9000988386  
-0.02229385293  0.5896619999  -0.8073423747  
-0.3406250652  -0.8561880976  0.3884797375  
0.333041646  -0.1660632639  -0.9281736122  
0.3596008168  0.02839757889  0.9326740213  
-0.03140766538  -0.9939969921  -0.1048023771  
-0.7266967124  -0.1005269262  0.6795632607  
-0.7307981497  -0.6460617303  -0.2203141054  
-0.4554043985  0.3699948018  0.8097596436  
-0.6170153768  -0.6886605389  -0.3808394503  
-0.07131581177  0.8637523196  0.4988446506  
-0.2467287882  -0.9407972446  0.2324337532  
0.57406445  0.4398445084  0.6906423211  
-0.3306948988  -0.5059212148  0.7966709536  
-0.03427009289  -0.9721741299  0.2317391247  
0.2759631573  0.7032743336  0.6551713879  
-0.2894944206  0.8813047183  -0.3734902595  
-0.5769938186  0.6735720394  -0.4619294761  
0.1157071847  -0.7176223308  0.6867532582  
-0.4402349301  -0.2097094316  0.873049346  
-0.576291539  0.7130903662  0.3992370119  
-0.9305691374  -0.1332438816  0.3410090153  
0.4462161926  0.8684693916  -0.2159907993  
0.7575680904  0.6351475494  -0.1505927585  
0.852770874  -0.3983729186  -0.3377585737  
0.6059948294  -0.5811216395  -0.5432015342  
-0.5385898686  -0.09466844861  -0.8372328459  
0.3080690641  -0.1799297997  0.9341941548  
0.343909947  -0.9174672524  -0.1999494665  
-0.07077973881  0.9959642781  -0.05518500999  
-0.7658842458  0.6408805732  0.05189810128  
0.8452567677  0.3488680971  0.404761717  
-0.2047921232  0.8156312064  -0.5411154418  
0.8541083042  -0.2027011645  0.4789689371  
-0.5317816222  -0.8467043817  0.01732039815  
0.480390796  0.3886642376  -0.7862345664  
0.7412285036  0.2904477597  -0.6051614697  
-0.8681956147  -0.4823151215  0.1166554684  
-0.9212375377  0.3658948519  0.1320695134  
0.8419365512  0.4791960874  0.2480200668  
-0.8153446955  -0.4893527653  0.3094299576  
0.8241525061  -0.5306836695  -0.1978572456  
0.4297737523  0.8906896255  0.1482110416  
-0.3093281657  0.6726758157  -0.6721780515  
-0.8124279885  0.06706478401  0.5791917456  
0.4256467485  0.7348886748  -0.5279805689  
-0.2911559221  0.5154648854  0.8059306303  
0.04935612205  0.3059735217  0.9507597895  
-0.03017463321  -0.0922018084  0.9952830341  
-0.9801733102  0.1310444142  -0.1486191223  
