1  0  0  
-0.6024977138  -0.7718422902  0.203115691  
-0.7979033186  0.1291128931  -0.588795512  
-0.4184169225  0.149929209  -0.8957949047  
-0.2443437755  -0.056304918  0.9680526203  
-0.9426238035  -0.2974739385  -0.151557319  
0.8052473776  -0.545555147  0.2322633043  
-0.64476625  -0.6602974793  0.3850762543  
-0.8408975499  -0.2225901246  -0.4933000578  
-0.6682349084  0.6712664756  -0.3207232855  
-0.08833181723  0.9943297234  -0.05921056609  
-0.8550493774  0.5173110668  -0.03577460442  
-0.1949618274  0.9484503456  -0.2498636185  
-0.6433436018  -0.1325865296  -0.7540091659  
-0.1022485333  0.9029565004  -0.4173904598  
0.2419860003  -0.632716472  -0.73560359  
-0.6079934627  0.7936851735  0.02019392741  
-0.8614954861  -0.45782756  0.2195892818  
-0.6386302009  0.2897539068  0.7128773667  
0.7811231065  0.07717862433  0.6195886962  
0.5240480662  -0.6589830221  -0.5395507399  
0.9144808676  -0.3776884593  0.1451763425  
-0.5774360979  0.7923887786  -0.1966915769  
0.2482637339  -0.3052469067  -0.9193418539  
-0.1396152706  0.774373959  0.6171325205  
-0.6421166232  0.4752386332  -0.6015267939  
0.5225064967  -0.4131865232  0.7458309848  
0.7625222017  0.04025328338  -0.645708576  
0.7841682727  -0.1717298154  -0.5963128294  
0.9395850548  -0.2263165864  0.2568282063  
-0.9828516559  -0.1034355472  -0.1526555275  
0.6816208352  -0.07239973329  0.7281149055  
0.1106655629  -0.9473982187  -0.3003160808  
0.9451742216  -0.08419906745  -0.3155252888  
0.7684872617  0.5045347534  -0.3935378142  
0.9789417033  0.2021160437  -0.02867483763  
0.1347150939  -0.5436576014  0.8284251661  
0.1386555863  0.2267500757  -0.9640326922  
0.9196282141  0.3911337681  -0.03603225411  
-0.1260985198  -0.7004456911  0.7024777556  
0.8662390949  0.4782220281  0.1446842162  
-0.3703193617  -0.8041366537  -0.4650030242  
-0.888132236  -0.01770138315  -0.459246984  
-0.1473618001  -0.3426453906  -0.9278354575  
-0.1429794109  0.4918905268  0.8588367701  
0.3951506352  -0.7349961131  0.5510323849  
-0.6862104882  0.2853767538  -0.6690854013  
0.7224367594  -0.6820522135  0.1135337249  
0.6431091692  0.5263586821  -0.5561988263  
0.04808187321  0.03410960241  -0.9982608219  
-0.2642901678  -0.5549382591  0.7887928979  
-0.9607961348  0.0385140701  -0.2745677581  
-0.9394378041  -0.2699603484  0.2111350813  
-0.8290054198  0.4200132966  0.3692409032  
-0.7493018  -0.3651899939  0.5524337796  
0.4666079171  -0.58521207  0.6631771143  
0.7352850544  -0.5224126142  0.4317880838  
0.7482402073  0.626505571  -0.2182369391  
0.05035569052  -0.6531894067  -0.7555183012  
0.4259127258  -0.8036453252  -0.415635106  
-0.9231953444  -0.127296098  0.3626376421  
-0.1894712209  0.3728498967  -0.9083411314  
0.1856950371  0.8154389263  -0.5482487672  
-0.5155656679  -0.8559223495  0.0398619327  
0.5184781107  0.2484010223  -0.8182159744  
0.3375937771  -0.1155257963  -0.9341756966  
-0.6178190779  -0.4633447356  -0.6353040555  
-0.3371097952  -0.6176029085  -0.7105797868  
0.520059449  -0.1060526899  -0.8475204991  
-0.5148814319  -0.6658821067  0.5399056687  
-0.4956843018  0.7800106719  -0.3819429601  
-0.8561867869  0.3870911774  -0.342205503  
0.2502903271  0.49050261  0.8347226736  
0.3010475839  -0.8582314414  0.4157031936  
0.2020619261  0.9564458975  -0.2106708885  
0.064839057  0.5588394628  -0.826737172  
-0.1458853356  0.1395486391  0.9794098459  
0.006103338002  0.3941329291  -0.9190331786  
-0.2102019096  -0.9684701257  -0.1337190067  
-0.3685645745  -0.7817773307  0.502975506  
-0.9809513131  0.1454192089  0.1287935361  
0.3900294488  -0.8876828667  0.2447369141  
0.4665556642  -0.8821340705  0.06453908867  
0.4557206011  0.473580119  0.7536846851  
-0.3152714613  -0.9480654827  0.04213960449  
0.4122193271  0.887831439  -0.2045252121  
0.0529894174  -0.3300983727  -0.9424580553  
0.4665760081  0.5485913967  -0.6937970222  
-0.0280762947  0.8820884706  0.4702463734  
0.2804720842  -0.9571089094  0.07264946963  
-0.5369125132  0.007142509391  -0.8436076918  
0.3219821143  0.6808974589  -0.6578040502  
-0.7605149342  0.5875332437  0.2764447908  
0.3311571923  -0.5056456424  0.7966538761  
0.7519008934  -0.3629644095  -0.5503652277  
-0.4840255496  -0.8264469931  -0.2875841356  
0.5909484846  0.3965250435  -0.702529557  
0.5622754475  -0.2227580078  0.7963825658  
0.5350341158  0.7182198791  0.4448580674  
-0.7657551215  0.6388178455  0.07436971303  
-0.4269820759  0.5858372872  0.6888257979  
0.8842450235  -0.1823955338  0.4299332595  
-0.6086458412  -0.07683059378  0.789713429  
0.05369936793  -0.2094564994  0.9763423338  
0.04980973786  0.5039391724  0.8623017456  
0.3365365923  -0.7388685858  -0.5837947713  
-0.1482375257  0.01035136122  -0.9888976111  
0.6982127724  -0.5499132995  -0.458360434  
-0.06011429071  -0.7809831109  -0.6216523566  
-0.3332402021  -0.2414951029  0.9113896439  
0.9296324566  0.1676339212  0.3281499111  
0.9804098094  0.06571909199  -0.1856814653  
-0.6006200284  0.7072335504  0.372929332  
0.2957324838  0.9057061878  0.3037080826  
-0.9823088442  0.1676196297  -0.08350445684  
-0.3610853005  -0.3355197277  -0.8700827076  
-0.3869422079  0.9166141779  0.1004697798  
-0.6138452092  0.4904737343  0.6185705902  
0.4589707952  0.169314338  0.8721688277  
0.4348269872  0.07032378038  -0.8977639206  
0.240516954  -0.1844160786  0.9529650071  
-0.1728183939  -0.8674781039  -0.4664928102  
0.2514822494  0.1830187411  0.9504003465  
-0.2710859285  0.6609084671  -0.6997945537  
-0.09458995788  -0.9122544459  0.3985530904  
0.5057097063  -0.4169850116  -0.7552358526  
0.7858403833  -0.339118509  0.5171590943  
0.09244697555  0.9480921939  0.3042609875  
-0.6688907299  0.1057622125  0.7357985769  
-0.7810870413  -0.537193929  -0.3183170063  
-0.4397217608  0.2748069353  0.8550590163  
-0.4899753694  -0.6294113477  -0.6031297479  
-0.2279880244  0.8596878294  0.4571195651  
0.1103599012  0.9929924489  -0.04226924022  
0.7151014147  0.282001343  0.6396133279  
-0.204349538  -0.4018671678  0.8926052015  
-0.002594687959  -0.9722510646  0.2339254904  
0.2616412834  0.7511826061  0.6060268403  
-0.379893679  0.3338671741  -0.8626780991  
-0.5782780407  0.6418293235  -0.5036364037  
-0.07213349399  0.6935489874  -0.7167890632  
-0.6912803728  -0.2266618336  0.6861165057  
0.4986923408  -0.8365252085  -0.2270055609  
0.8628113042  0.3269618349  -0.3855549402  
-0.2904615177  -0.8850801451  0.3636828886  
0.6903282921  0.7224937352  -0.03807429202  
-0.8716738455  0.230993226  0.4322347008  
0.6523492207  -0.7330514632  -0.1925514128  
-0.5580097823  -0.3108678589  -0.7694064317  
0.340488739  0.017336695  0.9400887499  
0.1948726332  -0.9738118924  -0.1171112931  
-0.004107317372  -0.9915576875  -0.1296012432  
-0.9441412544  0.3267482692  0.04281191767  
-0.7674570621  -0.4109017594  -0.4921071042  
0.003867393948  -0.8193237877  0.5733180393  
0.4088654236  0.903955283  0.1252753441  
0.5981071435  0.7912556546  0.1272098029  
-0.4025091011  -0.4094309033  0.8187507307  
0.8289114996  0.1833041363  -0.5284934432  
-0.754209871  -0.6428898596  -0.1336416813  
0.9241130663  -0.2907553481  -0.2479442844  
0.05117522669  0.1616970343  0.9855126408  
-0.8237298646  -0.5654087427  0.04221449781  
0.868620526  -0.4679703837  -0.1627946613  
0.6564084133  0.6943446786  0.2949804438  
-0.1981119369  0.7946195695  -0.5738740282  
-0.8717505224  0.02291551667  0.4894138391  
0.4942591508  0.7916263326  -0.3592153133  
-0.3282109588  0.461499485  0.8241940256  
0.1438966804  0.6474171716  0.7484281871  
-0.308304724  0.9080713733  0.283468831  
0.662838116  0.5763005229  0.4780411482  
0.8729650053  0.3605283384  0.3285596092  
