1  0  0  
0.5382289101  0.8201110191  -0.1942358273  
-0.2688216275  -0.3064166344  -0.9131504688  
-0.4042619539  0.1850246105  -0.895733312  
0.1007938067  0.04531192693  -0.9938749609  
0.9208217271  0.3606559224  0.1483733549  
-0.8640435588  -0.2033698624  0.4605099646  
-0.4739177056  -0.7988367926  0.3704885789  
-0.7396902418  -0.1992838602  -0.6427630117  
-0.6739301109  0.6603072841  -0.3313796857  
0.004624183073  0.9923382579  0.1234641598  
-0.9788354036  0.1908736371  0.07381400471  
-0.1103484025  0.9088376156  -0.4022902167  
0.6796613625  0.0176842089  0.7333128262  
0.1958401986  -0.8096721808  0.5532427824  
0.398670791  -0.4542594363  -0.7966868676  
0.8342059733  -0.4932923388  -0.2465016482  
0.944368235  0.3227433445  -0.06328799549  
-0.5889203548  0.1117367878  0.8004297008  
-0.8164064973  -0.03033238322  -0.5766804814  
-0.4909301033  0.7081947059  0.5073932324  
-0.4793228908  -0.8772560811  0.02591012388  
-0.5074820225  0.8612536824  -0.02653472071  
0.08648449738  -0.9505957193  -0.2981412588  
0.1154458633  -0.7677145163  -0.6303068095  
-0.7122200903  0.5094228366  -0.4829398685  
-0.5886090874  0.4842323105  -0.6473472111  
0.7749931716  0.1311858218  -0.61820374  
0.7290976423  -0.399155767  -0.5559598022  
-0.9115548405  0.3308876792  -0.2440924344  
-0.9768922761  -0.03410297977  -0.2109939993  
0.7480699072  -0.3375579729  0.5713545562  
0.3504432156  -0.8225395555  -0.4479042668  
0.9768958109  -0.05834444091  -0.2055979106  
-0.5013726335  -0.5011219962  -0.7053383779  
0.9390209317  0.07341116802  -0.3359322703  
-0.2926306511  0.3689714949  -0.8821719436  
0.8641720833  -0.4897556201  0.1155250753  
-0.9798864072  -0.1845503494  -0.07591967814  
-0.3074147589  -0.6624585947  0.6831140288  
-0.823730381  -0.5257907172  -0.2121612149  
-0.4048169232  -0.7927444421  -0.4557186722  
0.1795152655  0.9561091829  -0.2315804394  
-0.3082730117  0.8720163937  -0.3802041022  
-0.2142900255  0.460012047  0.8616662356  
0.3708237537  0.2121594274  -0.9041449668  
-0.6304715867  0.3098587517  -0.711683309  
0.80688297  -0.5888331925  -0.04706744342  
0.7600469029  0.5546786357  -0.3386152928  
-0.652819069  -0.06157283241  0.7550073175  
0.4072795793  0.5062942027  -0.760124677  
-0.7399176178  0.1485856751  -0.6560824766  
-0.9809529379  -0.1381793498  0.1365203316  
-0.313891246  0.9483773839  -0.04530588608  
-0.6865820602  -0.5085798774  0.5195686508  
0.4566387006  -0.6204359467  0.6376051545  
0.5749455692  -0.6517394005  0.4946446667  
-0.6615032087  -0.6995058005  0.270379622  
0.2152728394  -0.1315347578  -0.9676550068  
-0.3043276499  0.7313976827  0.6102803546  
-0.06481488491  0.6391702917  0.7663291518  
0.00247693088  0.5619922701  -0.827138775  
0.1997783386  0.8027350884  -0.5618763149  
0.8452803538  -0.3570580871  -0.3975055294  
-0.6346195437  -0.2456234959  0.7327531188  
0.4987018559  0.006535376738  0.8667489532  
-0.6333301229  -0.5322441572  -0.5617909865  
-0.3188846834  -0.6114083187  -0.7242184936  
0.4998735669  0.08249786751  -0.8621603789  
0.5934489222  0.6658910085  -0.4521145227  
0.5972195857  -0.7807421051  0.1837676028  
0.8055647436  -0.5066995925  0.3071171874  
-0.162074053  -0.4834173675  -0.8602555726  
0.4154344146  -0.8857678696  0.2069529615  
0.2073104672  0.9694345136  0.1312215457  
0.2014719751  0.5513973059  -0.8095492909  
-0.1013502716  0.04147420099  -0.993985922  
0.09437125037  0.4007352391  -0.9113206545  
0.3122977033  0.899103928  0.3067283345  
0.3946291529  0.7478443568  -0.5338507747  
-0.9802389485  0.1446621141  -0.1349239658  
0.4188098204  -0.1081595391  -0.9016095876  
0.4018192706  -0.9061119256  -0.1322968335  
-0.01215705156  0.1345789505  0.990828296  
-0.4035102671  -0.9038909104  -0.1419883323  
-0.3659401123  -0.9049933623  0.2169673903  
0.2554220517  -0.6104611  -0.7497311657  
0.5906916499  0.4371741009  -0.6782051167  
0.01539022002  0.8818477009  0.471283114  
0.1275744218  0.6420307479  0.7559902682  
-0.8444936984  0.3380976426  -0.4153557241  
0.2164706265  -0.9504719246  0.2230327072  
-0.7384152452  0.5411625879  0.4023505674  
-0.2757840164  0.6764775118  -0.6828772601  
-0.6756852523  0.2590519228  0.6901750076  
0.01219997954  -0.2245671126  0.9743822517  
0.7437236373  0.3280303136  -0.5824699689  
0.4768120761  -0.3479296117  0.8072144878  
0.5878448818  0.6839829813  0.4319787913  
-0.9037915778  0.4182111054  0.09088594577  
-0.4466253938  0.5949113646  0.668286036  
0.9145883534  0.03454926807  0.4029075475  
0.5956203442  0.7944389447  0.1187567632  
0.2099415662  -0.2066740017  0.9556204245  
0.02579696893  -0.4838636077  -0.8747631254  
-0.1120165783  -0.9469745856  -0.3011501625  
0.1888509796  0.1368256879  0.9724268809  
0.614743435  -0.5658005957  -0.5495090491  
-0.07686559376  -0.7756036066  -0.6265227258  
-0.1828451462  -0.224478486  0.9571713858  
0.7596744407  0.3788378404  0.5285609093  
0.9239894093  0.2692613472  -0.2715545955  
0.619382725  -0.6964614246  -0.3623624207  
0.1014908536  -0.3944251396  0.91330631  
0.9456952013  -0.3194556334  0.06007232694  
0.3466982961  0.4547656047  0.8203587851  
0.1985294491  -0.9728433045  -0.119004045  
-0.5752559236  0.4331410036  0.6938800281  
-0.0008458266321  -0.8233159266  0.5675827425  
-0.3005335203  -0.0417600675  0.9528565999  
0.1934946009  -0.5467353789  0.8146411878  
-0.206333182  -0.8605982819  -0.4656148786  
0.4778161961  0.3193516217  0.8183558056  
-0.08680982531  0.7020915172  -0.7067754634  
-0.08935353296  -0.9082782158  0.4087133823  
0.5047940158  -0.2854462716  -0.8146799541  
-0.6844226042  -0.6814452039  -0.2592260267  
-0.2812439658  0.9151814484  0.2886949049  
0.750242352  -0.07696582793  -0.6566678571  
0.9352076784  0.2105875121  0.2846743719  
-0.3237272271  0.2885531024  0.9010759067  
0.4665127155  0.6596237301  0.5892897598  
-0.170467794  0.8669185878  0.4683939511  
-0.09519744758  -0.9940225832  0.05344670247  
0.633721839  0.3566684548  0.6864286155  
-0.2909831637  -0.3892213394  0.8739768575  
-0.01593963006  0.9718374044  -0.2351127124  
0.2722316563  0.7476604888  0.605717524  
-0.3851372659  0.50942414  -0.7695169472  
-0.5027435617  0.7863388927  -0.3590543928  
-0.1082885387  -0.6998820206  0.7060019473  
-0.4854927201  -0.3257410852  0.811288829  
-0.4760063942  0.8240141652  0.3072760456  
-0.8710348511  -0.4471158761  0.2034347105  
0.2922387172  0.9554044747  -0.0424125198  
-0.8693894319  -0.4940715844  -0.007435397563  
-0.8168873354  0.2154354263  0.5350538836  
0.5841471523  -0.7962847648  -0.1571708554  
-0.5895854669  -0.1729243043  -0.7889779225  
-0.3067039849  0.02277689601  -0.9515323844  
0.1075333111  -0.9926294556  0.05588694801  
-0.7501228207  0.643474774  -0.152499079  
0.9286157492  -0.2859932727  -0.236390859  
-0.8561868579  -0.3805392821  -0.349476636  
-0.8548095827  -0.2118301218  -0.4737389331  
0.5805525539  -0.149119306  0.8004512257  
0.7563107178  0.6498809564  0.07515877016  
-0.5059421411  -0.6040533171  0.6157451908  
-0.8270085348  -0.3885647423  0.4062933969  
0.7824876216  0.6084561676  -0.1322656956  
-0.9157814091  0.147114574  0.3737669231  
0.8532307996  -0.1531005513  0.4985553368  
-0.659495434  -0.7492443503  0.060816741  
-0.723654588  0.6584924711  0.206668098  
-0.5099458708  -0.8092892249  -0.2915581576  
0.3876250662  -0.7609406035  0.5203039554  
-0.8638579483  0.008290833586  0.5036672585  
0.285232401  0.8722014538  -0.3973752652  
0.1214294699  -0.305430488  -0.9444400991  
0.0746081872  0.3144121864  0.9463501442  
-0.6761196391  0.7367876244  0.002496015245  
0.9342358904  -0.148146304  0.3244317704  
0.7410837104  0.5423190483  0.3958345412  
-0.3933109726  -0.1588147369  -0.9055850916  
