1  0  0  
-0.5115683214  -0.8219484344  0.2503969324  
-0.7264575343  -0.5748936362  0.3765059866  
0.4716359849  -0.2098267216  0.8564649699  
-0.4970620604  0.177137307  0.8494419831  
-0.935575919  -0.2592769409  -0.2397356206  
-0.360371037  -0.9082828337  -0.2124970817  
-0.4165106894  -0.8030902385  0.4261043469  
-0.7364875678  -0.06790049627  -0.6730346091  
0.5239524277  -0.8127287515  0.2548447174  
-0.05679091281  -0.9847683808  -0.1643351101  
0.9228664686  -0.3656378615  -0.1209398004  
0.1342533347  -0.7897161062  0.5986021331  
-0.632847931  0.07911432653  -0.7702236166  
0.1526430757  -0.9393254465  0.3071934195  
0.3358944853  -0.531778447  -0.7774230367  
0.7426082814  -0.6696289501  -0.0114021725  
0.9284463875  0.3652311401  0.06777551023  
0.6679789073  -0.1383180785  -0.7312128887  
-0.8500922939  -0.0006010528525  -0.5266333929  
-0.4537965192  0.6943462118  0.5585266845  
-0.9460629335  0.3120163032  -0.08723962578  
0.4877289766  -0.8692983434  -0.08025481621  
-0.3789668866  0.04033514067  0.9245307866  
0.1159740949  0.7628441437  0.6360965506  
-0.6792072069  0.5189931163  -0.5189640791  
0.5746892441  -0.4624477493  0.6751846798  
0.8538245239  0.2583707919  -0.4519161607  
0.7636759573  -0.4537021531  -0.4592966237  
-0.9217285122  0.2506638539  -0.2959462488  
-0.9768667024  -0.06480261158  -0.2037941788  
0.7557287441  -0.1432473454  0.6390260271  
-0.2381090703  0.8032146526  0.5460314025  
0.9103731325  -0.08849215593  -0.404215163  
0.8410632648  0.4318354648  -0.3257770955  
0.9805985767  0.1902764599  0.04713067189  
0.2504663005  -0.4901244938  0.8348919768  
-0.7207775264  -0.04666072835  0.6915941974  
0.8470131462  0.5311713904  0.02063211704  
-0.07031786996  -0.8145303517  0.5758434712  
-0.7332448721  -0.6794280488  0.02700896054  
-0.4541664029  -0.6281371773  -0.6318042141  
0.2437427188  0.09719097839  -0.9649577197  
0.3118762314  -0.2374103793  -0.919983439  
-0.1474908325  0.5954149601  0.7897641924  
-0.4425225471  0.7815065217  -0.4397969439  
-0.7308256098  0.3379836741  -0.5930100877  
0.8737424779  -0.4861796551  0.0142627231  
-0.9786749872  -0.1536672506  0.1363145098  
0.1926002526  0.9385218908  0.2864992202  
-0.1167332126  -0.4039301881  0.9073112808  
-0.4884220985  0.01434379577  -0.8724896041  
-0.8617973927  -0.45270107  -0.2288383605  
0.9098136127  0.1362739384  0.3920058723  
0.6239702801  0.5505901527  -0.5545372605  
0.5191008677  -0.6352414142  0.5718414421  
0.7545472318  -0.5593402477  0.3432156207  
0.5840994112  0.7022704756  -0.4069939273  
0.5883176805  0.8053783831  -0.07244285229  
0.08836021728  -0.7361177254  -0.6710612239  
0.08518928687  0.2295515786  -0.9695611678  
-0.02436429324  0.4766868217  0.8787354865  
-0.03240965678  0.9855578284  -0.1662088476  
0.9343238672  -0.0610417823  0.3511592403  
0.4345883729  0.1505210344  -0.8879619161  
0.8191394471  -0.3876242836  0.4227978015  
0.5142042659  0.3380516931  0.7882353873  
0.39440142  0.5008641989  0.7704431025  
-0.6063581799  -0.1962249666  0.7706007527  
-0.7524902349  -0.4131381925  0.5129086471  
-0.4300220281  0.8968586089  -0.1035649118  
0.8746420658  -0.4260868363  0.2311952955  
-0.3147206541  -0.3577195939  -0.8791971349  
0.3475687044  -0.8914200867  0.2908027248  
-0.05704988827  -0.632028397  -0.7728424262  
0.2009357026  0.8746466161  -0.4411554606  
0.185114136  -0.1002676277  -0.9775884407  
-0.09739312161  -0.3443259672  -0.9337848833  
0.2655318526  0.9623251686  0.05850730861  
-0.02106498161  0.6887057654  -0.7247348724  
-0.7971815828  0.5840841672  -0.1527979373  
-0.4399614228  0.3951543019  -0.80640376  
0.3042679884  -0.9507841822  -0.05856987366  
-0.7620365092  -0.5242593158  -0.3800691101  
-0.4809723944  -0.8736167137  -0.07388770817  
-0.2968573884  -0.7658929202  0.5703365022  
0.2977223898  -0.6795504003  -0.6705017763  
0.4721619053  0.6675628078  -0.5756935233  
0.1930681221  -0.9009529792  -0.3885980307  
0.7487517514  0.2304106325  -0.6215156919  
0.6515631554  0.6816820924  0.3328287541  
-0.08743808961  -0.9960275149  0.01684547774  
0.6214022679  -0.5937181134  -0.5112318685  
-0.2124974317  0.6489471661  -0.7305562382  
0.7462073978  -0.2815800517  -0.6032306308  
-0.08315395875  0.3707957222  -0.924984298  
0.4928656993  0.5033332869  -0.7097457325  
0.2796860254  -0.3179096059  0.9059300247  
0.6252185381  0.5874534459  0.5138095255  
-0.8117095527  0.5621804521  0.1583690037  
-0.4959707993  0.537059655  0.6823341507  
0.3370553636  -0.7264780974  0.5988516142  
0.8565890479  -0.4240137844  -0.2940535897  
-0.04850966957  -0.04187255091  0.9979446385  
0.1046316367  -0.2893434245  -0.9514896759  
-0.9346647052  -0.09286788473  0.3431871862  
-0.1445201062  -0.0002269101954  -0.989501838  
0.3897068652  -0.8187375975  -0.4216601779  
-0.2602552515  -0.6416035547  -0.7215345332  
-0.2849624623  -0.2832716952  0.9157256913  
0.8085216118  0.2090431036  0.5500852517  
0.9783001137  -0.04020999325  -0.2032536444  
0.5777076289  -0.7202694466  -0.384012786  
0.4008666196  0.9109252401  -0.09757643233  
0.9802680107  -0.1275395098  0.1510241721  
-0.6760649283  -0.2780176004  -0.6823799723  
-0.1098758685  0.9937276007  0.02080262527  
-0.6482174825  0.4430156085  0.6193151589  
0.6729592537  -0.7095462661  0.2089735368  
0.5632392151  0.009489648693  -0.8262393921  
0.1128154466  -0.1899383799  0.9752928211  
-0.4963907363  -0.7319951454  -0.4666683449  
0.0204100359  0.1518169696  0.988197874  
0.05488059796  -0.5382254225  0.8410121965  
-0.09367481652  -0.9483572126  0.3030571334  
0.5872575621  -0.3192714391  -0.7437703301  
0.6138763308  -0.2770879592  0.7391739399  
-0.3322695187  0.9106046724  0.2457561749  
0.8467186704  0.07625600432  -0.5265477329  
-0.7650246076  -0.6179848831  -0.1811961204  
-0.4259659721  0.3713799878  0.8250029668  
-0.5793670173  -0.4707490453  -0.6653789864  
-0.03664204873  0.851143943  0.5236519345  
-0.2403711764  0.9619534297  -0.1298741566  
0.5958202904  0.1349611531  0.7916967025  
0.1431430833  0.5624977367  -0.8143134249  
-0.0347169607  0.8950038126  -0.4447054172  
-0.1601696172  -0.8665717995  -0.4726510446  
-0.4011047854  0.5691714449  -0.7177456495  
-0.610487791  0.6828883158  -0.401208431  
0.3474002768  0.847756377  0.4007769616  
0.4710114225  0.3339171523  -0.8164848898  
-0.5055637637  0.824411896  0.2544608153  
-0.9239889263  -0.2711254507  0.269695113  
0.3232616721  0.9012065006  -0.2886671692  
0.8122899849  0.5559589661  -0.1763366339  
-0.8550158289  0.2748383834  0.439786079  
-0.658961541  0.7320104278  0.173004107  
-0.4290271121  -0.1961938421  -0.8817276867  
-0.3075335681  0.1375583753  -0.9415417133  
0.1429454313  -0.967710897  -0.2076107499  
-0.3361382702  -0.6126762304  0.7152893821  
-0.9809247422  0.1847131988  0.06056140902  
0.7313476108  0.4095160342  0.5453689485  
-0.2144286779  -0.9654199759  0.1482720882  
0.3257511104  0.04903871936  0.9441829368  
0.637511176  0.759349426  0.1302610833  
-0.3151237796  -0.4563415894  0.8321354201  
-0.6320692586  -0.3761803356  0.6774782708  
-0.9161304887  -0.3827514184  0.1191900979  
-0.9376391562  0.2284933378  0.2619610799  
0.2168701528  0.2021478329  0.9550411459  
-0.6779430369  -0.7001222152  0.2241029284  
-0.7277192904  0.6039819696  0.3250083303  
-0.51558674  -0.8099342987  -0.2796010468  
-0.2505517834  0.8516576781  -0.4603292334  
-0.8090581979  0.1047408114  0.5783201491  
0.1674372958  0.7020905064  -0.6921225851  
-0.2229409953  0.417235525  0.881028847  
0.3119560638  0.7587834381  0.5717788981  
-0.6061743262  0.7940951882  -0.04433416737  
0.00228600568  0.935978383  0.3520500542  
0.8507465178  0.3384562765  0.4020916704  
0.1880399119  0.5018102892  0.8442910785  
-0.8540989416  0.2003789523  -0.4799617417  
