1  0  0  
-0.4718272129  -0.8401658479  0.2673956415  
0.4347833546  -0.2079843344  -0.8761883081  
-0.4533071863  0.1757090083  -0.8738643712  
0.2416169658  -0.1416600825  -0.9599758658  
-0.8147688823  -0.3930260112  -0.426241977  
0.9745496546  0.05011437414  -0.2184983298  
-0.4962270216  -0.7314550453  0.4676882078  
-0.7476241502  -0.1527621057  -0.6463140638  
0.6414771755  -0.6839152886  0.3475153398  
0.02021778198  0.9912744674  0.1302542576  
-0.8273766186  0.5608958904  -0.02904704834  
0.008369587066  0.916676489  -0.3995424439  
-0.854185987  -0.01253133585  -0.5198165689  
-0.127998394  0.9589164665  -0.2531711308  
0.4650909369  -0.5548963895  -0.6897683795  
0.5508817675  -0.8339774651  -0.03179411703  
0.9305827608  0.3455502048  -0.1208750648  
0.7198910691  -0.08312042741  -0.6890920426  
0.934266131  0.07240459925  0.3491480637  
-0.4513216367  0.7013042045  0.5517981451  
-0.6703814486  -0.1061680002  0.7343821002  
0.4918559583  -0.5611867709  0.6656929656  
-0.1117914137  -0.9374193933  -0.3297689507  
-0.1011729303  0.774854898  0.6239903247  
0.5148649116  -0.3347785288  0.7892005192  
-0.3743823978  0.4817097209  -0.7923342508  
-0.8481184447  -0.2438607337  0.4703477929  
0.8430305514  -0.286792524  -0.4550269636  
-0.8605105884  0.3310550321  -0.3872003267  
0.8726507827  0.4288895676  0.233525909  
0.6053282172  -0.1135068815  0.7878413148  
0.2822944368  -0.9248451123  -0.25489482  
-0.9287941594  0.1167506953  0.3517252971  
-0.2627661296  0.9599194366  -0.0975122366  
-0.9432222587  -0.3212460259  -0.08445567816  
0.2297935766  -0.6101585234  0.758222585  
0.6114103786  0.7812534596  -0.1257790952  
0.8678180147  0.4966325956  0.01574669377  
-0.1255532284  -0.5669655012  0.8141170108  
-0.7349298649  -0.6780034081  -0.01376489724  
-0.4230316164  -0.7812218369  -0.4590606638  
0.2935736939  -0.6587543322  -0.6927172699  
0.1756570638  -0.8809923529  0.4393143181  
-0.1375644286  0.6047009009  0.7844825354  
0.7535753206  -0.3845655815  0.5331355828  
0.3262691067  -0.3122833971  0.8922037603  
0.7038162838  -0.7103711819  -0.003927151366  
0.8590675802  0.389989377  -0.3315285485  
-0.463537376  -0.8832567925  0.07064375084  
0.2512576061  0.4383742104  -0.8629586705  
0.7430392512  -0.04498962672  0.6677339325  
-0.7941429635  -0.5848461558  -0.1652026862  
-0.6710142032  -0.5214908915  -0.5270552051  
-0.7544077855  -0.4220804058  0.5027096818  
-0.4454364795  0.885755998  -0.1304708962  
0.7632322813  -0.5233392791  0.3789359888  
0.7518814249  0.5582553486  -0.3507496097  
-0.2775075789  0.3256542541  0.9038466963  
0.3827534094  -0.8334366273  -0.3986015752  
-0.8210336781  0.46631786  0.3293195301  
-0.1883669346  0.4347460714  -0.8806325859  
-0.01125946006  0.8212164718  -0.5705056801  
0.6021478728  -0.2435569021  -0.7603275444  
0.5127104487  0.1310277087  -0.8485044109  
0.6657337992  0.7108160847  0.2270220306  
-0.5991730996  -0.6828716462  -0.4179448666  
-0.6108052608  0.7752888553  -0.160761078  
-0.5694254101  0.05806174373  0.8199899611  
-0.4829218592  -0.609105173  0.6291083898  
0.4903101072  -0.8111550063  0.3187844956  
-0.8564098981  0.4634563636  -0.227530845  
-0.2523541512  -0.4636925335  -0.8492977197  
0.3163232637  -0.9039106025  0.2878979257  
0.3251302871  0.8925153986  0.3125804852  
-0.05328558431  0.5454117887  -0.8364727295  
-0.07991936404  0.2586673829  0.9626547046  
0.0278160346  0.3868254754  -0.9217333236  
-0.2128285149  -0.9627468031  -0.1668011284  
0.1468992077  0.7163290494  -0.6821241205  
0.9498732274  -0.2984647053  -0.0930573562  
0.1124405667  -0.4381963008  -0.8918189956  
-0.02271793614  -0.6806588996  -0.7322481532  
0.4351924977  0.3854202024  0.8136699316  
0.2997745304  0.933658496  -0.1960026627  
0.3317388728  0.7343107348  -0.5922305844  
0.5059604647  0.6347477615  0.5840370599  
0.6336866519  0.5904197996  -0.4998456637  
-0.00844962214  -0.875029492  -0.4839958596  
0.3212468316  0.7219731642  0.612825606  
-0.6890250922  0.2464377799  -0.6815517904  
-0.9192101896  -0.257785067  -0.2976566589  
0.7009376587  -0.61407104  -0.3627714935  
-0.616995225  0.4240755069  -0.6629305068  
0.737106068  -0.4478216211  -0.5060933118  
0.3345742198  0.1590386972  -0.9288524017  
0.6172366034  0.4505504815  -0.644998635  
-0.8190204706  0.1906608733  -0.5411597732  
0.2110425911  0.6306642318  0.7468089792  
-0.7499063785  0.6329249918  -0.1924743573  
0.2760805128  -0.7842376289  -0.5556535718  
-0.9773590762  0.05408028219  -0.2045594274  
0.5093223956  -0.7017502587  0.498133789  
0.03085712746  0.1665314366  -0.9855532042  
0.05838692448  0.5281300614  0.8471538262  
0.9378401495  -0.2618932912  0.2277449408  
-0.1182813985  0.03773537103  -0.9922628445  
-0.5546405071  0.7382984126  0.3837829618  
-0.1248437656  -0.7805269248  -0.612528982  
-0.4028000568  -0.3158886132  0.8590497647  
0.8492919703  0.2092558783  0.4846804376  
-0.9823667397  -0.1768752622  0.06058655229  
0.6331467996  -0.7478950086  -0.1994446947  
-0.3943026887  -0.5605171946  -0.7282484907  
-0.9814692788  0.1831342912  -0.0563904796  
0.6051858743  0.2780971182  0.7459303255  
-0.3732768202  0.9255254474  0.06377351863  
-0.7382787455  0.2696254129  0.618260973  
-0.1931916286  -0.9177947486  0.3468858515  
-0.3933105507  0.02478426879  0.91907157  
0.1335546391  -0.2582696678  0.9567967062  
-0.5110966671  -0.811105312  -0.2844088074  
-0.2907553426  -0.08373408276  -0.9531263999  
0.1946510233  -0.7693897316  0.608399885  
-0.1745086075  -0.8339632423  0.5234998151  
0.462803447  -0.3851813397  -0.7984035978  
0.4596267223  0.01223300699  0.8880279442  
-0.08044328963  0.9545093103  0.2871251535  
-0.8038856599  -0.08316683742  0.5889406786  
0.7477912362  0.5623045509  0.3530182134  
-0.6145737043  0.4244049063  0.6649658919  
-0.5676091641  -0.4617650271  -0.6816105168  
-0.1782922256  0.8842162983  0.4317098795  
-0.1257840665  -0.9914479156  0.03477641739  
0.7245622083  0.3430817838  0.5977495261  
-0.1838212693  -0.2778687367  0.9428672792  
0.07152948171  0.974706426  -0.2117331253  
0.2274466159  0.8519158181  0.4717069808  
-0.3596849388  0.6843160338  -0.6343014352  
-0.6410661743  0.5632327258  -0.5213473476  
0.04446951951  -0.6942373214  0.7183710764  
-0.5783061783  -0.2956580851  0.7603606124  
-0.4711322087  0.8537443655  0.2217092698  
-0.9341500707  -0.2224318691  0.2790836952  
0.3503502005  0.8403342751  -0.4136339481  
0.7393005432  0.6508490405  -0.1727143115  
-0.9126882582  0.2990059497  0.2785598418  
-0.6055074358  0.5876963773  0.5366318228  
-0.6170296741  -0.08517227252  -0.782317113  
0.2843058872  -0.1178930378  0.9514575104  
0.1807082317  -0.9785799909  -0.09861914858  
0.3014080291  0.9534814577  -0.005129304273  
-0.7681389413  0.6163584356  0.1733921733  
-0.4584136515  -0.2007675064  -0.8657651717  
-0.1914846388  -0.0530908451  0.9800586693  
0.07072219463  -0.9955412645  0.06241764019  
-0.5878167742  -0.8054224334  -0.07593512833  
0.4505342825  0.4676547846  -0.7604721315  
0.7274945608  0.2700326473  -0.6307408607  
-0.8460183693  -0.5045377627  0.1723211098  
-0.9796370548  0.1248950543  0.1572019917  
0.9184915755  -0.3894346961  0.06865743378  
-0.620851416  -0.7143373631  0.3229019214  
0.8744025279  -0.4651559667  -0.1380222653  
0.4205286046  0.8969703913  0.1363811197  
-0.3514712499  0.8102841763  -0.4689429754  
0.8409887313  -0.1026204209  -0.5312315908  
-0.3066717874  -0.5990364001  0.7396673619  
-0.3029262721  0.4970931803  0.8131014966  
-0.09033402079  -0.3578188689  -0.9294113308  
0.04700219197  -0.06489211322  -0.9967847348  
0.9791796824  0.1381065319  0.1487741086  
0.9076208484  0.06481760662  -0.4147566437  
0.1165502787  0.1708866081  0.9783730371  
0.9153504269  -0.1294601879  0.3812789735  
0.2819347171  0.2806706663  0.9174621476  
