1  0  0  
-0.5191984319  -0.7553501556  0.399848885  
0.5033884071  -0.6401777969  0.5803210318  
-0.6290843021  0.206452704  -0.7494199236  
-0.2674976649  -0.01772351886  0.9633954931  
-0.9307196234  -0.2795216845  -0.2358571827  
0.6070849126  0.7930808357  -0.04970610611  
0.7676447885  0.4657999247  -0.4401725899  
-0.8201566531  -0.2225973251  -0.5270611874  
-0.4746282792  0.8463024542  -0.2418680478  
-0.02686779565  -0.9780132657  -0.2068046751  
0.5997308914  -0.7959885659  0.08200646848  
-0.04560406277  -0.9485319601  0.3133805835  
-0.697542437  0.0001831519979  -0.7165434495  
-0.1476982322  0.9197621819  -0.3636244779  
0.2833824393  -0.6543256872  -0.7011079005  
-0.4261487767  0.9026522345  -0.06013454571  
0.9366037628  0.334923486  -0.1029546017  
0.5801441591  -0.368431269  -0.7264235367  
0.8240771216  0.04163521107  0.5649454902  
-0.4573314409  0.659514615  0.5965638489  
-0.6915156224  -0.1621980634  0.70391614  
-0.6468793168  0.6253433109  -0.4364549153  
0.8315081786  -0.2949865758  0.4707197351  
0.1069891058  -0.7472670704  -0.6558546004  
-0.5347781285  0.3944851025  -0.7472575575  
0.361196075  -0.3899000459  0.8470627779  
0.8693117173  -0.0238445088  -0.4936887456  
0.7246650894  -0.3694429496  -0.5816978728  
-0.9393211264  0.3210659887  -0.1207992234  
-0.9493392334  0.0335601118  -0.3124559789  
0.6163161896  -0.5007027006  0.6078249419  
0.1123767045  -0.9358106021  -0.3341107499  
0.8218022916  0.1460484935  -0.5507366259  
0.2091488527  0.9383301544  0.2753057915  
-0.9757938891  -0.2151493533  -0.03920512395  
0.02770424725  -0.7610267035  0.648128715  
-0.7470611706  0.5024156639  0.4352908315  
0.8551532953  0.5110742651  -0.08669450389  
-0.1430518077  -0.6434406182  0.7520108717  
-0.7423712343  -0.6658092247  0.07471965489  
-0.4365420137  -0.6422431809  -0.6300434642  
-0.09464598601  0.6120319131  0.785149078  
0.862086804  -0.4134833893  0.2929809364  
0.07733990863  -0.4544573762  -0.8874046606  
-0.5694996171  -0.7563622828  -0.3218482302  
-0.9239953109  0.2323266623  -0.3037383537  
0.7448071786  -0.6609683815  0.09155908123  
0.9300127662  0.2448639075  -0.2740764883  
0.9159173314  -0.3965090067  -0.06225792898  
0.3070459064  0.5023912884  -0.8082857197  
0.7702997087  -0.1536917039  0.6188838493  
-0.9096447785  -0.4067198236  -0.08441185991  
0.720046144  0.3769590212  0.582610888  
-0.8541043988  -0.2858566155  0.4345016357  
-0.4090465869  0.5575309134  -0.7223850568  
0.7663823973  -0.5798405764  0.2764831406  
-0.7367157284  -0.3269868991  0.591886394  
0.1010179511  -0.9790579267  0.1767510954  
0.2883123485  -0.8840058756  -0.3679804363  
0.3319378542  -0.8551338058  0.3982002449  
-0.1760607476  0.3478826373  -0.9208584494  
0.1907793779  0.8749343873  -0.4450764507  
-0.5294178338  0.1889499381  0.8270517989  
0.5365468384  0.1733953019  -0.825864129  
-0.3854885753  0.056444283  -0.9209845825  
-0.7339293051  -0.5130056534  -0.4451662326  
-0.5916913595  -0.5165367467  -0.6189435552  
0.3537184082  -0.1682209745  -0.9201005333  
-0.6358882443  -0.4977066564  0.5898594959  
0.5021638798  -0.75824202  0.4158130313  
-0.7549745518  0.4692704818  -0.4580378161  
0.4422596723  0.4866244926  0.7533943094  
0.293935178  -0.9306106841  0.2180960014  
-0.3955681755  -0.8632336881  -0.3136134853  
0.1269683051  0.4863600629  -0.8644842038  
0.08235386445  0.1463023264  0.9858060003  
-0.03020681378  -0.3141421227  0.948895292  
0.159963157  0.9848150709  0.06746157793  
0.1661130169  0.7735619665  -0.6115622205  
0.9778374053  -0.06849825039  -0.1978433686  
0.05141817269  -0.2777725772  -0.9592698092  
0.3559899845  -0.9259035824  -0.1263870526  
0.2724805032  0.6007448611  0.751571678  
-0.4533987023  -0.8911441769  0.01707842547  
0.5053048274  0.6475882976  -0.5703476381  
0.1430283421  0.1629073229  -0.9762192876  
0.6549922871  0.6236161249  -0.4267177435  
-0.2500556998  -0.8535312352  -0.4571176845  
0.9347346854  -0.2778426333  -0.2215277388  
0.5524268647  -0.03905526211  0.8326459306  
-0.8586630295  0.501204493  -0.1072000839  
0.7418741679  -0.6137077415  -0.2701583369  
-0.3547893253  0.7437919189  -0.5664786986  
0.6827785893  -0.2014003469  -0.7023185162  
-0.8793227633  0.1048146835  -0.4645485552  
-0.480507184  -0.5091496142  0.7140584825  
0.05630921804  -0.4782708279  0.8764053213  
0.717855492  0.6318458122  0.2923257811  
0.5389303436  -0.8366324092  -0.09798110402  
-0.2926869116  0.7827500072  0.5492147103  
0.9817399747  -0.1267953922  0.1418081473  
-0.2370802929  0.3251175903  0.9154733678  
0.08923974626  -0.1596005041  0.9831398409  
-0.0994402257  -0.5380759839  -0.8370100818  
-0.6178325889  0.01364407657  0.7861912816  
-0.2091539462  -0.006595950452  -0.977860481  
0.4592319127  -0.7710075359  -0.4411954555  
-0.07531919866  -0.8151844458  -0.5742833253  
0.3571800043  0.1805309485  -0.9164229488  
0.9132793044  0.1385700901  0.3830394788  
0.8193341305  -0.5674181559  -0.08202572123  
-0.6043684639  0.7470115989  0.2769700903  
0.0864426766  0.6897945497  0.7188262258  
-0.9785848042  0.2009324977  0.04469801294  
-0.5866422682  -0.3457716258  -0.7323201704  
-0.2374303428  0.9709068011  -0.03109366404  
-0.605249602  0.5242891449  0.5989939998  
0.2359427626  0.9377776379  -0.2547628595  
0.4544328589  -0.0005902416895  -0.8907807971  
0.2790719527  -0.2015670268  0.9388767645  
0.4289472522  0.7646641591  0.4809292866  
0.4009742407  0.1224661447  0.907866566  
0.2297435422  -0.6832876259  0.6930627137  
-0.3668155601  -0.8577338826  0.3601929086  
0.4435597659  -0.5189873296  -0.7306893224  
-0.04531908889  0.9987411682  0.02150021352  
0.06603964094  0.9111149235  0.4068271893  
-0.7566815956  0.02407333127  0.6533402158  
0.806417252  0.5831305201  0.09823447559  
-0.4155607238  0.3526358151  0.8384254688  
0.5932089834  0.6476497587  0.4781766327  
-0.1158401013  0.8559539899  0.5039085612  
0.291508003  0.9532242839  -0.07991588549  
0.7072611889  0.1915676055  0.6805023609  
-0.2355998124  -0.3319452183  0.9134030329  
-0.09206765863  -0.9883934972  0.1208380771  
0.2618805106  0.7425788273  0.6164375746  
-0.2362979104  0.5316543772  -0.8133307573  
-0.6360523225  0.7260749274  -0.2612520678  
-0.05171939215  0.6308180181  -0.7742052264  
-0.4274907062  -0.347891577  0.8343998722  
-0.4442500099  0.853807027  0.2713954482  
-0.9822647841  -0.1224299911  0.1420098281  
0.4663096627  0.8608198563  -0.2038246143  
0.7603452549  0.5944008723  -0.2618447946  
0.8489483862  -0.3355476277  -0.4082822885  
0.6160085778  -0.6484273974  -0.4472978229  
-0.5670836919  -0.1556314828  -0.8088231747  
0.4671050784  -0.2299309316  0.8537825323  
-0.1825906937  0.9688811961  0.1671223101  
-0.3380822136  -0.9317474071  -0.1324657925  
-0.6925380253  0.7151610952  0.09452878625  
0.8467436564  0.352822133  0.3981729811  
0.02679426792  0.009941773968  -0.9995915307  
-0.005008432997  -0.8705591123  0.4920383598  
-0.6766192414  -0.7256039967  -0.1252407365  
0.3304142923  0.6507383614  -0.6836417047  
0.5945876948  0.3430335268  -0.7271818704  
-0.8611200895  -0.4296713391  0.2717622708  
-0.9187001542  0.151576847  0.3647115108  
-0.1596342245  0.1309170363  0.9784567665  
-0.6282341885  -0.7400105272  0.2402211983  
-0.8533807115  0.4566322886  0.2514524096  
0.5224676017  0.8384540867  0.1549914503  
-0.181784142  0.8221813557  -0.539418524  
-0.9349836815  -0.07107680444  0.3474961917  
-0.351368567  -0.7696393477  0.5330998073  
-0.266823658  0.5005248122  0.8235775907  
-0.2795659533  -0.4306883219  -0.8581086453  
0.1134810961  0.3620040875  0.9252432553  
0.9793734201  0.09232850756  0.179730773  
-0.8396672381  -0.4778711731  -0.258066021  
-0.2527378212  -0.2282403299  -0.9402286666  
-0.7057177074  0.3379487526  -0.6226982882  
0.4294366096  0.3070970772  0.8492794496  
-0.8121323496  0.2003920272  0.5479818264  
