1  0  0  
-0.5017741221  -0.8045983187  0.3175598777  
0.7585978961  -0.1912921482  0.6228455234  
-0.3725455933  0.1681380294  -0.9126551287  
0.3587641575  0.002265281368  -0.9334254913  
0.9092585996  0.4158365115  0.01813269763  
-0.9367559899  0.316322976  -0.149759775  
0.4315476503  0.7531843201  -0.4964675272  
0.8315061066  0.2385846472  0.5016721646  
0.6259020442  -0.7500600741  0.213673855  
0.172606087  0.9673390817  0.185640081  
0.9744530874  -0.2205709775  -0.04230395224  
0.1516403102  -0.9692075127  0.1940154987  
-0.7189111921  -0.2481783825  -0.6492874467  
-0.295708539  0.9532722608  -0.06187452395  
0.2802925661  -0.5195537433  -0.8071554901  
0.8277787832  -0.5591000618  -0.04679109842  
-0.9815747768  0.08950331982  0.1688197659  
0.6664336694  -0.1697289816  -0.7259877665  
-0.882656621  -0.06035091622  -0.4661277254  
0.4290563005  -0.7260332989  -0.5373884442  
-0.5792028102  -0.8062938358  0.1200597981  
-0.6074098671  0.7943842228  -0.002638153604  
-0.4942496472  -0.1267351719  0.8600322566  
-0.03431129391  0.7695873488  0.6376190459  
0.7365793925  -0.5011597108  0.4541913064  
0.6248107641  -0.6669418691  0.405955727  
0.8335078149  0.2662982144  -0.4840970807  
-0.6987476855  0.4565301865  0.550755718  
-0.9188098263  0.2265116346  -0.3232351814  
-0.9772676307  -0.2117338209  -0.01080588381  
0.7813106911  0.04625603529  0.6224258857  
-0.3684014143  0.8947007798  0.2525686295  
0.867340753  0.06696333733  -0.4931895473  
-0.8516094089  -0.5034554491  0.145924725  
0.9816143152  -0.1282371868  0.1413809044  
-0.3348010235  0.4754695393  -0.8135336452  
-0.4850038139  0.8653554655  -0.1262189322  
-0.1677048649  0.9369435005  0.3066136905  
0.1276439987  -0.4713920949  0.8726376697  
0.07097893569  0.4398221763  -0.8952756245  
-0.3327992489  -0.663512932  -0.6700710776  
0.09971460399  0.8535282384  0.511416214  
-0.7393789862  0.6679093234  -0.08494616236  
0.1560141615  -0.655529831  -0.7388776774  
-0.5496043602  -0.809018775  -0.2083834662  
0.6882851347  -0.3818505988  0.6168092846  
0.8540952095  -0.5012530788  0.1388046256  
0.6347411207  0.5208774807  -0.570780483  
0.8049759186  0.5915971525  0.04501754813  
-0.2074280988  0.9073194785  -0.3657115638  
-0.4807662287  -0.1123311681  -0.8696237934  
-0.2828971008  0.3500615899  0.8929871856  
-0.8565029763  -0.3742136584  -0.3554810676  
-0.4807719275  -0.613387381  0.6265893986  
0.4112167993  -0.6005982169  0.6856985677  
0.8532239574  -0.4173947195  0.3127147688  
-0.6046756573  -0.6578431988  0.4490096606  
-0.4951918901  -0.5736248543  -0.6524871788  
-0.3028754546  0.8500421188  0.4309232591  
-0.2095758112  0.1532594838  0.9657067412  
-0.001182087847  -0.6028990517  0.7978166056  
-0.1375670498  0.837302427  -0.5291502174  
0.9265792098  0.1858661586  0.3269629015  
0.3148067023  0.1979827676  -0.9282777407  
-0.6755644136  0.0682943469  -0.7341311908  
0.4105224136  0.4703841865  0.7811594364  
-0.2478046106  -0.391751642  -0.8860719643  
0.6569930303  0.03816829822  -0.7529298368  
0.7629311496  0.5655006315  -0.3132811784  
-0.4920593289  0.8015768414  -0.3396353694  
-0.818411832  0.3184699157  -0.4783084632  
0.6164543274  0.4315061952  0.6586246775  
0.350597154  -0.9031849286  0.2476663488  
-0.1317698067  -0.2521077461  0.9586857683  
-0.002113864817  0.100146311  -0.9949704759  
0.03278996391  -0.1071954507  -0.9936971136  
0.1454922271  0.05075324499  0.9880567393  
-0.3644082444  -0.9097141662  -0.199064731  
0.07233063665  -0.7347921666  0.6744247555  
-0.9381072189  -0.3115516066  0.1512958768  
-0.5289701803  0.4461839278  -0.7218798036  
0.4309176195  -0.9000548413  -0.06489443681  
-0.7160696798  -0.6656530604  -0.2101195297  
0.6567665252  0.7524436339  0.04986290292  
0.2485313654  0.8150067213  -0.5234464677  
-0.7816834467  0.05792903461  0.6209792397  
0.3782348782  0.5139919964  -0.7699029838  
-0.03726936531  -0.9381374583  -0.3442515123  
-0.7063065391  -0.3402674497  0.62076496  
0.6373066812  0.112549263  0.7623469404  
0.2300447167  0.9574128756  -0.1744706678  
0.7494228649  -0.5313730383  -0.3949785611  
-0.2062129299  0.6140505158  -0.7618518173  
0.6220225903  -0.3666370015  -0.691856348  
0.03417404319  0.622814425  0.7816228802  
-0.4397861293  -0.3223343183  0.8382653206  
-0.608878831  0.2529035973  -0.7518685654  
0.6017343942  0.7098869494  0.3660276464  
-0.9176600836  0.3964127132  0.02751239458  
-0.3617258082  0.6332735662  0.6841922464  
0.9348399016  0.3075679567  0.177415643  
-0.5302435164  0.06988149696  0.8449605847  
-0.05854201169  0.2960692158  -0.9533707843  
0.09349414818  -0.3134157456  -0.9450023358  
0.8393091123  -0.3566280898  -0.4103372022  
0.5252464753  -0.08097490664  0.847088664  
0.5981477954  -0.6375731177  -0.4855097675  
-0.1538645418  -0.7297391575  -0.6661880101  
0.123244579  0.72444029  -0.6782308161  
-0.6307642857  -0.582583935  -0.5125742625  
0.929790372  -0.2121660615  -0.3007913337  
-0.660693474  0.684725418  0.3076284045  
0.8681296298  0.3858631428  -0.3121867725  
-0.9500837546  0.03346257117  -0.310195286  
0.4098680434  0.2932106214  0.8637335923  
-0.09107903308  0.9957371783  -0.01456302078  
-0.5347140363  0.5495372977  0.6419420985  
0.4814052938  0.8756870077  0.03769890632  
0.6110515771  0.2372659936  -0.7551958808  
0.2523324058  -0.3262633126  0.9109778306  
-0.2900439258  -0.8001295537  -0.5250402064  
0.3366766276  0.01245496312  0.9415379559  
0.2784657838  -0.7303865614  0.6236924549  
0.1584642444  0.9184042847  -0.3625226243  
0.4462536395  -0.4404367013  -0.7790206681  
-0.1791627894  -0.04886899834  0.9826049643  
0.2356671164  0.9018776221  0.3620466337  
-0.7586397169  -0.1495602748  0.6341115865  
0.2333010957  -0.9644308219  -0.1242730406  
-0.5151968837  0.2691941121  0.8136993923  
0.107188864  0.9942382192  0.0009544603483  
0.1018861553  -0.8715248402  -0.4796495222  
-0.2987514825  -0.9542062058  -0.01542946745  
-0.7472817456  -0.4168916594  -0.5174662665  
-0.3353761562  -0.8762824784  0.345907288  
-0.04170163331  -0.9817176965  0.1857184377  
0.2244367734  0.5652083594  0.7938309929  
-0.5946620788  0.5587381058  -0.5780905994  
-0.7525188397  0.5976153757  -0.2767151217  
0.4503432674  -0.3147170853  0.8355501767  
-0.2603140922  -0.3934592467  0.8817178656  
-0.4940676702  0.7867669801  0.369993049  
-0.7637200865  -0.4524824481  0.4604250902  
0.4107573626  0.8987411109  -0.1534366472  
0.9800249134  0.1125398894  -0.1639693337  
-0.7684157242  0.2697179365  0.5803356869  
0.5531805225  -0.8115679211  -0.1880128157  
-0.5641534387  -0.297159224  -0.7703423221  
0.1891151273  -0.1419639102  0.9716386761  
0.02721573891  -0.9856011694  -0.1668821094  
0.0237347886  -0.9293440549  0.368451201  
-0.9053761299  0.3678890469  0.2120181891  
-0.8471525175  -0.4921666729  -0.2002612747  
0.2347867542  -0.7683389975  -0.595424525  
0.3413442991  -0.8192045018  0.4608557841  
-0.3085851748  -0.6827099051  0.6623310165  
-0.0578039157  -0.8433462837  0.5342525181  
0.5476250916  0.4291341454  -0.7182970446  
-0.9416556202  0.006472010744  0.3365156846  
0.8702766604  -0.1467614471  -0.4701910378  
0.4245712946  0.8280067771  0.3662567309  
-0.7387893561  -0.6643759592  0.113114421  
-0.814054849  0.5335834927  0.229354222  
0.4695061028  0.7152102385  0.5177241873  
-0.4737818989  0.703169463  -0.5301730081  
-0.924038671  -0.1938143613  0.3295277346  
0.1950119218  0.5722049701  -0.7965876114  
-0.1067056396  0.4925331922  0.863727365  
-0.07149191386  -0.451525609  -0.8893894145  
0.7114693194  -0.6912848633  -0.1262404271  
-0.9815663388  -0.09340187379  -0.1667441527  
0.7508107542  0.551552529  0.3634185179  
0.0920175653  0.2627667771  0.9604615497  
0.8651014411  -0.1226694121  0.4863658212  
-0.2713136919  -0.1940612911  -0.9427242947  
0.6520361332  0.7072717514  -0.2731584716  
0.3803254782  -0.1896773701  -0.9051933638  
