1  0  0  
-0.6069677656  -0.686288058  0.4007478421  
0.493729572  0.853037363  0.1689922102  
0.4877936514  -0.2109997496  0.8470752383  
0.1763172685  0.04388795282  -0.9833544978  
-0.8677889604  -0.3462131549  -0.3564810957  
-0.4736350447  0.008665554202  -0.8806785751  
0.4393192007  0.7227796148  -0.5334681512  
-0.5977624962  -0.119664446  -0.7926918812  
0.4547584106  -0.7964371284  0.3986009138  
0.1005538531  0.9644823941  0.2442593581  
0.8128896136  -0.5821620786  -0.01725660393  
0.08976004522  -0.9444175317  0.3162572689  
0.8534217579  0.08882980155  0.5135957258  
-0.2771637864  0.8886474371  -0.3653573155  
0.3510316603  -0.5808146269  -0.7344597625  
-0.7189708724  0.6844073728  -0.1211091771  
-0.9332540136  -0.322635378  0.157934667  
0.7287988309  -0.1762000703  -0.66166895  
0.9404324519  -0.02265751968  0.3392247636  
0.3246418778  -0.8052856542  -0.4961075149  
-0.06430319593  -0.6043438375  -0.7941244393  
-0.4868068121  0.8674332103  0.102853067  
0.8632779586  -0.07575474842  -0.499011407  
-0.02759821825  0.7354160156  0.6770536333  
0.7369118432  -0.4970800916  0.4581182358  
0.5031072725  -0.4060418314  0.7628978329  
0.6632558141  0.1306718958  -0.7368965875  
-0.8149520505  0.261913811  0.5169664505  
-0.9159629141  0.2207833494  -0.3350621624  
0.9420366187  0.2828860353  0.1803953994  
0.6293931521  -0.07272424827  0.7736765757  
0.2216476053  -0.9025036531  -0.3692688659  
0.940431204  0.02819284911  -0.3388130957  
0.1790719656  -0.3164631974  -0.9315493953  
-0.9786382189  -0.2055415138  -0.004463481344  
0.2960347104  -0.5131143011  0.8056532531  
0.4427268158  0.87749821  -0.1843633858  
0.9151459383  0.4028876604  0.01376389048  
-0.06923889826  -0.6815869545  0.7284539783  
0.8032439968  0.5932812735  0.05306987903  
-0.3824050424  -0.6580454924  -0.6486466785  
0.2147395324  0.2328106525  -0.9485178614  
-0.9215090984  -0.1670437165  -0.3505957478  
-0.1453327  0.6096619039  0.7792244665  
-0.4542891868  0.6948518183  -0.5574964442  
-0.6914476536  0.3826507796  -0.6127630237  
-0.8477726168  0.507407418  -0.1543350331  
0.8495849846  0.4355493614  -0.2974930383  
0.8661846647  -0.3525068178  -0.3542076651  
0.2375531764  0.5773973139  -0.7811407237  
-0.7520879392  -0.02256343912  -0.6586764174  
-0.8643279315  -0.4676974911  -0.184922372  
-0.2539000463  0.9497696762  -0.1829544441  
-0.8214202407  -0.335410842  0.4612682032  
0.5940236419  -0.5404014467  0.5959045136  
0.7432653067  -0.6007994076  0.2942732668  
-0.7323238149  -0.5204487736  0.4391297122  
0.2365799127  -0.7222624985  -0.6498975521  
-0.1217908475  0.8363622998  0.5344764662  
0.3777538299  -0.9251912677  0.03637529513  
-0.1353904458  0.4469658452  -0.8842459841  
-0.1034894839  0.7574812141  -0.6446023092  
-0.6382690384  -0.3907829993  -0.6632505424  
-0.5726909291  -0.2944318237  0.7650718926  
-0.3016035775  -0.06019480636  -0.9515313276  
-0.7284265396  -0.450268785  -0.5163843507  
0.09935577521  0.9626060182  -0.2520279424  
0.4618014351  -0.08838206631  -0.8825690029  
0.5850198677  0.5870279442  -0.5595980228  
-0.5591042778  0.8249326934  -0.08299673417  
-0.851226463  0.4139223414  -0.3226171166  
-0.4657207784  -0.4960798338  -0.7328089485  
0.4334840878  -0.8728294737  0.2241879913  
-0.8618264783  -0.1298670653  0.4902954891  
0.05325793244  0.529845696  -0.8464201859  
-0.09009054141  0.1621594287  0.9826433809  
0.03550527088  0.360395616  -0.9321235839  
-0.2123702896  -0.9737482479  -0.08193417974  
0.08254749602  0.8070664212  -0.5846620414  
-0.9811129641  0.08658873054  0.1729732449  
-0.2012748271  -0.8960589673  -0.395685192  
0.3074242571  -0.9361526352  -0.1706123375  
0.2705049213  0.5665203576  0.7783840774  
-0.5594827741  -0.8279579537  0.03827077705  
-0.4522185158  -0.8129775258  0.3668323276  
0.9342351395  -0.3166060429  0.1642111985  
-0.6899183359  -0.4071983647  0.5984999429  
0.01146153388  -0.9181292869  -0.3961151926  
0.8631750964  -0.4701668019  -0.1840432864  
0.1028201976  0.9924044422  -0.06753836065  
0.3936668494  0.9189667584  0.02294577436  
-0.7768055656  0.5168303392  0.3598048272  
-0.4393743733  0.5658894554  -0.6976526961  
0.6496712324  -0.352554779  -0.6735223957  
0.5173283908  0.1067223146  -0.849106403  
0.5433889574  0.4639314553  -0.6996399401  
-0.6252467727  0.2643495504  -0.734292713  
0.6494440349  0.627903356  0.4289053754  
-0.7491657666  0.6350885434  0.1881839424  
-0.4386208814  0.6733198829  0.5951907741  
-0.980999711  -0.08724849675  -0.1732837752  
-0.3710849084  0.2740876661  0.8872271085  
-0.01737827916  -0.1866399245  0.9822746734  
0.05592043185  -0.4706076082  -0.8805687846  
0.6025258579  0.7653486703  -0.2262830161  
-0.1674835746  0.07955546369  -0.982659748  
0.618412404  -0.5899946823  -0.519107285  
-0.1806846049  -0.7138075299  -0.676632754  
0.4002128779  0.2672527795  -0.8765874767  
0.7108963512  0.2114009941  0.670772687  
0.9786675496  0.1181530108  -0.1680764511  
-0.5049976127  0.7476697921  0.4312392527  
0.5698754015  0.5686934079  0.5931524548  
-0.9786770669  0.1167284327  -0.1690138209  
-0.3564292456  -0.3946147582  -0.8468986867  
-0.1965434036  0.9801979268  0.02413948648  
-0.7318198189  0.4333856572  0.5259435567  
0.002139618059  0.001144960396  0.9999970555  
-0.3529978936  -0.0766719638  0.9324772904  
0.166165411  -0.2723275139  0.947748269  
-0.5786539368  -0.7561515157  -0.3056051483  
0.2439462114  0.2725768505  0.9306944217  
0.2795986401  -0.6764408003  0.6813607298  
-0.09254191689  -0.9003011475  0.4253161617  
-0.5417971571  0.5132098489  0.6656361556  
-0.5572921532  0.2394969008  0.79502622  
-0.1162976811  0.9663849014  0.229292546  
-0.6278191221  0.05770697564  0.7762171441  
-0.7301946748  -0.6431508548  -0.2305920961  
0.4557870779  -0.4099271777  -0.7900745842  
0.09988884721  -0.8668865692  0.4883952234  
0.08749756006  0.8327384128  0.5467091667  
-0.2767225085  -0.9524451879  0.1275649537  
0.5333870695  0.3073045725  0.7880749545  
-0.2207224086  -0.4100207438  0.8849658796  
0.07582017716  -0.9890196664  0.1268518833  
0.2930219322  0.7933274553  0.5336381694  
-0.3403291964  0.3440807683  -0.8750911169  
-0.6116406165  0.6598785043  -0.4364127815  
0.1170882936  -0.6141898465  0.7804237079  
-0.3918373632  -0.4417503866  0.8070440364  
-0.4098818836  0.8587064141  0.3076038619  
0.9167707687  0.2305020037  -0.3261904105  
-0.2804520052  -0.9060098539  0.317006021  
-0.7162022073  -0.6926263606  0.08557524753  
-0.9236920311  0.1707349259  0.3429906949  
0.5816909145  -0.7792513604  -0.233244501  
0.4229923204  0.1917057851  0.885622035  
0.3334665412  -0.1478895069  0.9310900921  
0.007627669553  -0.9965718783  -0.08237906274  
-0.2542024  -0.7203721287  0.6453256047  
-0.9155775395  0.4020560012  0.008291021688  
0.8072962299  0.27371189  0.5228332415  
-0.3131159545  -0.9218355203  -0.2284243254  
0.6012113419  -0.754030878  0.2645417877  
0.6549126154  0.7489861773  0.1005443806  
-0.4097765643  -0.604920854  0.6827546615  
0.7528164093  0.2328148278  -0.6156823124  
-0.8436636057  -0.5222922473  0.1242679715  
-0.9414969312  0.2866968349  0.1771678676  
0.8187671606  -0.3042201533  0.4868987934  
0.7421315341  0.6146658863  -0.2672576178  
0.6600575639  -0.6625219039  -0.354102724  
0.4036676266  0.8376305372  0.3680047968  
-0.2837210575  0.7977918935  -0.5320060679  
-0.772757613  -0.01516464145  0.6345200589  
0.2737615876  0.8281220038  -0.4891508355  
-0.2644412142  0.4590275628  0.8481536069  
-0.03435877002  -0.3126900401  -0.9492335928  
0.6641307673  -0.7455134172  -0.056036316  
0.9786954341  -0.2052785081  -0.003997682669  
0.7834130968  0.5127704202  0.3511843047  
-0.1253889071  -0.1398043715  -0.9822079004  
-0.8624318253  0.1032781718  -0.4955249399  
0.1548576915  0.448740207  0.880142785  
0.7557179155  -0.1737382351  0.6314312772  
-0.2790158869  0.1204312499  0.9527048068  
-0.4850179559  -0.7212877119  -0.4944710499  
