1  0  0  
0.6435616991  0.6410474572  -0.4181943293  
-0.6418650993  0.2378831074  -0.72898616  
0.4925260123  -0.3358595199  0.8028801343  
-0.3345115957  0.200306518  0.9208579104  
0.8163459252  0.3722018193  0.4416391469  
0.4971453176  -0.4415166666  -0.7469334417  
-0.4973844014  -0.6781152106  0.5410808798  
-0.7750631738  -0.07441085883  -0.6274871319  
0.613216456  -0.7561583001  0.2284517525  
0.02146530352  -0.9499660076  -0.3116148667  
-0.941349576  0.3364126192  0.0262207039  
-0.1075502733  0.9254285832  -0.3633385144  
0.5100969669  0.06154136941  0.8579124339  
0.2877588283  -0.8995067089  0.3287590873  
0.3287484304  -0.5565802479  -0.7629828944  
-0.7790587036  0.6254130853  0.04388631995  
-0.9239380152  -0.3727744967  0.08589364776  
-0.6471884332  0.146541589  0.7481127553  
0.7668420451  -0.1234481126  0.6298522377  
0.3367478066  -0.7142204252  -0.6135878901  
0.9212889146  0.09107756197  -0.3780629756  
0.4944960845  -0.8649075831  0.08607261534  
0.1643459124  0.08736449264  -0.9825262676  
-0.1619865923  -0.9614575532  -0.2221704691  
-0.6874203544  0.6310526791  -0.359479864  
-0.5876612916  0.5899886862  -0.553685431  
-0.8227326489  -0.1427300235  0.5502173469  
0.7764527685  -0.1941060943  -0.5995364229  
0.918620257  -0.344549666  0.1934485748  
-0.9407250734  -0.06218510408  -0.333420679  
-0.7499825344  0.322926296  -0.5772735967  
0.1663649888  -0.9860570084  -0.003777128598  
0.9444692549  -0.1046927941  -0.3114759148  
0.8713486131  0.406719787  -0.2744642223  
-0.9804848639  -0.1909057574  0.04695128794  
0.2833058336  -0.5856214216  0.7594638603  
-0.3501951486  0.9010227276  0.2559714873  
0.9385083856  0.3275411266  0.109173351  
-0.129887239  -0.6863677819  0.7155617186  
0.7661200259  0.6099618651  0.2025009358  
-0.3023286574  -0.8121644208  -0.4989853069  
0.5219478019  0.7757747183  -0.3546041153  
-0.3635898564  -0.8876038521  0.2827752076  
0.1753811122  -0.66321077  -0.727593939  
-0.355965326  0.02344895785  -0.9342049203  
0.6169481913  -0.4289344432  0.6598410207  
0.7512716321  -0.6421733594  0.1523296139  
-0.7669097169  -0.4614849286  0.4459609251  
0.1654329765  -0.3124256151  -0.9354261945  
0.2809159131  0.5680791107  -0.7735453275  
-0.9350357529  0.175774408  -0.3079147581  
-0.8578105377  -0.4431232101  -0.2603899041  
-0.1662253669  -0.4966358131  -0.8518931838  
-0.8617693926  -0.280560415  0.4226575062  
-0.3256846359  0.9355875499  -0.136401812  
0.5341899614  -0.7287515481  0.428441672  
-0.7664381276  -0.571905808  0.2923975776  
0.1467318729  0.7947534156  0.5889284895  
-0.646468865  0.7623248132  -0.0306412426  
-0.5021759579  0.2705843984  0.821342432  
-0.1371556552  0.4935816686  -0.8588163148  
-0.02380261782  0.7758153441  -0.6305108938  
0.003572695923  0.594565869  0.8040389687  
-0.4589398014  -0.1027968837  0.8825004586  
0.02463504633  0.9963115859  -0.08219694856  
-0.6825920784  -0.4686761146  -0.5607234203  
0.363358871  0.9290347052  -0.06974845779  
0.4910848375  -0.08818033331  -0.8666371278  
0.6295759124  0.5245294744  -0.5731518132  
0.5090534768  -0.8534392727  -0.1118300742  
-0.8164614781  0.5095959239  -0.2714823181  
0.3250574399  0.564155721  0.7589901074  
0.3489387859  -0.2249806333  0.9097392145  
0.8673449504  -0.4922488432  0.0735106344  
0.07330152071  0.5470671367  -0.8338731528  
-0.00499415604  -0.4093398595  -0.9123683126  
0.0106601355  0.3875063265  -0.921805407  
-0.3395294031  -0.9308143002  -0.135294209  
-0.1846009078  -0.8018768454  0.5682570103  
0.9813515208  -0.153220013  -0.1160724788  
-0.3235145039  0.4160523884  -0.8498463249  
0.1810078554  -0.9637059043  -0.1962322253  
-0.6307192826  -0.7031832479  -0.3282171635  
-0.5091249275  -0.8435908892  0.1707226404  
0.3618705226  0.8052355518  -0.4697291038  
0.6315528307  0.7737322898  -0.04979322977  
-0.5926180773  -0.3930592278  0.7030705924  
-0.1738654352  -0.667994691  -0.7235702477  
0.6907139206  0.1963865998  -0.6959501299  
0.1751032119  -0.8396891392  0.51406324  
0.009879767003  0.005494632341  0.9999360976  
0.7136062714  -0.5477807579  -0.4366947798  
0.4203895045  -0.6710741038  0.6106817597  
0.7651198995  -0.3752005161  -0.5232744138  
0.617234572  0.04690809521  -0.7853795985  
0.5333582967  0.2522758451  -0.807394467  
0.8562025617  -0.2028729509  0.4751418095  
0.5867355588  0.6343023774  0.5033903834  
-0.6557703876  0.7378589428  0.159779158  
-0.1830693315  0.8037429289  0.5661121127  
0.9811621837  -0.04225201699  0.1885087169  
0.614303838  0.3604775403  0.7019164748  
-0.01952790643  0.1915516984  -0.9812882389  
-0.3725531694  -0.6906123944  -0.6198860029  
-0.8378661113  0.4273484571  0.3396375652  
0.1906450242  -0.1077177197  0.9757311964  
-0.4766158802  0.5998081725  0.6427032433  
-0.1797398131  -0.09236649809  -0.9793681788  
0.3363594527  0.2390560464  -0.9108866698  
0.8619021994  0.1789819946  0.4744365545  
-0.9807776112  -0.04195883055  0.1905642513  
0.5250097842  -0.6948830437  -0.4914288169  
-0.4596636692  -0.4334654118  -0.775123892  
-0.9771720627  0.1943476691  -0.08581225653  
-0.4926380239  -0.2525666632  -0.8327771959  
0.001283507888  0.9934218646  0.1145048101  
-0.6267084317  0.5063300252  0.5923398072  
0.1417820608  -0.9726563037  0.1839498899  
-0.3217498513  -0.0002455362511  0.9468246791  
0.1744624964  -0.3093068158  0.9348219783  
-0.4708110487  -0.7656114126  -0.4383789699  
0.3411170822  0.1761221256  0.923374319  
-0.2329658605  0.7259920591  -0.6470412954  
-0.03412119725  -0.8776745006  0.478041018  
0.6505460466  -0.3304921092  -0.6837871065  
0.0205721643  -0.8674456164  -0.4971065164  
-0.1976312252  0.899049104  0.3907078287  
-0.7556680806  0.003276403759  0.6549465758  
0.7395491968  0.548679574  0.3898944864  
-0.334776545  0.3861928391  0.8595229816  
-0.3457624498  0.9364310099  0.05954235497  
-0.01611612079  0.7436416468  0.6683841499  
0.2113055158  0.9611960563  -0.1773474566  
0.6470121356  0.1658074494  0.7442332874  
-0.2241249426  -0.4236446382  0.8776635065  
-0.05331637903  -0.9597540402  0.2757345571  
0.1466921668  0.9008103306  0.4086834429  
-0.4604150293  0.5168817831  -0.7217002308  
-0.4572594509  0.8428574093  -0.2837343515  
0.0804874873  -0.6472248392  0.7580381072  
-0.410701169  -0.4052281968  0.8167708726  
-0.3664998208  0.8151756408  0.4485159483  
0.9434466491  0.2301830975  -0.2385878495  
0.2047662318  0.8991293987  -0.3868295681  
-0.7573982329  -0.6529479969  -0.002613454226  
-0.8721691373  0.2447176086  0.423596846  
-0.6387068584  0.6877297736  0.3450815954  
0.651997611  -0.0332599973  0.75749118  
-0.5103684637  0.1389735362  -0.8486521004  
-0.1870992774  -0.9820746739  -0.02287346061  
0.3266839447  0.8879985855  0.3236295914  
0.8722855313  -0.4694526706  -0.1368654153  
-0.7506462174  -0.273303431  -0.6015276311  
-0.1565953346  -0.2672380529  0.9508216049  
-0.8751945684  0.02120773924  -0.4833060099  
-0.6429731617  -0.7523083253  -0.1435886385  
-0.4654689201  -0.5500108685  0.6934167066  
0.7414822105  0.3350356467  -0.581339184  
-0.8641457047  -0.4986850311  -0.06756804629  
-0.9269350967  0.2952879321  0.2315088847  
0.4941086677  0.8326926402  0.2499591795  
-0.6693154541  -0.7100355386  0.2187838129  
0.7706532549  -0.5897127257  -0.2415211417  
0.4991066658  0.8649482526  0.05250767964  
-0.3625940996  0.7991620085  -0.4794430134  
-0.8676705186  0.0538273301  0.4942170472  
0.3291798954  0.6949862277  -0.6392454457  
-0.1613540558  0.497561268  0.8522896534  
0.003052590621  0.2078742023  0.9781508052  
0.5038583916  -0.8079892194  -0.3054179801  
-0.978292861  -0.1460040727  -0.1470574342  
0.9172432076  0.2604317881  0.3013970503  
-0.1648603149  -0.2933733262  -0.9416757234  
0.7327142379  -0.4861088314  0.4762646843  
0.3163689306  0.371382418  0.8729179797  
0.8300347961  0.5436694671  -0.1243613599  
0.163675358  -0.114768196  -0.9798156145  
0.5140382249  0.5590014306  0.6506013402  
-0.8513866798  0.3617156697  -0.3798716833  
