1  0  0  
0.5409470026  0.7837330705  -0.3051865243  
-0.5472630112  -0.009393192765  -0.8369079785  
-0.3011285431  0.1791332473  -0.9366071109  
0.3665549243  -0.007423255874  -0.9303668001  
-0.8735172338  -0.4062486979  -0.2681970128  
0.8884123392  0.1830704471  -0.4209616693  
-0.3555140814  -0.8518784936  0.3845942929  
-0.7629257088  -0.2260907563  -0.6056627219  
0.5088593364  -0.8182943097  0.2673136705  
0.1672731786  -0.9128861981  -0.3723687327  
0.8615226374  -0.4730026646  -0.1845189003  
-0.14259584  0.9347547595  -0.3254227498  
0.6660154717  0.1217325566  0.7359378887  
-0.3289385258  0.897755577  -0.2929750334  
0.3535218657  -0.7336321579  -0.5803500214  
-0.7249170313  0.6866437462  -0.05491505782  
0.787942131  0.5489533962  -0.2789217937  
-0.7738215827  0.1189220959  0.6221396092  
0.8692148733  0.1152737472  0.4808091797  
0.5061596993  -0.7376891846  -0.4467852121  
0.4188199511  0.8851182869  -0.2028681019  
-0.6578716757  0.7190449376  -0.2240072233  
-0.9440798389  -0.006212179236  -0.3296584089  
0.01930695011  -0.8600975436  -0.5097641192  
-0.6025776119  0.5407560345  -0.5869268547  
-0.6936294  0.376918785  -0.6138489105  
0.7054385439  0.2426104338  -0.6659554326  
0.8307027107  -0.2501811188  -0.4973353137  
-0.9195866505  0.2037072976  -0.3359519744  
0.9476497337  0.2832966741  0.1473193016  
0.6658454922  -0.09191888024  0.7404057671  
-0.2757156447  0.9602080029  0.04451375534  
-0.9465180207  -0.0316210104  0.3210977238  
0.6028438708  -0.2740897773  0.7493023832  
-0.968941338  -0.2450042575  0.03354992372  
0.2999756282  -0.4865051525  0.820565268  
0.2729055568  -0.1833153084  -0.9444141331  
0.8987616579  0.4115620676  -0.1511428024  
0.001406854861  -0.6587457936  0.7523642736  
0.8114470968  0.5731832751  0.1140812962  
-0.2979143677  -0.7639120739  -0.5724380953  
-0.4342179349  -0.9007588977  -0.009391125377  
0.256573403  0.9612879522  0.1004766733  
0.2483904773  -0.5033901803  -0.8275871538  
0.08288685732  -0.9964912243  -0.01161933003  
-0.7624104101  0.1922481233  -0.6178762219  
-0.8536087973  0.4975311826  -0.1543202631  
-0.8538918884  -0.385416847  0.3497463323  
-0.6287396511  0.1668899845  0.7594960067  
0.1981307049  0.6616719999  -0.723142025  
-0.782912922  -0.01616095349  -0.6219213617  
-0.9018172711  -0.4301047352  -0.04165964763  
0.6399563773  -0.5979724634  -0.4825813592  
-0.7294904611  -0.4994430658  0.4673331693  
0.4883833778  -0.6765630319  0.551129876  
0.736369316  -0.4998656957  0.4559545117  
0.6464115999  0.6535557588  -0.3937218734  
0.1010054249  0.77292559  0.6264055686  
-0.7475953488  0.6447720127  0.1592804009  
0.2141099694  -0.966548432  0.1412127813  
-0.2037419606  0.346677594  -0.9155893508  
0.1141220843  -0.7680517277  0.6301370434  
0.1327999747  0.5090930611  0.8504048576  
-0.5424236579  -0.3316743906  0.7718605276  
0.2334891213  -0.8492773991  0.4735089541  
0.5097103552  0.466858492  0.7226607103  
0.2640837402  0.1814592276  -0.9472762675  
0.5383117296  -0.01617389455  -0.8425905808  
-0.472683168  -0.7344613269  0.4869673316  
0.4027481881  -0.9085949164  0.1106759905  
-0.8559248156  0.4037683399  -0.323053924  
0.3229609504  0.5070103058  0.7991475297  
-0.4229221589  0.7966141519  -0.4319059393  
0.9367205164  -0.3056649888  0.170656347  
0.09927765197  0.5210177081  -0.8477526147  
-1.241769542e-14  8.083689878e-09  -1  
-0.007519447452  0.3571178048  -0.9340290849  
0.02518441805  0.9418481679  0.3350936791  
-0.08940007887  -0.7811798076  0.6178719398  
0.9800601252  -0.1003890178  -0.1714765174  
0.8762341642  -0.04144386913  -0.4801000887  
0.3187433303  -0.9196285172  -0.229534485  
-0.6832730718  -0.6998375294  -0.2082434674  
-0.283180471  -0.9547045231  0.09136790718  
0.2186360805  0.9402301317  -0.2610853573  
-0.861572937  0.3696079343  0.34796846  
0.5695012308  0.5920720142  -0.5701921414  
-0.03361028396  -0.6478916077  -0.760990679  
-0.1658446483  0.3514146173  0.9214137612  
0.7598586045  -0.5839504748  0.2856864437  
0.6797367591  0.395669479  0.6175788222  
-0.748864705  0.4341220453  0.500739157  
0.404612568  -0.5886276951  0.6998614909  
0.7013338882  -0.3044776909  -0.6445340278  
-0.5958797301  -0.1546748883  0.7880374523  
-0.6475266859  -0.4271070366  0.6311012362  
0.4055514428  -0.3349638267  0.8504864855  
-0.4244729254  0.5095301281  0.748466288  
-0.7642464603  0.549654091  0.3373540102  
-0.2608481218  0.6456505026  0.7177002758  
-0.983178611  -0.1002975784  -0.1526440781  
-0.07114485602  0.5263087466  0.8473119335  
-0.08011117395  -0.1845498266  0.9795527353  
-0.2263338924  -0.6531252301  -0.7226343494  
0.5712478718  -0.8175662753  0.0725345057  
0.1925152188  0.0008215712092  0.9812936439  
-0.4894897793  0.6196459822  0.6135459336  
-0.02432091791  -0.3604837834  -0.932448355  
0.3698487297  0.3523119145  -0.859702409  
0.8334695165  0.3214619356  0.4494338538  
0.9838409261  0.0998341812  -0.1486276166  
0.6393361249  -0.7049463572  -0.3070829741  
-0.4145836662  -0.6266331698  -0.6598873042  
0.9791570715  -0.1045323796  0.1741390564  
-0.4063067009  -0.3455903564  -0.8458617915  
-0.1287171435  0.9722655021  0.1952733734  
-0.6059817637  0.4721052958  0.6402364343  
-0.1978957671  0.8176957323  0.5405654029  
-0.4372374673  -0.1712569933  0.8828898229  
0.1098475091  -0.1792015937  0.9776606331  
-0.3599618128  -0.8440398777  -0.3975225506  
-0.3001417734  -0.1769245087  -0.9373433918  
-0.2040185119  0.6368023778  -0.7435450077  
-0.03443249963  0.8704419694  -0.491065353  
0.5371924447  -0.3439326894  -0.7701523112  
-0.2178733636  -0.9331383432  -0.2859790726  
-0.3499673346  0.8439543281  0.4065266987  
0.700346401  0.02134287363  -0.7134839875  
0.7052289146  0.7089529153  0.006159699614  
-0.4568511693  0.1867613654  0.8697167364  
-0.9243184153  -0.2064699822  -0.3209448763  
0.1019114962  -0.7297747087  -0.6760494963  
0.1114604553  0.9927540349  -0.04489981103  
-0.5915079965  -0.2938044505  -0.7508643253  
-0.2919376275  -0.5171659917  0.804556871  
-0.01689971191  0.9848061112  -0.1728332231  
0.1716282945  0.8694323866  0.4632829089  
-0.517005388  0.4419450725  -0.7330688792  
-0.6160955248  0.6729897838  -0.4092811445  
0.09910619802  -0.51096161  0.8538712986  
0.4742216662  0.4965586647  -0.7270098375  
-0.4943885702  0.828406193  0.2632928428  
-0.9369660921  -0.2490067415  0.2451329943  
0.1740753723  0.8712572395  -0.4589211124  
-0.5731844398  -0.8133391967  0.09969427825  
-0.9231891316  0.1748650435  0.3422631209  
0.6205678719  -0.7763860996  -0.1100915107  
0.479977523  0.1767426935  0.8592924983  
0.3768663326  -0.001100900217  0.926267  
-0.06679053438  -0.9864134146  -0.1500919718  
-0.1853217436  -0.3602606393  0.9142582366  
-0.9227384637  0.38537668  0.006208236255  
-0.7416982531  -0.4834829974  -0.4648955717  
0.4798058646  0.722410329  0.4979052609  
-0.05180354387  -0.940946693  0.3345679509  
0.56903  0.8149446696  0.1098637551  
-0.3894360067  -0.6446330574  0.6578661095  
0.792305215  0.3197139265  -0.5196493544  
-0.8141639607  -0.5742647522  0.08577318626  
0.9398053603  -0.2912713666  -0.1786809326  
-0.4860114357  0.1667739658  -0.8578923759  
-0.6908620313  -0.6952567913  0.1983119963  
0.8306161307  -0.5566503076  -0.01474037119  
-0.4045958462  -0.8904187246  -0.2084626974  
-0.3084422798  0.7342105101  -0.6048126047  
-0.8092799857  -0.1063854487  0.5777093049  
0.2890078615  0.7710340994  -0.5674335852  
0.3601174513  -0.3512147407  -0.8642705752  
-0.08076433807  0.181901531  0.9799943646  
-0.4558701531  0.8864489665  0.07994143628  
-0.980010481  0.1989340447  -0.002168618248  
0.7756713208  0.5561964161  0.2982943995  
-0.1098654254  -0.1828451217  -0.976983751  
0.8698111143  -0.09375251775  0.4843955933  
-0.6406191339  -0.6525310983  -0.4047348405  
0.2205910843  0.3493644903  0.9106503316  
-0.1852424767  0.001105579078  0.9826922217  
0.5888832053  0.5688818555  0.5740992988  
0.8228722263  -0.3060193867  0.4787832853  
0.5332063745  0.7866845441  0.3111565367  
