1  0  0  
-0.3851626713  -0.9157722816  0.1140650903  
0.1256788719  -0.9918606546  0.02042701568  
0.6292104272  -0.1620874674  0.760145967  
0.5347686715  -0.06647773151  -0.8423794746  
-0.9373779101  -0.1923480325  -0.2903874792  
0.1074386613  0.1994422438  -0.9740019125  
0.2969814029  0.8463616095  -0.4421244986  
-0.7536996233  -0.1971951442  -0.6269377584  
-0.2774581502  0.8769586057  -0.3923781068  
0.04413702093  -0.9841919138  -0.1715173464  
-0.9375770108  0.3298385258  -0.1102537787  
-0.1468259932  0.8328065006  -0.5337372577  
-0.706292216  -0.01382839159  -0.7077853356  
0.3939134763  -0.8870889392  0.240635382  
0.3097887392  -0.5984578594  -0.7388363334  
0.4986433533  -0.8630000957  0.0811519625  
-0.9801186521  -0.1793427568  -0.08487404385  
0.6969866988  -0.04645200424  -0.7155779154  
0.8278974963  0.01856079983  0.5605722365  
0.4908325965  -0.5435317259  -0.6809233622  
-0.8236561392  0.05091968984  0.5647988576  
0.66278509  -0.5088694369  0.5493339792  
-0.4261152033  -0.08486104765  0.9006799854  
0.1748990509  -0.7547514969  -0.6322661622  
0.4417195343  0.1657151746  0.8817155629  
-0.5310160635  0.329690942  -0.7805932507  
-0.6295249883  -0.291595874  0.7201875695  
0.8713835829  -0.3820990961  -0.3077189174  
-0.5153320757  0.6617359334  0.5445534006  
0.9790855597  0.02322114674  0.2021193832  
0.673258384  -0.3426965895  0.6551963033  
0.3452399846  -0.8941782311  -0.2850520022  
0.8582902242  0.1230322063  -0.4981977191  
-0.6038650626  -0.7341020908  0.3105496845  
-0.9815494583  -0.1509952881  0.1173076468  
0.4522877215  -0.7865267728  0.4204895394  
-0.07476037062  0.3088699466  0.9481615068  
-0.8764102829  -0.4798798277  -0.04025378165  
-0.03452453573  -0.8739716001  0.4847491089  
0.7726991793  0.633945433  0.03239083574  
-0.3881589489  -0.6518063607  -0.6515221397  
0.473412377  0.8793815585  0.0506832904  
0.2358185001  0.05173020706  -0.9704193015  
0.1845745484  -0.4662028364  -0.8652093107  
-0.1897111216  0.5468689475  -0.8154410124  
-0.7926139314  0.3408160563  -0.5055764744  
-0.3491162788  0.09762268025  0.9319804913  
-0.9797751948  0.1874928832  0.06990698443  
0.3229297977  -0.7624852291  0.5606537445  
-0.1760895687  -0.8029598937  0.5694276713  
-0.763167374  0.1667767298  -0.6243084827  
0.9231895  0.3441752059  0.1710689182  
0.8754365008  -0.4832317342  0.009900716734  
-0.8400361932  -0.5253176251  0.1355750231  
0.7101269502  -0.6444603468  0.2835323193  
0.6257551008  0.6176085169  -0.4764349626  
0.4500696776  0.8415866252  -0.2986121859  
0.00944561218  0.7638087891  0.6453734687  
0.4387702191  -0.7928522527  -0.4229255256  
0.2654441719  -0.2855889889  -0.9208573837  
-0.3507519479  0.6235142449  -0.6987152907  
0.2786173492  0.9594183036  0.04346137857  
0.2429900598  0.6053805302  0.7579381535  
-0.7429462392  -0.1281301836  0.6569730145  
-0.8264963966  -0.5194517099  -0.2169645765  
0.6476688425  0.5387824774  0.5387378885  
0.6491124848  0.3647384833  0.6675468679  
0.4741733519  0.2683823113  -0.8385288112  
0.8420042998  0.4474432604  -0.3013690227  
-0.5618856568  0.7827135162  -0.267664081  
-0.7866704396  0.6047676595  -0.1241196904  
0.3799720947  0.4783037182  0.7917365474  
0.1757475176  -0.7015072174  0.6906521802  
0.001635044337  0.4769487502  0.8789295855  
-0.01178009638  0.6142378806  -0.7890329875  
0.1551374415  -0.1287765231  -0.9794636192  
0.1602066933  0.5300579109  -0.8326898742  
-0.1655242445  -0.9663742326  -0.1967805047  
0.0456957113  0.9379512451  0.3437431656  
0.9796130816  -0.02910762843  -0.1987736309  
-0.2571012055  0.1745412556  -0.9504916203  
0.6040253926  -0.7933375172  -0.07595333336  
-0.7494245367  -0.5389148111  -0.3846214895  
-0.3701010266  -0.904582529  -0.2115553786  
-0.4985668208  -0.6028261881  0.622921915  
-0.8311388074  0.5267351753  0.178208692  
-0.7512971465  -0.4656038511  0.4677239051  
0.06808498271  -0.8673421083  -0.4930335712  
0.7604936507  0.3008727666  -0.5754346058  
-0.9196013202  -0.02101492957  -0.3922904339  
-0.1250418556  0.6265499237  0.7692852056  
0.7584538135  -0.5448382079  -0.3576298925  
0.4935838424  -0.6528726431  0.5745714076  
0.8681311932  -0.2191798624  -0.4453183348  
-0.862950261  -0.2920017164  0.4123734286  
0.7369417528  0.6010090009  -0.3093623019  
-0.07185998277  0.2370828762  -0.9688280821  
-0.6210165444  -0.6887625001  -0.3740917936  
-0.01039062687  0.984257081  -0.1764370523  
-0.3512899118  0.7199380385  0.5985688085  
-0.9437257772  0.1530453949  -0.2931872515  
-0.2105691555  0.9559129066  -0.2046732657  
-0.2996894944  -0.2340989172  0.9248696686  
-0.190392098  -0.4634845234  -0.8654091204  
0.6239595989  -0.2167506012  -0.7507953089  
-0.1539536844  0.02755709473  -0.9876937124  
0.6149801134  -0.686765814  -0.3874947442  
-0.06033571283  -0.6291425779  -0.7749446551  
0.326648688  0.412002691  -0.8506200193  
0.8602027483  0.2007744328  0.4687652493  
0.9401713889  0.1348415021  -0.312882612  
-0.695626152  0.6832374481  0.2220154185  
-0.5254632485  -0.5160626279  -0.6764375348  
0.868634241  -0.1611721818  0.4685062253  
-0.5037757402  -0.3355936673  -0.7959817172  
-0.430486829  0.8964606977  0.1050681093  
-0.7848881514  0.3892589441  0.4821079384  
-0.1287585512  -0.8558943119  -0.5008654133  
0.5969021343  0.1130193833  -0.7943138304  
0.1968797567  -0.3735534758  0.9064745789  
-0.3316497625  -0.7916292515  -0.5131584192  
-0.2435899442  -0.1488948226  -0.9583810677  
0.3691636593  -0.3039023237  0.8782719227  
-0.2810579664  -0.9198209495  0.273744115  
0.6640478643  -0.3919763139  -0.6367063713  
-0.1427103722  -0.3658968802  0.9196484234  
-0.1553801742  0.9337401699  0.322469063  
-0.7598630472  0.2246869295  0.6100196171  
0.7089406695  0.6734016616  0.2096027893  
-0.5282517117  0.3811401765  0.758737303  
-0.1791807553  -0.9755065443  0.1275979582  
-0.2583081515  0.8453830249  0.4675515373  
0.3210761652  -0.9457506972  0.04965596539  
0.6174304205  0.185162085  0.7645225164  
-0.3401909252  -0.5750174801  0.7440598309  
0.09395610714  -0.9309535699  0.3528423169  
0.1981560209  0.7427151692  0.6396157979  
-0.6128684352  0.6597650627  -0.4348589922  
-0.7724679031  0.498534913  -0.3933907463  
0.02437796266  -0.4419297724  0.8967183455  
-0.4926823883  -0.4435505047  0.7486835206  
-0.5304742369  0.8091746897  0.252652737  
-0.9254035404  -0.3099915315  0.2180218746  
-0.1710244945  -0.6774361484  0.7154235718  
-0.7100432401  -0.6901256309  0.1398756974  
0.9271067215  -0.3563017082  -0.1162850795  
-0.6566250717  0.5398367139  0.5267065953  
-0.5523838894  -0.01564644726  -0.8334429959  
-0.4670979386  0.1475012452  -0.8718158627  
-0.2394107281  0.9614611011  0.1351852597  
-0.4743231553  -0.7450721377  0.4689190271  
-0.6555477752  0.747706162  -0.1057951309  
-0.7671347414  -0.3761819707  -0.5196069798  
0.8565560101  -0.4657300193  0.2222776433  
0.07005566657  0.9973007808  0.0219853619  
-0.5557198357  -0.8031948374  -0.2146008325  
0.3429324998  0.7174485487  -0.6063537585  
0.6358410353  0.4617881944  -0.6184317597  
0.9428667005  0.3309916683  -0.03803814741  
-0.9418272522  0.207856631  0.2641155957  
0.3577335213  -0.003818172653  0.9338159076  
-0.6370902114  -0.7697954292  -0.03912875841  
0.7541503088  -0.6547721425  -0.05030659108  
0.2542182835  0.8970449115  0.3615017167  
0.1093100849  0.9374687641  -0.3304597126  
-0.9200874367  0.0421887923  0.3894344806  
0.0003909992825  0.7586145013  -0.6515396269  
-0.3628780429  0.433584123  0.8248177582  
0.1216455031  0.3084153884  0.9434417416  
-0.03239463727  -0.03435246981  0.9988846256  
0.9811621769  -0.1553436943  0.1148438906  
0.859192846  0.3698397013  0.3535622275  
0.0425395763  0.1427726048  0.9888409214  
0.8863758087  -0.3227518631  0.3319174002  
-0.3215148174  -0.3162278718  -0.8925402821  
0.5578975254  0.8194308237  -0.1314666361  
-0.4474516559  0.243038003  0.860650652  
0.5119720526  0.6827937043  0.5212267978  
0.3693479958  -0.4704733  0.801396863  
0.4510652013  0.811783282  0.3708747596  
-0.5284257311  0.4991945901  -0.6867102795  
