1  0  0  
-0.5059883422  -0.8365664525  0.2100770529  
0.3484817284  -0.4938840323  0.7966423586  
-0.2984628479  0.1313517036  -0.9453394408  
0.2331677661  -0.1715013159  -0.9571938631  
-0.9462340868  -0.1519899336  -0.2855522946  
0.682166988  0.7280925392  0.06730122415  
0.4385487184  0.8104713322  -0.3883442303  
-0.7183985317  0.06485781407  -0.6926016269  
0.4836527546  -0.8752443754  -0.005224588296  
0.2460019458  0.9432131951  0.2232306232  
0.8857917863  0.4601148465  0.06055773619  
0.1182377274  0.9462886024  -0.3009280991  
0.4714709582  -0.1759069576  0.8641596368  
0.2212096406  -0.9561460388  -0.1919662663  
-0.3764574577  0.4720861165  0.7971288987  
-0.9810613252  0.1763723538  0.08007164905  
0.8735010265  0.4655537288  -0.1423224588  
-0.764668498  0.2919578461  0.5744934328  
-0.6204285557  0.2216712208  -0.7522833756  
0.4918434348  -0.6934935659  -0.5264567501  
0.7556607944  -0.2409595364  0.6090281321  
0.8233333068  -0.5322804679  0.1969765707  
-0.07350329523  0.2689104502  0.9603564106  
-0.012735578  -0.7666977749  -0.6418818638  
-0.7447068689  0.5576940902  -0.3665910271  
0.6111362102  -0.6996556386  0.3701277077  
-0.6462993997  -0.3400597209  0.6831225894  
-0.7733558566  0.4419459687  0.454537655  
0.04957762006  0.1427217317  -0.9885203928  
-0.8621206375  0.2348730623  -0.4489795663  
0.333742596  -0.3150150157  0.8884713949  
-0.2845826339  0.8843588572  0.3700299125  
0.8724647029  0.08397442092  -0.4814079755  
0.8158603009  -0.1148557146  -0.5667275662  
0.8672806521  -0.2619896657  -0.423303302  
0.3621501656  -0.648384977  0.6696597488  
-0.4437605209  -0.3675961714  -0.8172818699  
0.9806723637  0.1706043858  0.09579070225  
0.1399847574  0.5954804272  -0.7910798497  
-0.9218644178  -0.3347227768  -0.1952604871  
-0.3590423685  -0.6704162055  -0.6493309549  
-0.8744271915  0.4846305319  -0.0225905808  
-0.8726375889  -0.1378088854  -0.4685214505  
-0.02858206839  0.630586052  0.7755928677  
0.398266975  -0.8967769556  -0.1928069203  
0.6394830926  -0.5587475393  0.5280743901  
0.9777794075  -0.03191956174  -0.2071921135  
-0.8281088492  -0.4486451977  0.3360851387  
0.3916347765  0.7760782909  0.4942921082  
0.2719797756  0.6688634948  -0.6918443661  
-0.4963533424  0.3671599054  -0.7866555558  
-0.9426501931  -0.1234625849  0.3101090189  
-0.08943092719  -0.9465111685  -0.3100301876  
0.6958709662  0.5753026893  -0.4298725557  
-0.3946534765  0.9027621195  -0.1710824042  
0.5583514288  -0.8080114569  0.1880456527  
-0.6123742831  -0.7201640939  0.3261309788  
0.1772065918  -0.7180070753  -0.6731000398  
-0.3243466516  0.7808560973  0.5339129189  
-0.05944410415  0.4620982899  0.8848342042  
-0.5102597041  0.5334631429  -0.6745755032  
-0.03318871059  0.7979037549  -0.6018705072  
0.9308970378  -0.3536745884  -0.09135091987  
0.5136622383  0.2465609254  -0.8218021751  
-0.9259174566  0.03231418782  -0.3763411441  
0.7726144707  0.4264248497  0.4703495797  
0.4896587511  0.5145661969  0.7038863093  
0.5280160163  -0.1609771542  -0.8338377794  
0.5385352003  0.6766938413  -0.5020610352  
0.08046529768  0.9957697638  0.04436116955  
-0.6363223845  0.7713528649  -0.01042021544  
0.6083938837  0.3305524271  0.7215205993  
-0.00524590584  0.9897745197  -0.1425443111  
0.1668377603  0.6685629662  0.7246990561  
-0.1866321013  0.5949328133  -0.781807781  
0.05855720305  -0.06995264817  -0.9958301467  
0.01747877156  -0.5113104222  0.8592183336  
-0.2590854752  -0.9648060346  -0.04498924398  
-0.04414777203  -0.8869034198  0.4598405138  
-0.9781785953  0.1834397593  -0.09755250092  
-0.1217168674  -0.5238251275  -0.8430849542  
-0.7017435814  0.6840003826  -0.1992471393  
-0.4079377696  -0.8578245363  -0.3126081269  
0.4204281989  0.8992195704  0.1210136104  
-0.3592484557  -0.7537928505  0.5502153084  
0.7679665263  -0.6401591545  0.02058327854  
-0.6106928749  -0.5152436133  0.6013137546  
0.1009378512  -0.927442226  -0.36008675  
0.8398937132  -0.06549921914  0.5387841895  
0.08568495659  -0.944777282  0.3163130976  
0.05119361219  0.8723878636  0.4861261456  
-0.6417652272  0.5806182055  0.5010188545  
0.3384271405  -0.7905297124  0.510421242  
0.6490815658  -0.4305936822  -0.6271221586  
0.7756416401  0.2334669062  -0.5864070684  
0.4951727205  0.4318769799  -0.7538476312  
0.6452644608  -0.3969702156  0.6527238494  
-0.5454065657  -0.8381060861  0.01048172297  
-0.9169675398  0.07572181975  0.3917100164  
-0.3518987383  0.6447324746  0.678592156  
0.9378052013  -0.2033675857  0.2813592536  
-0.766826126  0.4075651983  -0.4958510882  
0.01478098184  0.3340447699  -0.9424413055  
-0.0975718032  -0.3467923736  -0.9328530392  
0.5270213432  -0.3616018577  -0.7690855611  
0.1047992329  -0.04505810623  0.9934721374  
0.4565286088  -0.8103678553  -0.3672677069  
0.207226246  0.7869352593  0.5811971959  
0.3737894146  0.1389679366  -0.91704383  
0.7778287192  0.1008803497  0.6203270417  
0.924819447  0.303068221  -0.2299100777  
-0.6126644384  0.7082266926  0.3507951506  
0.6685742215  -0.05566310562  -0.7415592552  
0.1093141482  0.1694554657  0.9794566158  
-0.6445686022  -0.4722218508  -0.6012801682  
-0.3111627433  0.9502892884  0.01131439513  
-0.6620156797  0.2357237214  0.7114559487  
-0.2044443822  -0.2395638595  0.9491109797  
-0.3838665397  0.06361257862  0.9211948326  
0.01396571161  -0.6764414869  0.7363639546  
-0.2415461597  -0.8774172262  -0.4144809571  
-0.6518554979  -0.148347696  -0.7436917177  
-0.1629887801  0.8635246182  -0.477241963  
-0.1504700868  -0.7772755467  0.6109021832  
0.509301801  -0.5467388993  -0.6645963071  
-0.6820240799  -0.5866258291  -0.436707329  
-0.03337181677  0.9826068514  0.1826748409  
-0.6550694945  -0.1529386462  0.739928191  
-0.9820839261  -0.1476420133  0.1171025105  
-0.3852108064  0.2756199201  0.8807078371  
0.3844065002  0.9187762834  -0.08989874159  
-0.141611006  0.8388669875  0.5255934744  
0.1233349788  -0.9923019588  -0.01119399206  
0.5833815134  -0.01895050652  0.8119771475  
0.1717327369  0.4264819095  -0.8880433818  
-0.1902345803  -0.9729604782  0.1309912678  
-0.3140774488  -0.541620604  -0.7797451362  
-0.4972055466  0.6880473574  -0.5285617074  
-0.4585352026  0.8140208317  -0.3565326823  
-0.2025401247  0.736669543  -0.6452096421  
-0.353106585  -0.3363933322  0.8730150432  
-0.5613306782  0.8072508173  0.1823567593  
-0.8663497045  -0.2746819796  0.4171186877  
-0.316107793  -0.9082332864  0.2742045965  
0.6616836357  0.737657696  -0.1342977653  
0.8688208149  -0.4070306283  -0.2819156953  
0.7497056111  -0.5769118211  -0.3242132744  
-0.4275477294  -0.02124361128  -0.9037431317  
0.1443223016  -0.2383077145  0.9604064277  
-0.2081042623  0.9643083847  -0.1637130269  
-0.4496782044  -0.6016200447  0.6601839398  
-0.9495230955  -0.3124470215  0.02797766714  
0.8725466674  0.3038216231  0.3825633731  
-0.5309513776  -0.04279196648  0.8463211461  
-0.2183509512  -0.0346177443  0.9752561068  
0.82364387  0.4850773436  0.2937869061  
-0.3245381942  -0.5115494044  0.7956080488  
0.7519251465  0.4102788732  -0.5160230812  
-0.7900901606  -0.6108356838  0.05135470343  
-0.9400252306  0.2260956599  0.255408141  
-0.5645465005  -0.8005812754  -0.2008901945  
0.7579027244  0.6046037842  -0.2450259668  
-0.9251607043  0.3529701338  -0.1396057156  
-0.5506606769  -0.7381449902  -0.3897624819  
0.2862640653  -0.8978443557  0.3345570175  
-0.772190869  -0.04858320146  0.6335305315  
0.2381807844  0.8617379334  -0.4479705885  
0.2099961986  -0.5625698404  -0.799635399  
0.2667221819  0.3912873296  0.8807687003  
-0.8293620262  0.5377670501  0.1515428299  
0.9811233278  -0.01426879557  0.1928559489  
0.6920467277  0.6684786225  0.2724108256  
-0.3173351815  -0.2220828633  -0.9219422891  
0.8621080149  -0.38954426  0.3240756705  
0.4979631136  0.1877465702  0.8466309485  
-0.7557704642  -0.283930718  -0.5900799546  
0.2293785729  -0.377960864  -0.8969565517  
0.5322634109  0.6374352494  0.5571103699  
0.7059517317  -0.6889143659  -0.164405441  
-0.7943009894  -0.5902251459  -0.1439451818  
-0.1779419997  0.4208484313  -0.8895073033  
0.2563904222  0.05545040428  0.9649814527  
