1  0  0  
-0.4809664691  -0.7602176625  0.4367383213  
0.6706979284  -0.7375882112  0.07828102909  
-0.4733733068  0.1461039478  -0.8686606638  
0.1809386362  -0.05215484953  -0.9821105241  
0.9407181592  0.3132029994  0.1302045549  
0.3576095367  -0.9335691541  0.02374981626  
-0.3162974978  -0.8574135568  0.4059530582  
-0.7305304677  -0.2799092136  -0.6228772495  
-0.7261253065  0.6447869843  -0.2387295209  
-0.02786316489  -0.9372407697  -0.3475678115  
-0.9195644188  0.3873610386  -0.06597503671  
-0.09306025727  0.9382607383  -0.333176493  
0.6204047728  0.1725232125  0.7650710157  
-0.2806324711  0.881547499  -0.3796306405  
-0.4130364056  0.4951270002  0.7643625981  
0.601022305  -0.7908254225  -0.1156172135  
0.8621745637  0.4373336441  -0.2557231031  
0.752143077  -0.1164312689  -0.6486328325  
-0.8550765721  -0.1744223131  -0.4882836394  
0.435832575  -0.750651052  -0.4965611389  
-0.9241629761  -0.128803092  0.3596283598  
-0.5211516712  0.851721905  -0.05450442324  
-0.3435382501  -0.02721172802  0.9387443702  
0.1665943765  -0.7390699339  -0.6527035671  
-0.627616585  0.5474075315  -0.5535724132  
0.609958069  -0.4044663548  0.6814382744  
0.8340342509  0.1734611657  -0.5237347537  
0.8048696847  -0.3761845204  -0.4589880143  
-0.92706957  0.1353925088  -0.3495867289  
-0.980395117  -0.1950780811  0.02774809518  
0.7578849545  0.09748641048  0.6450634042  
0.3508730162  -0.8716516174  -0.3422156987  
0.9390187728  -0.05879051083  -0.3388029222  
-0.7481303553  -0.5995366074  0.2843533504  
-0.9412676525  -0.2603378899  0.2150334612  
0.3219069523  -0.46173952  0.8265425154  
-0.1261308846  -0.8589945413  -0.4962049757  
0.923147604  0.3792546724  -0.06296343902  
-0.01189822641  -0.6299530461  0.7765420735  
-0.8308527901  -0.5460370468  0.1073647272  
-0.4150756029  -0.6939231301  -0.5883731243  
-0.3167630598  0.1840650077  0.9304736626  
-0.345330113  0.6745644393  0.652464505  
0.2434136127  -0.5735565423  -0.7821653955  
0.4520378391  -0.7932665005  0.4079093665  
-0.7259565739  0.2681511068  -0.6333103794  
0.8523730543  -0.4703801053  0.2284791736  
-0.7648455492  -0.475170871  0.4349987692  
-0.6731251841  -0.4553486036  -0.5827178869  
-0.1804066484  -0.6954735522  0.69553575  
-0.8648830389  0.0142018779  -0.5017724939  
-0.8692788435  -0.4855902345  -0.09250089894  
-0.9148904607  -0.2536925259  -0.3140311247  
-0.6418628761  -0.5017974822  0.5798373351  
0.4821071617  -0.6672059124  0.5678106683  
-0.7519172192  0.5349532222  -0.3852863162  
0.4995003999  0.6325026318  -0.5919795361  
0.7570324766  -0.08740298893  0.6475048625  
-0.2615180085  0.8200814829  0.5089938042  
-0.2589352211  0.9460462159  -0.1948053094  
-0.1571789081  0.3789124386  -0.9119869268  
0.1585857137  -0.7120166271  0.6840196591  
0.9395310159  0.06192101298  0.336819326  
0.3402529397  0.2289807076  -0.9120283837  
0.08801491731  0.9780328011  -0.1889582343  
0.5072164782  0.5337252046  0.6766600699  
0.3163732996  0.8268249421  0.4650467186  
-0.6293785973  0.01834759702  0.7768821963  
0.3433645325  0.7397466216  -0.5786844854  
-0.5795262238  0.7767524192  -0.2465867702  
-0.8635827229  0.3454055673  -0.3673144087  
0.2221979003  0.4770434039  0.8503279861  
0.4243730837  -0.8767271937  0.2263998978  
0.3848914596  0.92056741  -0.06643950674  
0.01290720211  0.4617053391  -0.8869394477  
0.1434971783  -0.2680890635  -0.9526472662  
-0.01415601481  -0.2734204629  0.9617904438  
-0.22193395  -0.9199305817  -0.3232229055  
0.01137836902  0.7707584433  -0.6370258666  
-0.9796379923  0.1256310813  0.1566085418  
-0.3210006753  0.273291995  -0.906791074  
0.2701631029  -0.9459997527  -0.1791545859  
-0.7586889935  -0.6117961541  -0.2238224228  
0.4803332039  0.8723785311  0.09075082225  
0.4470673912  0.8565467928  -0.2577951501  
-0.6149279537  0.211475695  0.7596983889  
0.489807289  0.4854442263  -0.724177273  
-0.1667391227  0.920546155  0.3532603028  
-0.7510883769  -0.3238041325  0.5753408848  
-0.3050346446  -0.9433240101  -0.1307427914  
0.0152841392  0.07228401116  -0.9972669737  
0.7885252529  -0.5706537916  -0.2293080366  
-0.4735707468  0.5259681609  -0.7064617764  
-0.721574733  0.3055867946  0.6212460186  
-0.1352505023  -0.9236505917  0.3585761929  
-0.4875279971  -0.2989034743  0.8203494165  
0.609979672  -0.2100418353  0.7640727892  
-0.6490360143  -0.6724976479  -0.355667212  
0.812239375  -0.5780088156  0.07856848476  
-0.5113288858  0.5897843983  0.6250577045  
-0.9791596866  -0.1267822809  -0.1586586319  
0.1387922129  0.6412689024  0.7546594705  
-0.01557184655  0.1323580374  0.9910796474  
-0.04450997968  -0.5089147004  -0.8596654521  
-0.1286581416  0.4520507358  0.8826648372  
-0.1541169624  -0.01063112565  -0.9879954155  
0.6630383713  -0.4866571987  -0.5688100642  
-0.03131687428  -0.7629186167  -0.6457355788  
0.1813852261  0.3531480754  -0.9178157967  
0.8142777853  0.355331269  0.4590113044  
0.9808954686  0.06844975929  -0.1820953325  
0.5937572837  -0.6592720951  -0.4613161527  
-0.327031795  -0.597382717  -0.7322459249  
-0.9812572029  0.06825748013  -0.1802088182  
-0.4097780628  -0.4282502582  -0.805408999  
-0.181542431  0.9832890079  0.01360414261  
-0.7348393929  0.5443626994  0.404574243  
-0.866726296  0.4125922992  0.2802732996  
0.4984691523  0.1045511431  -0.8605797829  
0.1551618331  -0.1865494809  0.9701155069  
-0.4902612076  -0.7632640889  -0.4207990957  
-0.3262313143  -0.120264828  -0.9376083941  
-0.3212507275  0.6291815934  -0.7077630201  
-0.006802882991  -0.8785843646  0.4775387262  
0.571567549  -0.4028648453  -0.7148499516  
0.9402149684  -0.2679797915  0.2101966807  
-0.0768328385  0.9796319957  0.1855205324  
0.7524997639  0.07782355396  -0.6539782869  
0.7693853158  0.6371984505  0.04499300653  
-0.4601072311  0.2963300141  0.8369527218  
-0.1809835871  -0.1532263328  0.9714765217  
-0.070289595  0.8571155028  0.5103061705  
-0.2037245208  -0.9785831478  0.02951850966  
0.5804391515  0.3582911573  0.7312440345  
0.1806756883  0.5367895003  -0.8241439971  
0.08763395103  -0.9845482362  0.1516082494  
0.2309749228  0.7472208986  0.6231464625  
-0.4738689743  0.3451104946  -0.8101524188  
0.6114694078  -0.6770699178  0.4094893036  
0.1580704638  -0.5567510642  0.8155010613  
-0.3405182898  -0.4260397754  0.8381750438  
-0.5149480849  0.7970177808  0.3155806189  
0.8623167338  0.3137961081  -0.3974189894  
0.2751022797  0.9355095345  -0.2216768967  
-0.5535632894  -0.8271543307  0.09686794085  
0.8475349357  -0.1979954848  -0.4924249391  
-0.6613879127  0.6968843224  0.2773414325  
-0.4612532861  -0.2445997996  -0.8528870641  
0.3199422225  -0.07433081436  0.944516757  
0.1203556076  0.9781049972  0.1697796872  
-0.6401959352  -0.1815128773  0.7464598047  
0.9416068469  -0.3126367462  -0.1250392372  
0.8554129562  0.4375801235  0.277114254  
-0.0641766749  0.6342079837  0.7704943788  
-0.8686336815  0.4885753909  0.08227766851  
-0.6431719257  -0.7627993309  -0.06683602914  
-0.3411820707  -0.5997482874  0.7238071472  
0.6224235715  0.3545172788  -0.6977867846  
0.7010195137  0.7022611369  -0.124100512  
-0.9175443209  0.2407087491  0.3164991584  
0.1618092111  -0.8361342588  0.5241157128  
-0.6033952426  -0.7458311994  0.2822233214  
-0.7420378051  0.6657436019  0.07851975784  
0.4050302996  0.8699356316  0.2813582295  
-0.3246985144  0.7636806277  -0.5579989011  
-0.8608940565  0.0136410966  0.5086013605  
0.1794274042  0.8229078356  -0.5390997132  
0.2984633648  -0.3802607044  -0.8753978619  
-0.04468072639  -0.34212676  -0.9385909188  
-0.4436495292  0.8839646154  0.1475860901  
0.9799191313  -0.1971924241  0.02955746896  
0.7449545709  0.5234633485  0.4135562962  
0.1543018574  0.2002782991  0.967512036  
0.8414131975  -0.2086957394  0.498467571  
0.281545642  0.3153101068  0.9062624278  
0.6345311603  0.6351876679  -0.440348536  
0.4806234431  -0.1004026109  -0.871160388  
0.5862915558  0.6170452657  0.5248974678  
0.7545966115  -0.4057283981  0.5157212629  
0.5769375076  0.7824560921  0.2343193891  
-0.632002432  0.01965809034  -0.7747170357  
0.4868461631  0.0483721687  0.8721473194  
-0.01752619065  -0.9997940821  -0.01022868335  
