1  0  0  
-0.4987383362  -0.7485980461  0.4368764556  
-0.9422519095  -0.1547623921  -0.2970015843  
-0.4277768043  0.2147116941  -0.8780124681  
-0.0924113472  0.02973321477  -0.9952768855  
0.9154653109  0.3376236852  0.2189372325  
-0.356195042  0.9341147994  0.02355066005  
-0.3180972748  -0.786410942  0.5295016091  
-0.7734595302  -0.2951903016  -0.5609126857  
0.5666730778  -0.6966955773  0.4398828201  
-0.0009883080115  -0.9170320316  -0.3988123323  
-0.8708490285  0.4871360055  -0.06573037184  
-0.1354272255  0.9394986586  -0.3146454149  
0.7828688606  0.1162277267  0.6112343763  
-0.3165901717  0.889546734  -0.329358879  
0.2933844496  -0.6000531485  -0.7442189085  
0.7726509563  -0.634440555  -0.02226391599  
0.9272037654  0.3345727612  -0.1683871874  
0.6398787864  -0.2154789583  -0.7376475834  
-0.8803452413  -0.1180104126  -0.4594189795  
0.5068339879  -0.7311346934  -0.4566851966  
0.5217440218  0.819266438  -0.2378774462  
-0.5255186425  0.8494364159  -0.04783232899  
-0.2737768463  -0.0797715425  0.9584793892  
0.00639217942  0.7473019209  0.6644538953  
-0.6822801729  0.3705772154  -0.6302113082  
-0.5297543015  0.4873336737  -0.6941658811  
0.7106614057  0.1175346949  -0.6936468568  
0.758459876  -0.278124683  -0.5893939915  
0.9142781859  -0.06222041403  0.4002799257  
0.9784895818  0.1751456362  0.1090052492  
-0.6897811249  -0.004900199471  -0.7240013728  
0.205496465  -0.9029288748  -0.3774793372  
-0.9336998653  0.1683411507  0.3160155354  
-0.8466339264  -0.465986857  0.2570354913  
-0.9817639475  -0.171464589  0.08209412951  
0.2182196324  -0.4964035997  0.8402164353  
0.1533826875  -0.3059596329  -0.9396076065  
0.8642740226  0.499021727  -0.06330663391  
-0.05128889202  -0.6846791241  0.727037789  
-0.7654844402  -0.643217754  -0.0174497215  
0.510920862  0.7190180038  0.4711400884  
-0.1270751675  0.1303015852  0.9832972077  
0.2262020543  0.2580200363  -0.9392860541  
0.003739648276  -0.4928373116  -0.8701134405  
-0.04751224585  -0.9558208802  0.2900845246  
0.5645157882  -0.30153089  0.76837559  
0.7774555987  -0.6026202747  0.1800322096  
-0.8400515494  -0.3609657112  0.4049903081  
0.2150454153  0.8948223261  0.3912141026  
0.1857424867  0.5618064405  -0.8061471652  
-0.8212820147  0.06112247647  -0.5672388344  
-0.9382065706  -0.345021448  -0.02699317023  
-0.7769007405  0.4199831424  -0.469083574  
-0.7124756903  -0.4385426889  0.5477761411  
0.4678687996  -0.6505375047  0.5982472243  
0.7239878165  -0.5784327888  0.3758419221  
-0.6088435559  -0.6085433339  0.508905232  
0.09934691686  -0.6302621736  -0.7699998589  
-0.3151509227  0.8066450238  0.5000037015  
-0.2989156379  -0.571049719  -0.7645597817  
-0.07826686124  0.3861991737  -0.9190889493  
-0.08318777406  0.7810996635  -0.6188401327  
0.8566857456  -0.1385059433  -0.4968960022  
0.4038916473  0.2258216934  -0.8864965313  
0.1901106287  0.9780932777  0.08480264771  
-0.584242163  -0.5738734981  -0.5738730724  
0.4101506395  0.6594997159  0.6299496628  
0.3089477149  -0.09970418358  -0.9458384562  
0.4446892823  0.6594664846  -0.6060985052  
0.3914978903  -0.9062543906  0.1594753317  
-0.8451817528  0.4533214146  -0.2831386583  
-0.4764923836  -0.4978407643  -0.7246444519  
0.5003399793  -0.819188663  0.2803387942  
0.1781650235  0.8827919834  -0.4346671583  
-0.01897417089  0.5486934435  -0.835808283  
-0.06035609172  -0.1505223797  -0.9867624615  
-0.111624281  -0.4136304466  0.9035761581  
-0.1000643505  -0.9634351642  -0.2485554468  
-0.1181184652  -0.7974529487  0.5917067034  
0.976934832  -0.170133529  -0.1290461792  
-0.2698974799  0.3189654783  -0.9085242837  
0.4788541596  -0.8643829609  -0.1534300844  
-0.8546011365  -0.5025110649  -0.1309180169  
-0.3740236408  -0.914653571  0.1533465393  
0.3704943627  0.858259267  -0.3551407578  
-0.4862508262  0.1542172645  0.8601029992  
0.5587489946  0.5000436938  -0.6616312155  
-0.1133999962  -0.8354702903  -0.5377079456  
0.8777606049  0.1864700723  -0.4413221416  
-0.09354476988  -0.04963083626  0.9943772705  
0.9279124007  -0.3347147994  0.1641480422  
0.6748364149  -0.6228051737  -0.3958655438  
-0.350172892  0.5835980653  -0.7326610702  
0.5089261043  -0.3354375624  -0.7927646953  
-0.7336777336  0.4598593447  0.5002463057  
0.6419093957  0.320350298  -0.6966548746  
0.5679091011  -0.1041728789  0.8164724516  
-0.5887568853  -0.7547902717  -0.2892351565  
-0.7374546059  0.6402458671  0.2150486781  
-0.4083418482  0.6784277041  0.6107313528  
0.9800607391  0.002021805616  0.1986878455  
0.7027329037  -0.1831337183  0.6874798232  
0.0502409589  0.2303833096  -0.9718021284  
0.1811136741  0.4552965039  0.8717241138  
0.7350919002  0.4661635221  0.492271743  
0.2839187053  -0.1085285167  0.9526865853  
-0.5882015594  0.5834117965  0.560044285  
-0.2169486943  -0.7208392258  -0.6582735561  
-0.3071029236  -0.4115708981  0.8580776131  
0.861680599  0.3129290731  0.3994770839  
0.9801509703  0.007309455164  -0.1981177609  
-0.5846466728  0.7595355115  0.2851211581  
0.2160677144  -0.9658274481  0.143150562  
-0.9530682576  0.1675564812  -0.2521620946  
0.5209805331  0.3135915075  0.7938763446  
0.2911266731  -0.9343212542  -0.2056430263  
-0.6329420294  0.4076440298  0.65818746  
-0.6131511426  0.0216371068  0.7896692421  
0.4534135622  0.03488567595  -0.8906172754  
0.1292198917  -0.2086129229  0.9694239877  
-0.4170426842  -0.8372637563  -0.3536450226  
-0.2199005916  -0.2735587654  -0.9363809757  
-0.2854097815  0.7324392448  -0.6181213549  
0.01535081584  -0.8844856835  0.4663147307  
0.4817230253  -0.5224382874  -0.7035631903  
0.8566331136  -0.4984046994  -0.1333134064  
-0.09709341445  0.9684485333  0.2295219099  
-0.7479083888  0.08551242525  0.6582709679  
0.6385789954  0.7635183322  0.09621134527  
-0.3590796016  0.4397051538  0.8232382507  
0.2073402471  -0.7361225102  -0.6443086775  
-0.1030118185  0.8403972901  0.53209112  
-0.1648338483  -0.9816588802  0.09578958926  
0.6361046182  0.4060555853  0.6561171971  
-0.4847311289  -0.3733254693  0.7909891445  
-0.03053109885  0.9920392354  -0.12217204  
0.3223929255  0.793269841  0.5165130792  
0.4058676139  -0.4118449921  0.8158769408  
-0.6358322622  0.5453967142  -0.546131631  
0.1561538896  -0.6526393516  0.7414026163  
-0.5672087939  -0.1766130897  0.8044140729  
-0.4069056005  0.8496022567  0.335564953  
-0.9428191373  -0.1884843344  0.2748922152  
0.2278484467  0.9380755952  -0.2609583548  
-0.6542185929  -0.7481275832  0.1109195744  
0.8496029223  -0.3207275603  -0.4186988256  
0.6374091046  -0.7640763576  -0.09948343088  
-0.6646676951  -0.2203035263  -0.713921012  
-0.4272225878  0.0003161339479  -0.9041464265  
-0.008686485694  -0.9979340549  -0.06365663424  
0.1067478712  0.6206319377  0.7768017056  
-0.939781681  0.3395312264  0.03910164197  
-0.8128311434  -0.4872746821  -0.3191691034  
-0.9241626724  -0.00907326484  0.3818913862  
-0.3064907209  -0.9245503817  -0.2264288623  
-0.5203853074  -0.8532679548  0.03365901249  
-0.3823381531  -0.5456548977  0.7457065571  
0.7743564437  0.2584000119  -0.5775824893  
0.7627775151  0.6188832121  -0.1874940857  
-0.911240429  0.3401030867  0.2323161014  
-0.6454910113  0.714789957  -0.2691034592  
-0.6433684022  -0.6959872727  0.3188711577  
0.8094356007  -0.4901626717  -0.3233489812  
0.3566852677  0.9337911218  0.02845629328  
-0.401847523  0.7882161481  -0.4660835464  
-0.8289108887  -0.04917686769  0.5572148368  
0.2552601146  0.6864308116  -0.6809221797  
-0.184614112  0.4720278884  0.8620367174  
0.03188316084  0.3267329366  0.9445787697  
-0.6627192648  0.7431213746  -0.09259480915  
-0.9827005458  0.1738990888  -0.06370827414  
0.7377509888  0.639680085  0.2157147826  
0.251759397  0.08453463982  0.9640908156  
0.8103898067  -0.2388220359  0.5350069125  
0.3577389732  0.3931015733  0.8470501639  
0.7420938169  0.54557633  -0.3894139637  
-0.3343186977  0.2751974447  0.9013863627  
-0.673778286  -0.6213517668  -0.3999309982  
0.8839456357  -0.2811320125  0.3736373973  
0.4821089952  0.8605928725  0.164167063  
0.5571044105  0.1089436308  0.8232654257  
-0.397266808  -0.1996671686  -0.8957187645  
-0.1753430032  0.9834961348  0.04461147944  
0.2077480623  -0.8497583035  0.4845116802  
