1  0  0  
-0.7366966793  -0.6752053883  0.03709024627  
-0.2385364369  -0.8677274801  0.436061221  
0.4972967044  -0.2995837319  0.8142146986  
0.1677095708  0.1784917868  -0.9695432852  
0.9360949014  0.1177000289  0.3314710226  
-0.4660461969  0.04898057542  0.8834035576  
-0.5274424979  -0.8028203307  0.2779998707  
-0.6396836776  -0.2051829874  -0.740746066  
-0.458890242  0.7531194499  -0.4714136611  
0.1772278944  -0.966067344  0.1878940136  
-0.9285631794  0.3509098289  -0.120965755  
-0.1826441735  -0.9496795658  0.2544598756  
0.7755742025  -0.07849373796  0.626357238  
0.03775494074  -0.3579622181  -0.932972462  
0.3296015488  -0.4870056547  -0.8088190844  
0.8474565643  -0.5252168045  0.07723134011  
0.9094844547  0.3011604322  0.2866015017  
0.5618020573  -0.1879139027  -0.8056468293  
-0.8721080377  -0.02028548801  -0.4888926973  
0.4346588229  -0.8033145342  -0.4071332299  
-0.8473310848  0.4608819226  -0.2638520156  
-0.5893744908  0.8072624435  0.03106536395  
-0.3438985264  -0.264162566  0.9010837598  
-0.04976716062  0.8859166714  0.461166869  
-0.8157354665  0.3751753827  -0.4402488853  
-0.3052726012  0.9509500011  -0.05002733588  
0.7524458583  0.05946940449  -0.6559638864  
0.5679802291  -0.5197642934  -0.6381563591  
-0.861263957  0.1807823316  -0.4749127761  
-0.9837944909  -0.0120724714  -0.1788928593  
0.6492040476  -0.1758635824  0.7400041249  
0.1424028404  -0.9424841895  -0.3023987164  
0.8814095319  -0.2615717189  -0.3933159963  
0.8469866161  0.431196658  -0.3109390845  
0.8401172046  -0.08438005463  -0.5358013521  
0.1821026326  -0.1486650422  0.9719759958  
-0.1498890586  -0.672052573  -0.7251748819  
0.9709589151  0.236140417  -0.0384251039  
-0.2924626465  -0.7523299226  0.5903094849  
-0.8542707835  -0.2189721486  -0.4714579797  
-0.345847452  -0.6298532609  -0.6954670443  
-0.4074368951  0.2762914332  0.8704356498  
0.6029344005  0.6416869198  0.4740337601  
-0.1392107974  0.5154138809  0.8455583275  
0.3311500788  0.9391704582  0.09109597036  
-0.5781874424  0.6128957548  -0.5385703995  
0.7492726301  -0.6256842208  0.2170478789  
-0.9322668632  -0.2721496397  0.2383549233  
0.1457097952  -0.2106517547  -0.9666408298  
-0.3287676194  -0.6088850404  0.7219216439  
-0.6545208853  -0.01457457254  -0.7559034281  
0.9178917529  -0.3921910323  -0.0605055712  
0.7403931356  0.3082355612  0.5973347835  
-0.759103073  -0.4186230279  0.4985150801  
-0.1932525675  0.6614017264  -0.7247076662  
0.6220612628  -0.6949014402  0.3607655385  
-0.6818846542  -0.6908642701  0.2402912371  
-0.1479504964  0.7854486301  0.6009834441  
-0.2475681392  0.8607922502  0.4446872142  
0.8695984085  -0.431837194  -0.2394060271  
0.1714188377  -0.5063896716  0.8450947181  
0.1497461832  0.6887116949  -0.7094027642  
0.7710847797  0.1173616325  0.6258230658  
0.3450451697  0.4443255376  -0.8267518657  
-0.0100845342  0.0682964356  -0.9976141033  
0.4304587192  0.4642977094  0.7740367744  
0.738191447  0.5705655565  0.3599004493  
-0.5037624778  -0.3336616434  0.7968019037  
0.5873514952  0.6887482015  -0.4250225123  
0.4923466881  -0.817865086  0.2978110806  
-0.7335960829  0.5504109039  -0.3986033417  
-0.5269922671  -0.5630765105  -0.6365720648  
-0.3391275262  0.9069163387  -0.2499905507  
0.7594599526  0.629586069  0.1638351679  
0.0377473229  -0.7433561721  0.6678298743  
0.3117855381  -0.1328868639  -0.9408139347  
0.008113564535  -0.6035768331  0.7972635553  
-0.4979737613  -0.776159853  -0.3867790269  
0.4209563339  0.7896107777  -0.4464421404  
-0.9413813952  0.2594048158  0.2156622597  
-0.3414331581  0.5554858795  -0.7581944581  
0.3052739426  -0.8511060191  0.4271139944  
-0.1850118702  -0.04178536799  -0.9818475395  
-0.4956304527  -0.8668905039  -0.05339764713  
0.6006961849  0.7936351939  -0.09647420639  
-0.6857415034  -0.4840314625  -0.5435734852  
0.6253014579  0.5485860313  -0.555023831  
0.06433908285  0.9502589877  0.30474307  
0.864496019  0.2727124042  -0.4222257426  
-0.3306713089  -0.8426510143  -0.424965591  
-0.6191180368  -0.009872152444  0.7852358863  
0.6679972336  -0.5797876341  -0.4665040141  
0.172149661  0.5342812907  -0.8275916847  
0.4938555395  -0.4057483389  -0.7690741132  
-0.8028792574  0.4323771728  0.4104081852  
0.6429697728  0.3854467821  -0.6618312848  
0.4086919492  -0.663933361  0.626229497  
0.4222400059  -0.9020678836  -0.08936951843  
-0.8169879471  0.5664244067  0.1081391967  
-0.4107680173  0.6025361743  0.6842658801  
0.9386321764  -0.08501422125  0.3342786556  
-0.7654668002  -0.2477768869  0.5938578888  
-0.1792937472  0.3344354904  -0.925206277  
-0.04218898003  -0.5474572309  -0.8357695079  
-0.3160447327  -0.3481253354  -0.882566982  
0.3562374451  -0.02761103096  0.9339874269  
-0.6055797712  0.7144638333  0.3504491  
-0.04919425252  -0.794409557  -0.6053869682  
0.004952121582  -0.2595908473  0.9657059949  
0.5967752704  0.3915119996  0.7004124719  
0.9792344628  -0.08012003246  -0.1862274073  
-0.5229412754  0.8224704092  0.2237741015  
0.03351657656  -0.9885609058  -0.1470509255  
0.9114859392  -0.2771986398  0.3038984973  
0.3408683026  0.1639947304  0.9256967801  
-0.1042297748  0.9943045051  -0.0222419704  
-0.5121882002  0.6771011409  0.5283912306  
-0.04781053367  0.6785683329  0.7329796521  
0.4942534109  0.1468878123  -0.8568182634  
0.3489454698  -0.4003454498  0.8473255454  
-0.1471549148  -0.8780711402  -0.4553421832  
0.01201996559  0.1295724041  0.9914971067  
0.05100357796  0.9136937876  -0.4031901507  
0.1052092439  0.8181254931  -0.5653332579  
0.2314897207  -0.6475463713  -0.726013916  
0.3344949184  -0.7459240417  -0.5759431165  
0.26123726  0.9251813185  0.2753082307  
0.7147111152  -0.1301705475  -0.687199862  
-0.9727509548  -0.186926333  -0.1371645946  
-0.1601496057  0.01509316205  0.9869773555  
0.4530670106  0.8602078322  0.2340358294  
0.3402135937  -0.8999563623  -0.2726412598  
-0.1528899551  -0.9807154213  -0.1217453246  
0.4859912982  0.2796350585  0.8280197414  
-0.1774849244  -0.3618469363  0.9151862632  
-0.2621430692  -0.9614480094  0.08305863247  
0.2456386319  0.7700306067  0.5888246999  
0.5091777605  -0.5022312863  0.6989289973  
-0.6248954037  0.7629853349  -0.1654059045  
0.09566700391  -0.8461390257  0.5243058016  
0.4953882755  0.5069079749  -0.7054323224  
-0.2315531055  0.9642634032  0.1287604307  
-0.8593239778  -0.09731490798  0.5020877511  
0.4320636994  0.8940350647  -0.1184156355  
0.8078521784  0.5619789332  -0.1776359662  
-0.7067465155  0.4242301604  0.5661608727  
0.6838197401  -0.7106203568  -0.1655574568  
-0.5077674816  -0.08972843089  -0.8568086095  
-0.3495587558  0.2170069324  -0.9114365954  
0.08227770631  0.9952853954  -0.0513552403  
-0.9263736807  0.0832385366  0.3672916412  
-0.9786384014  0.2031337952  0.03167870796  
-0.9827569758  -0.1007518806  0.1550412364  
0.634039914  0.7660360736  0.1057455497  
0.002611247244  0.438154193  -0.8988960365  
0.9240022111  0.3707983156  0.09342656519  
-0.4679735798  -0.6606735622  0.5869507413  
-0.6415108592  -0.2033617479  0.7396673692  
-0.9059061019  -0.4090776027  0.1094972578  
-0.6429958947  0.313687957  0.6986817194  
-0.8123267554  -0.4013736746  -0.4231127696  
-0.8467264149  -0.5314148642  -0.02554643668  
0.754693387  -0.5868826051  -0.2932689881  
-0.8480446972  -0.47563221  -0.2336540015  
-0.1420378768  0.9209968964  -0.3627533025  
-0.7884083327  0.2595942723  0.5576944636  
0.3555290327  0.8896675918  -0.286514717  
-0.2393942376  0.3553636673  0.9035524683  
0.1340752262  0.4038010861  0.9049687931  
-0.732370599  0.6804339262  -0.02535700523  
0.9741299129  -0.1693652788  0.1496205708  
0.9370971245  0.09973369594  -0.334517816  
-0.1581727562  -0.2337967625  -0.9593333378  
0.7542674972  -0.2736657292  0.5968145536  
0.2460015778  0.5257221418  0.8143091878  
-0.7310044962  -0.5677693711  0.3785107235  
0.328935323  0.07348085838  -0.9414893078  
-0.003372729619  -0.9750941792  0.2217655664  
0.6856467904  -0.4645575293  0.5604237511  
0.4303661476  0.7143756435  0.5517720716  
-0.6198995344  0.3602868461  -0.6970781561  
-0.5121544796  0.1054078873  -0.8524007076  
-0.6336164003  -0.7203092226  -0.2822851062  
-0.2567904328  0.7683913174  -0.5862025733  
0.4740582783  -0.8740456194  0.1063626058  
