1  0  0  
0.5477308176  0.6946722439  -0.4662847038  
0.2743341397  0.9206082805  -0.2778869801  
0.558481864  -0.09591481993  0.8239528839  
0.1716522355  -0.07817570276  -0.9820509506  
0.8972650392  0.2621633615  0.3552264366  
0.1620275801  -0.4557186008  -0.8752528893  
-0.5185362582  -0.591585126  0.6173711911  
0.6612942158  0.3834638901  0.6447056733  
-0.768264191  0.5547310622  -0.3194426107  
-0.1442532145  -0.9656431279  -0.216158182  
-0.8086116655  0.5730195613  -0.1334007378  
-0.04985826611  0.9962317445  -0.0709680525  
-0.5880214886  -0.2463698973  -0.7704106714  
-0.06111580111  0.9626681092  -0.2636948434  
0.455746084  -0.576315174  -0.6783482344  
0.5435864137  -0.8363606578  -0.07081427004  
-0.9014284595  -0.3891722573  0.1896620322  
0.642228989  -0.293849915  -0.7079506714  
-0.7368971017  -0.208460121  -0.643060681  
-0.5504902434  0.6369398812  0.5396925788  
0.3739364679  -0.81923814  0.4347647501  
-0.5479595735  0.8276655261  -0.1212851299  
-0.4169253423  -0.8263486587  0.3785778034  
-0.03743585472  0.8665003878  0.4977706647  
-0.6501350364  0.5572387221  -0.5165360016  
0.5023713521  -0.5718240768  0.6485678452  
0.7141223226  0.2136064461  -0.6666345285  
-0.8607308887  0.2309745981  0.4536442134  
0.923968464  -0.3633519774  0.1194052681  
-0.9793823246  -0.1530866179  -0.1318133136  
-0.7520855505  0.2833505482  -0.5950460415  
0.2067960427  -0.9548723442  -0.2131999131  
0.8620535948  -0.04095880025  -0.5051593575  
-0.04427927719  0.7736524259  -0.632061128  
0.9806878034  0.1896839217  -0.04765964797  
0.3049528024  -0.4019620206  0.8633830681  
0.3074315987  0.8998863999  0.3093384544  
0.9326683195  0.3607343591  -0.0007265997285  
0.003613904126  -0.6484555757  0.7612439202  
-0.8500674869  -0.5263398007  0.0187531849  
-0.150497308  -0.1484710803  -0.9773980247  
-0.7126180046  -0.4933800964  -0.4987500978  
-0.8755134121  0.483144455  0.00690657663  
-0.3205613499  0.6918873584  0.646940727  
-0.02022066715  -0.004770710975  -0.9997841592  
0.6363893029  -0.424260901  0.6442137401  
-0.6881628918  0.725390619  -0.01550110104  
0.8790837884  0.2867905586  -0.3807398962  
0.8650278931  -0.4598157166  -0.200739261  
0.1978667469  0.4036399946  -0.8932656409  
0.784861902  0.03304513259  0.6187889898  
-0.9282709852  -0.3240836825  -0.1824355909  
-0.005598907431  -0.3646413381  -0.9311312189  
-0.6738197796  -0.5259276703  0.519005771  
-0.506540635  0.701520067  -0.5012845307  
0.6403364771  -0.671226621  0.3733952589  
0.6948516583  0.6206233241  -0.3633288628  
-0.9210470291  0.07027007239  -0.3830593779  
-0.5124259842  0.8153098241  0.2696099062  
0.2905189647  0.9534254353  -0.08110900308  
-0.1231557683  0.3626963521  -0.9237337348  
-0.0703535094  0.8897061868  -0.4510801314  
0.164206439  -0.6329346446  -0.7565910263  
0.4532532824  0.1470872273  -0.8791625615  
0.8356998522  -0.1190637617  0.5361245915  
-0.5615268112  -0.5521045242  -0.6163345152  
-0.6167602028  -0.08357108523  0.782702195  
0.4896410973  -0.0412537128  -0.8709476029  
-0.3427529307  -0.6354452404  0.6919030098  
-0.3938483155  0.9181243935  -0.04394430973  
0.8672599621  -0.4095106795  0.2831274651  
0.3308961558  0.4483641072  0.8303477353  
0.3852338134  -0.8923135254  0.2353114559  
-0.1865001293  0.277645717  0.9424067899  
0.02313964329  0.4834610489  -0.8750599814  
-0.0220469561  0.1949158131  0.9805721583  
0.06185631646  0.2959749742  -0.9531907525  
0.3044750982  0.9453842867  0.1163763941  
-0.1663802585  -0.5902719457  0.7898712805  
0.9795245946  -0.1452834972  -0.139370994  
0.1920983167  -0.6808070088  0.7068239197  
0.3827166809  -0.9119422853  -0.1479500269  
0.7320648284  0.5923209463  0.3365070337  
-0.43813056  -0.8796616588  0.1850323711  
0.567973984  0.7705886782  -0.2891342986  
0.2252314149  -0.9611678098  0.1594592461  
0.493715502  0.457072325  -0.7398174726  
-0.1374889478  -0.9023566737  -0.4084718138  
-0.4406803066  0.2533309361  -0.8611761168  
0.1146890233  -0.764559662  -0.6342672553  
0.04187906548  0.6965647261  0.7162707074  
0.7023749771  -0.5370998447  -0.4671114946  
-0.356787572  0.7038865197  -0.6142038716  
0.752121503  -0.3572455737  -0.5537949483  
-0.5025279788  0.2299277555  0.8334259762  
0.6439518986  0.4000334713  -0.6521496562  
0.6026487167  -0.2723465652  0.7500945758  
-0.8342225979  -0.1558287065  0.5289518612  
0.6606064111  -0.7280285043  -0.1832311834  
0.2618276812  -0.8109099245  -0.5233272013  
-0.9419406776  0.2208209729  -0.2529542605  
0.766964473  -0.1710552488  -0.6184703703  
0.07974986698  -0.1773483637  0.9809115743  
-0.1474861654  -0.4595498982  -0.8758205993  
-0.8315757096  -0.4352210299  -0.3450572333  
-0.2144364929  0.03720185105  -0.9760292069  
0.4392821263  -0.7630178676  -0.4741676362  
-0.1120869987  -0.8053391569  -0.5821214195  
-0.2632995075  -0.2244661291  0.9382368178  
-0.8684631772  -0.1144648113  -0.4823582868  
-0.9811630269  -0.03590077523  0.189816356  
-0.7546567476  0.5889700565  0.2891495563  
-0.3924001345  -0.5837730709  -0.7107961284  
-0.9805078763  0.1883326625  -0.05599207731  
-0.4180713771  -0.2785168093  -0.8646645075  
0.2217530194  -0.9746782783  -0.02877242119  
-0.6176281882  0.4714484269  0.6295012326  
-0.5886889637  -0.8034230926  0.08919999063  
-0.3163888468  -0.03643157096  0.9479297644  
0.2654556871  -0.2243028053  0.9376681341  
-0.4606380499  -0.7961805462  -0.3923125346  
0.331302272  0.1210285915  0.9357301345  
-0.3386020106  0.5612988949  -0.7551769521  
-0.0907300418  -0.8391702494  0.5362474728  
0.4921494285  -0.4109242668  -0.7674178699  
-0.4659772001  -0.8602854532  -0.2068192158  
-0.01950015614  0.9514545102  0.3071710582  
-0.641912428  0.1068751387  0.7592931842  
-0.7439916042  -0.647955011  -0.1631894502  
-0.3442549648  0.3514661457  0.8706090211  
-0.123492347  -0.1131465807  0.9858739734  
-0.1794504372  0.9032513168  0.3897878901  
-0.1166672319  -0.9782865147  0.171301641  
0.5048486335  0.4221657809  0.7529302164  
0.3962120083  0.3275471325  -0.8577464197  
-0.1020356907  -0.9272966038  0.3601523656  
0.293809493  0.8216670062  0.4884048657  
-0.4778192771  0.4223335131  -0.7702747186  
-0.5222507208  0.7946831756  -0.3094072317  
0.1576057141  -0.5342508798  0.8305037244  
-0.5659455174  -0.2721785237  0.7782188141  
-0.3541282264  0.87122974  0.3399293153  
-0.9497003659  -0.2182500551  0.2245798932  
0.3775195874  0.7418936944  -0.5541414146  
-0.8062619511  -0.4605420235  0.3712717478  
0.9194530391  -0.283116283  -0.2728576171  
0.6129077646  -0.6962284411  -0.3736442559  
-0.6534445291  -0.06148656214  -0.7544730944  
-0.3933363291  0.06924356113  -0.9167834321  
-0.03822988386  0.9920334819  0.1200335234  
0.9235450813  0.09034383027  -0.3726962236  
-0.9433407076  0.3216739814  0.08145034688  
0.801378573  0.3160516162  0.5078422577  
-0.8248487519  0.4157053707  0.3831626042  
0.5965863409  0.6580810755  0.459362641  
0.7370555815  0.6756928453  -0.01372037166  
-0.327346476  -0.4954174113  0.8046153573  
-0.7750248269  -0.3469680093  0.5281569068  
0.8125404184  0.5468732728  -0.201761473  
-0.9386901053  0.09881714092  0.3302969254  
0.2537750514  0.8467432937  -0.4675724734  
-0.7004135415  -0.6880802054  0.1896483636  
0.7844621022  -0.613273694  -0.09227451631  
0.4547258047  0.8905157569  0.01435720337  
-0.2297518242  0.9073377109  -0.3520687115  
-0.7545450048  -0.02154249743  0.655894623  
0.177532591  0.7321888966  -0.657557297  
-0.3163365552  0.526093777  0.789402636  
-0.262191394  -0.7167397941  -0.6461731506  
-0.00701685538  0.5553904542  0.8315601044  
0.9813977854  -0.04550694019  0.1865140885  
0.8527341104  0.4954666616  0.1654004965  
0.2268267032  0.3020055689  0.9259277958  
0.7737015028  -0.426837109  0.4681837961  
0.1990478437  0.602001371  0.7732879834  
-0.6097305283  -0.7402500065  -0.2832995071  
0.34339701  -0.1596032809  -0.9255297328  
0.4383695828  0.7017550057  0.5615799327  
-0.8665287949  0.2677083666  -0.4212601075  
0.6107167139  0.7857300711  0.09825146656  
-0.7068853174  0.1243552341  -0.696310939  
0.5002614014  0.09278733821  0.8608885178  
-0.130141368  -0.9912241129  -0.02319444838  
0.215014958  -0.8109551637  0.5441693581  
0.6826277574  -0.7040251526  0.1958773324  
0.9472334326  0.09649951823  0.3056741192  
