1  0  0  
-0.4340540387  -0.8320365552  0.3454160714  
-0.103308335  -0.1098192648  -0.9885682157  
0.5153688904  -0.3448039701  0.7845413495  
0.2111828396  -0.1189749819  -0.9701787268  
-0.9425207235  -0.1481247196  -0.2995225422  
0.1947461433  -0.3159167132  -0.9285852519  
0.4880131493  0.7220233383  -0.4904339558  
-0.7527316791  -0.1756170463  -0.6344711753  
-0.6140893788  0.7595293829  -0.2144979052  
0.151461896  0.9849097639  0.08373799075  
-0.9430460133  0.330352064  0.03913733077  
-0.08590899762  0.8850872996  -0.4574277169  
-0.6969977554  -0.008581644299  -0.7170219553  
0.1509083597  -0.9458375783  0.2874333705  
0.4188978206  -0.6673035097  -0.6158170522  
-0.6502265864  0.7395295094  0.1740732348  
0.9218978217  0.3801812188  -0.07460996733  
0.6645462669  -0.2786171028  -0.6933619323  
-0.8261742002  -0.0003382704258  -0.5634146577  
-0.2922285949  0.8019149043  0.5210901406  
-0.5512200698  -0.03048009186  0.8338029735  
-0.4942222206  0.8617894153  -0.1142952329  
0.04348726708  6.267624808e-05  -0.9990539794  
0.08876835876  -0.783811558  -0.6146215258  
-0.6563949958  0.5688769006  -0.4955044717  
0.6085278831  -0.4704157096  0.6390640622  
0.6917919018  0.1063834293  -0.7142174253  
-0.7906507959  0.1932818932  0.5809590595  
-0.8738688917  0.3377594444  -0.3496737306  
-0.9815147413  -0.1451639607  -0.124724645  
0.7609605647  -0.1587287991  0.6290820195  
0.1317354389  -0.8789531176  -0.4583526931  
0.8846668277  -0.05406959649  -0.4630778366  
0.778087984  0.4673348434  -0.4197347178  
0.979103751  0.1969263367  -0.05075295691  
0.2689888135  -0.5354754866  0.800569186  
-0.2288873376  -0.6131755586  -0.7560597337  
-0.8624855771  -0.5029482213  -0.05622913864  
-0.03740628755  -0.6681855475  0.7430537287  
0.7511539146  0.6588511807  0.04102338792  
0.3947928836  0.6409684263  0.6582537926  
0.52974196  -0.1654163399  -0.8318719194  
0.04960264765  0.5555746543  0.8299857714  
-0.2447486743  0.7039335673  0.6667650406  
-0.4007368836  0.7671460528  -0.5008960808  
-0.7677223064  0.3534182044  -0.5345072807  
0.756192657  -0.6434387304  0.1189927128  
0.3926419594  0.5223579826  -0.7569507446  
-0.7732034963  0.629995208  0.07254234127  
0.08695691019  0.5175016546  -0.8512523323  
-0.9416661068  0.1840689467  -0.2817508938  
-0.9405035244  -0.3186335909  -0.1180074374  
0.8644364671  0.1612606098  0.4761770785  
-0.8664270268  -0.4303555604  0.2531764187  
0.50337098  -0.6327102577  0.588468679  
0.7116021367  -0.6315484916  0.307845581  
-0.6441159092  -0.6090371463  0.4628049805  
0.331072238  -0.8730925263  -0.3579114608  
-0.1683837203  0.9429496785  0.2872156448  
0.8681819151  -0.4708789115  -0.1566308176  
0.1561933573  -0.3799586517  0.9117209322  
0.2871843123  0.9574424547  -0.02879438748  
0.9188547567  -0.02027141288  0.3940748735  
-0.3990348531  -0.1513669657  0.9043556975  
0.4700801366  -0.758725197  -0.4509553643  
-0.6706871691  -0.5007587597  -0.5471922749  
0.831664404  0.144664252  -0.5361031369  
0.3928928429  -0.04215606536  -0.9186174831  
-0.5212994002  -0.582736506  0.6234301083  
0.457042536  -0.8323487839  0.3135404636  
-0.8372916614  0.4994776205  -0.2224067901  
0.3760300623  0.4883234837  0.7874906778  
0.2819769818  -0.8721589666  0.3997845903  
0.1874424401  -0.9780598004  0.09090851719  
-0.04569542116  -0.3595811638  0.9319942678  
-0.04613098784  0.212387418  0.9760960591  
-0.08776964358  0.2129414322  -0.9731148114  
-0.3350680849  -0.9295793379  -0.1536607725  
0.1756190293  0.7540703087  -0.632879077  
0.9821018674  -0.1501904403  -0.1136606953  
-0.3450441925  0.3733661455  -0.8611284612  
0.3531724206  -0.9355201801  0.008440014942  
-0.7716984311  -0.5952609354  -0.2239329146  
-0.3654134451  -0.9111604305  0.1904197576  
-0.3083272679  -0.8126513878  0.4945017874  
0.09986354079  -0.6400593527  -0.7618079142  
-0.7795652145  -0.3188422144  0.539089713  
-0.2264585759  -0.8655112813  -0.4467736959  
0.8760237254  0.285977027  -0.3883292063  
-0.1874682816  -0.943482179  -0.2733075581  
0.3591007133  0.684793844  -0.6341167629  
0.7175862598  -0.5355591623  -0.445248631  
0.3337351422  -0.6675364284  0.6655944498  
0.6348755217  -0.452066005  -0.6265535883  
0.6565157454  0.3456888224  0.6704374051  
0.5503938595  0.2195262808  -0.8055276602  
-0.6660238296  0.3061877104  -0.6801921379  
0.6012652267  0.7314859777  -0.3215717519  
0.5114707312  -0.8553632685  -0.08216672089  
-0.4800026802  0.5146157525  0.710470305  
0.9791427713  -0.02446944025  0.2016945214  
-0.9261628415  -0.09926036106  0.3638265682  
0.1752580378  -0.05302645606  0.9830934926  
-0.2389965718  -0.7529775791  -0.6131112493  
-0.2268093106  -0.6130716692  0.7567698891  
-0.3653413305  0.02903453081  -0.9304207157  
0.303987032  -0.5649668567  -0.7670751822  
-0.2003641226  -0.4538323867  -0.8682686123  
0.2398580195  0.2678581792  -0.9331238537  
0.7832844675  0.3350796892  0.5236287281  
0.981462668  0.04975799277  -0.1850815319  
-0.7685879752  0.368933017  0.5226480206  
-0.5338860298  -0.5037663635  -0.6791061465  
0.9257467399  -0.3440878415  0.1568328118  
-0.5071107769  -0.3406882065  -0.7916881999  
-0.1821477761  0.9780609586  0.1010888167  
-0.5773987857  0.6123784275  0.5400030591  
0.5387157767  0.825655421  -0.1675662192  
-0.2379501678  -0.06636115196  0.9690076961  
-0.2764000062  0.2134107178  -0.9370479722  
-0.3943808785  -0.7691815095  -0.5028156005  
0.2838732741  0.1366656349  0.9490724253  
-0.1515567319  0.6797521636  -0.7176123975  
-0.1664847839  -0.9729262449  0.1603038946  
-0.5155179841  0.3455749049  0.7841040704  
-0.08563483675  -0.176613565  0.980547971  
0.03216025994  0.9239515997  0.381155033  
-0.6713491928  0.0941857577  0.735132168  
-0.6494382789  -0.7314502677  -0.2078711807  
0.3475782909  -0.4062581726  -0.8450701917  
-0.6694925824  -0.6332801054  -0.3882473313  
0.07155983854  0.8357258417  0.5444644221  
-0.01237087652  0.9858724494  -0.1670403392  
0.6138951501  0.1764660545  0.7694104732  
-0.2479607514  -0.4387984665  0.8636963422  
-0.0540423721  -0.9410778942  0.3338440042  
0.07194517521  0.7094410258  0.7010829642  
-0.4438477595  0.5135696787  -0.73433327  
-0.5664175852  0.7147948515  -0.4101700128  
0.0226965934  -0.791603185  0.6106138405  
0.4074618146  0.339754259  -0.8476685161  
-0.6259304956  0.6911104275  0.3613549386  
-0.9434500592  -0.2446093878  0.2237593197  
0.2435932082  0.9092402209  -0.3375567651  
-0.6911907802  -0.7087447918  0.1411953455  
0.8775651979  -0.245069909  -0.4120922993  
-0.501619636  0.8215851554  0.2708792595  
-0.454374834  -0.1645134112  -0.8754877771  
0.4523185042  -0.1881963823  0.8717741063  
0.002473644377  -0.9790774517  -0.2034729089  
-0.8374103427  0.4254148304  0.3431707155  
-0.9273616922  0.2945698993  0.230713819  
0.8686231856  0.4386544436  0.2303823792  
-0.3295410495  0.9209794385  -0.2078450636  
0.867693899  -0.4959258418  0.03413000156  
0.615019077  0.7882345861  0.02092300564  
-0.5450137991  -0.4107919148  0.7308966832  
-0.6781108812  -0.2816278536  0.6788603574  
0.8205430953  0.5590057637  -0.1192542866  
-0.9500906336  0.1028782706  0.294523088  
0.3736527464  0.8666734402  0.330546174  
-0.7454147541  -0.5998284015  0.2907967212  
0.7607492928  -0.5936988879  -0.2622635011  
0.5329005633  0.7629825973  0.3658887069  
-0.2169780946  0.7929356985  -0.5693623491  
-0.7883022045  0.01134859723  0.6151835854  
0.1171490009  0.863285869  -0.4909313801  
-0.1534398951  0.4875330002  0.8595160105  
0.0002257937913  -0.3931317407  -0.9194821279  
-0.3498294779  0.9194615895  0.1794706711  
-0.9806421686  0.1781282124  -0.08130976019  
0.7828223407  0.4802146896  0.3957057427  
0.1527993729  0.2870710303  0.9456440003  
0.8616596509  -0.1879041211  0.4714177418  
0.3383561445  0.3189979972  0.8852996087  
0.6641440257  0.4638594503  -0.5862995169  
-0.3657915697  0.2286372553  0.9021759989  
0.5431894526  0.6474548345  0.5345535108  
0.7786411279  -0.4806232008  0.4033848447  
0.5036690261  0.8443112733  0.1829097754  
-0.6132461949  0.1554043932  -0.7744537294  
0.5376455061  0.001313649815  0.8431699616  
0.01068191667  -0.9998904084  -0.01025026448  
-0.09001704653  0.5359212038  -0.8394554155  
0.645931238  -0.7631473345  0.01946745314  
-0.8834623236  -0.309312576  -0.3518807369  
-0.4591187829  -0.8883660496  0.003962954306  
