1  0  0  
0.6271970236  0.7216207581  -0.2930654792  
-0.7753193555  -0.06443775766  0.628273565  
0.4266026345  -0.1537804667  0.8912697461  
-0.3696401698  -0.0167317739  0.929024323  
-0.9233649052  -0.3366794295  -0.1845107413  
-0.4907105254  0.2591270687  0.8318992382  
-0.380677501  -0.7726227233  0.5080735848  
0.7463091134  0.1266744478  0.653434229  
-0.6356393502  0.7495382735  -0.184810695  
0.05574680032  0.9953516475  0.0785327452  
-0.9786412604  0.194032374  0.06791701792  
0.02708222517  -0.9542089962  0.2979123104  
-0.8317556556  0.02242026662  -0.5546889768  
-0.1883625609  0.903318795  -0.3854019983  
0.3566398514  -0.5373553119  -0.7642364066  
-0.4573640118  0.888118958  0.04541890804  
0.9433043332  0.3306476322  -0.0291389478  
-0.7280253482  0.1194127314  0.6750701385  
-0.8806353266  0.1719299955  -0.4414991485  
-0.5114033111  0.6948619717  0.5056021101  
0.1560945546  0.6242611648  0.7654622709  
-0.639927177  0.6752240957  -0.3668318807  
-0.5140971265  -0.1179697098  0.8495806566  
0.01416356048  -0.7030055603  -0.7110433009  
0.6219854148  -0.5703231741  0.5365310996  
0.5736576212  -0.4448830214  0.687747069  
-0.7558021757  -0.4194681904  0.5028016592  
0.7692989  -0.2776974573  -0.5753810256  
-0.9519784601  0.1126853331  -0.284673545  
0.979117986  0.1863376372  0.08127886885  
0.7179591358  -0.06866392041  0.6926903676  
-0.247507014  0.9147726167  0.3192668754  
-0.9812879707  -0.03944061745  -0.188463143  
0.8316925082  0.448902999  -0.3267624049  
-0.981425003  -0.1546193005  0.113568637  
0.18511652  -0.4744780554  0.8605826218  
-0.1004389528  -0.9606109661  -0.2591111511  
0.8752608653  0.4780784846  0.07320778879  
-0.03562376869  0.5734102374  -0.8184935227  
0.7918982102  0.609720263  -0.03374056202  
-0.3141725054  -0.6760008616  -0.6665721806  
0.01541402822  -0.379110571  -0.9252229908  
0.9425017871  -0.226712467  -0.2455439648  
-0.3599479906  0.6800852263  0.6386873485  
-0.5004421849  0.802519853  -0.3248376598  
-0.7165833803  0.4055403117  -0.5674903652  
0.6168787084  -0.7870572339  -0.001252874764  
0.9213783173  -0.3754573205  -0.1004678904  
-0.4732401572  0.804066248  0.3598905702  
-0.1182073709  -0.648064979  0.7523555014  
-0.6150963664  -0.08054550089  -0.7843270251  
-0.7737464792  -0.609927026  -0.1711882267  
-0.8514204597  -0.1690403655  -0.4964962796  
-0.6135071325  -0.5395985516  0.5765781833  
-0.4954173053  0.7121656715  -0.4973748586  
0.7593175944  -0.6135749395  0.2167085241  
0.5517449489  0.690224911  -0.4681528422  
0.1875206602  -0.7539116837  -0.6296452772  
-0.1753579351  0.8606375921  0.4780716784  
0.7803151768  -0.2227293288  0.5843799029  
0.1226072996  -0.3113924495  0.9423386825  
-0.177812157  0.8065121393  -0.5638448421  
0.9188763157  0.03074039926  0.3933463414  
0.5148476191  0.3033057189  -0.8018338793  
0.274281401  0.9055395902  0.323678488  
-0.6129068304  -0.5849249353  -0.5312325642  
-0.4716615101  -0.8162957279  0.3334616986  
0.5226668225  -0.08461072643  -0.848328013  
-0.8693346242  -0.2771888067  0.4091743841  
0.4870411761  -0.86197671  0.1406664287  
-0.8543253105  0.4588722929  -0.2440583592  
-0.4865020409  -0.4017004037  -0.7758560111  
0.3426052565  -0.900843678  0.2666501566  
0.628567418  0.4367069612  0.6435759715  
0.2081448029  0.1170646611  -0.9710672511  
0.1814277799  -0.4660689496  -0.8659467044  
0.3252825572  0.5235335545  0.7874667456  
-0.2529035016  -0.9572681352  -0.1402766416  
0.03912688028  0.769295044  -0.6376944586  
-0.982059994  0.03492234222  0.1853067677  
-0.3235241128  0.3481466739  -0.8798443282  
0.2698173552  -0.9560101162  -0.1150793316  
-0.7114768126  -0.6140714649  -0.3416386705  
-0.3504900877  -0.9174405617  0.188306968  
0.4501892616  0.6361033731  -0.6266594989  
-0.2655359341  -0.7069906691  0.655480634  
0.3227887408  0.5652267782  -0.7591614571  
0.04208126746  -0.9267325852  -0.3733575799  
0.7791607275  0.2460629933  -0.576508078  
-0.02133039519  -0.4147888273  0.9096676552  
0.173494328  0.497100816  -0.8501708633  
0.7815841156  -0.4277575132  -0.4540372013  
-0.4648510886  0.5994499144  -0.651592868  
0.6353352782  -0.2605718482  -0.7269466255  
-0.1753210682  0.9662566061  -0.1887079602  
-0.4954459202  -0.4770169727  0.7259394933  
-0.6529753191  0.2666418579  -0.7088902258  
0.5173198917  0.8425961109  -0.1497061239  
0.5699325888  -0.8002876956  -0.1863235048  
-0.4344168591  -0.8223648733  -0.3674207503  
0.9813442802  -0.1573716721  0.110442567  
0.7518189101  -0.5246178603  0.3994301279  
0.04326819095  0.2167231025  -0.9752737874  
-0.01184437443  0.552460323  0.8334550391  
-0.1582168482  -0.4611009534  -0.8731284784  
0.2912556444  -0.007595846615  0.9566151017  
0.3441196864  -0.8028280645  -0.4868765143  
0.1306887775  0.8839627424  0.4489212777  
-0.3614363257  -0.2162474495  0.9069734412  
0.856748867  0.3283142454  0.3977324919  
-0.4995594315  0.3092540476  -0.8091985593  
0.9460873719  0.1232686666  -0.2995388465  
-0.4782486777  -0.5639491196  -0.6732307129  
0.8588642703  -0.5089590024  0.05755778902  
-0.6299158714  -0.2661683207  -0.7296303311  
-0.3190990285  0.944950983  -0.07241166853  
-0.6595640429  0.4275268882  0.6182200524  
-0.8698116078  0.4052220303  0.2814655805  
0.645603365  0.01070439994  -0.7635978726  
0.1082843585  -0.1007465289  0.9890018375  
-0.2970107982  -0.8102325562  -0.5052799131  
-0.3138720244  -0.1759877014  -0.9330126909  
-0.2643638925  0.6035444409  -0.7522272531  
-0.1223652692  -0.9103722165  0.3952836555  
0.5118682731  -0.4221398764  -0.7481903473  
0.575061703  0.7128591083  0.4014174005  
-0.09750298991  0.9751975047  0.1987032806  
0.8764323373  0.09390678333  -0.472279445  
0.6823143396  0.727036273  0.07658589757  
-0.3440231882  0.373258199  0.8615836366  
0.8318364242  -0.5397635894  -0.1292417541  
0.01163843385  -0.8278611505  -0.5608123237  
-0.2053219004  -0.9777692518  0.04254653301  
-0.7544395081  -0.3108058853  -0.5781182667  
0.1889272462  -0.2835582561  -0.940160205  
0.0174085728  0.9933069171  -0.11418542  
0.1532257239  0.7663118548  0.6239294982  
0.4003205033  -0.4805365732  0.7802743725  
-0.7514355205  0.6591457195  -0.02952251596  
0.1154618805  -0.6987169238  0.7060192735  
-0.3521292812  -0.3992667683  0.8465169916  
-0.5204965402  0.5677429239  0.6377705889  
-0.9253084746  -0.3043399215  0.226233152  
0.3016144857  0.8788877051  -0.3695742197  
-0.6662329321  -0.7375327966  0.1103587518  
-0.8725181289  0.2556720276  0.4163459247  
0.6602012684  -0.5710943772  -0.4878375729  
0.4814233843  0.2246068845  0.8472209113  
-0.2594098421  0.1912746162  -0.9466364429  
0.3996350405  -0.8887672209  -0.2244652791  
0.3270061862  -0.7169562488  0.6156628066  
-0.7649829905  0.5632737125  0.3122879267  
0.7479667539  0.469812032  0.4688522045  
-0.3511504243  0.1761853408  0.9195934456  
0.844526212  -0.09523443471  -0.5269780637  
-0.5434682252  -0.8384721001  -0.04008522844  
0.1957372315  0.3169722781  -0.9280169778  
0.648963643  0.3731356067  -0.6630354508  
-0.8727134323  -0.4689247318  0.1359443308  
-0.9295264574  0.06680529299  0.3626535783  
-0.04649292326  -0.007866325375  0.9988876458  
-0.7646314776  -0.6034629582  0.2262104366  
0.6325631329  -0.6953308623  -0.3411434813  
0.4300343179  0.8827689208  0.1891811772  
0.3467944996  -0.8226845088  0.450470614  
-0.6586666181  -0.1961980407  0.7264052691  
0.1895103604  0.8212620411  -0.5381584183  
-0.1876894565  0.6220061183  0.7601848833  
-0.1326356704  -0.0941244479  -0.9866855463  
-0.02884273573  0.190764463  0.9812120139  
-0.9364596106  0.3406313722  -0.08374763302  
0.8349657456  0.4719952989  0.2829357548  
0.1505558265  0.2824182833  0.9474032174  
0.8318911659  -0.3557828829  0.4258821766  
0.3252540103  0.3549512245  0.876481293  
0.7045288456  0.5801137933  -0.4087873438  
0.2017760837  -0.08471017287  -0.9757615481  
0.4522162398  0.7074521924  0.5431499497  
0.9187483562  -0.2907089005  0.2671886845  
-0.5941956022  -0.7706762353  -0.2301949752  
-0.5809996317  0.1128874968  -0.8060371214  
0.4620541742  0.03799597381  0.8860373841  
0.1289933189  -0.9916452607  -0.0006330017915  
0.02537665165  -0.8701254759  0.4921764742  
-0.7134160519  0.6827667859  0.1576929076  
-0.9358489803  -0.1906078619  -0.2964039964  
0.1700035234  0.9595413179  -0.2244532495  
0.3841570574  0.9232657547  -0.001923928422  
