1  0  0  
-0.6438901017  -0.665983218  0.3766588513  
0.2597052457  -0.8401899314  -0.4760609882  
-0.2919410781  0.1610693086  -0.9427762644  
0.3569774334  -0.03354057288  -0.9335106545  
-0.9498606105  -0.1572293222  -0.2702660925  
-0.2149682698  -0.9016616783  -0.3752264128  
-0.4714191429  -0.7600990801  0.4472285547  
-0.5596517241  -6.45493167e-05  -0.8287279068  
0.7156532594  -0.6677211708  0.2049118111  
0.1345406917  0.9695307538  0.2047166815  
-0.8666095987  0.498894184  0.009612312224  
0.01247167795  0.9467113496  -0.3218416968  
0.7128421289  -0.0121797566  0.7012187625  
-0.2796427166  0.851880531  -0.4428312455  
0.3347174562  -0.6239720227  -0.7061325225  
-0.7620427045  0.6471168961  -0.02303560907  
0.9289156332  0.269538651  -0.2538989209  
-0.7112218941  0.2654881081  0.6509066614  
-0.8401142655  0.02006023548  -0.5420383823  
0.4121041554  -0.8244398347  -0.3879034983  
-0.7891718054  -0.1493416422  0.5957389827  
-0.4643334253  0.8788747735  -0.1094239582  
-0.4830584038  -0.8655213593  0.1323909177  
0.07584929862  -0.8574496586  -0.5089469194  
-0.6846414392  0.5108859892  -0.5198669117  
0.5696955918  -0.4803642397  0.6668561539  
0.6802628307  0.07328021911  -0.7292958869  
0.7595815243  -0.3922320158  -0.5188351894  
0.87030767  -0.194416461  0.4525116564  
-0.983355116  -0.1639841211  -0.07824272354  
0.3488597287  -0.3259210037  0.8786764985  
0.2343724833  -0.9558699721  -0.1771500369  
0.8693824563  0.01496322088  -0.4939131976  
-0.1677208795  0.3422398538  -0.9245223572  
-0.9818698812  -0.1367792946  0.1312362789  
0.2190964532  -0.4997964554  0.8379738942  
-0.8815749587  0.4262625111  0.2027951279  
0.951131237  0.3048025541  -0.04944464605  
-0.08967429636  -0.6517753083  0.7530919386  
0.8860490364  0.4622961446  0.03463206274  
-0.3619923917  -0.6626545614  -0.6556298046  
0.4167046192  0.5011687941  0.7584109046  
-0.6736509521  -0.7170686428  0.1789048804  
-0.2035789709  0.749753353  0.6296233098  
-0.3997415025  -0.8386251425  -0.3700197312  
-0.526443041  0.3309515843  -0.7831530971  
-0.8340402039  0.5222060296  -0.177982586  
0.8405363798  0.4050862304  -0.3597273136  
-0.9283204288  0.02008082428  -0.3712383896  
0.2737940867  0.6213096895  -0.7341737314  
0.6305775246  -0.1730753278  0.7565823923  
0.9328075604  0.3242396279  0.1572854697  
-0.09239228236  0.6568015  -0.7483818916  
0.8708780032  0.2221595641  -0.4384251722  
0.4737059633  -0.7786520321  0.4114652758  
0.7732261327  -0.5251107898  0.3554996571  
-0.7194283157  -0.518080072  0.4626185659  
-0.08845907338  0.876498307  -0.4732078932  
-0.1779153494  0.9224523826  0.3426772976  
0.8314553264  -0.19553942  -0.5200445899  
0.017698844  0.3485403301  -0.9371266666  
-0.00466301412  -0.7806740379  0.6249210373  
0.1391386726  -0.6344651872  -0.7603251646  
0.5631084726  0.2059359264  -0.8003119656  
0.2583595555  0.156761177  -0.9532451277  
-0.6347312598  -0.6105772427  -0.4736155176  
-0.9202949594  0.1185178566  0.3728413944  
0.4670523845  -0.1764666195  -0.8664419209  
0.5621732914  0.6219280717  -0.5451299516  
0.6451867584  -0.6653915138  0.3754839279  
-0.8708014426  0.3670441143  -0.3270832703  
-0.3616938726  -0.3630800197  -0.8586911213  
0.3801269744  -0.8811194336  0.2813041542  
0.07187110267  -0.9854608985  0.1539524674  
0.150064483  0.5008004823  -0.8524550005  
0.0864977655  -0.1761632742  -0.9805532303  
-0.2043181909  -0.3354137616  0.9196475876  
-0.3162146483  -0.9250934612  -0.2102626553  
0.1933548338  0.7595320831  -0.6210675671  
-0.9834368138  0.1640879592  0.07698814791  
0.1815963177  -0.9345602146  0.3059738267  
0.3542441286  -0.9346053289  -0.03199963414  
-0.8469192525  -0.4744518503  -0.2400483732  
-0.5655058896  -0.8245338854  -0.01862687867  
0.5459895069  0.7897695775  -0.2795701571  
0.2513514416  0.5667724835  0.7845963323  
-0.770525151  -0.348142224  0.5339363104  
0.1123148068  0.8419183018  0.5277868482  
-0.009515754128  -0.3343608794  -0.9423970781  
0.7724870611  0.4751122185  0.4213456068  
-0.3806173161  -0.7039752661  0.5996242853  
-0.6858181675  0.6560982206  0.3149421629  
0.4376367262  -0.605806204  0.6644343001  
0.6217195224  -0.4421097347  -0.6465321476  
-0.06524688449  0.4968201604  0.8653973494  
0.6301615743  0.4616758999  -0.6243010121  
0.4688091444  -0.1670347535  0.8673623102  
0.7900940405  -0.501008966  -0.3531875185  
-0.6706820915  0.7311740208  0.1247801404  
-0.3928436038  0.7292455573  0.5602453214  
0.9817158543  -0.01210290099  0.1899671054  
-0.2023709181  -0.321238165  -0.9251227231  
0.07833483063  0.1739724781  -0.981629885  
-0.05758616761  -0.6246829138  -0.7787522652  
-0.7967159594  -0.3130999498  -0.5169256247  
0.01465382837  -0.001759472349  0.9998910789  
0.5515389409  -0.7039353681  -0.4475263057  
-0.1817846725  -0.7210007161  -0.6686645649  
0.3871122006  0.3031051009  -0.8707878283  
0.6809948812  0.2996815426  0.6681593708  
0.9772722699  -0.03886048639  -0.2083957125  
-0.5560511313  0.7876665915  0.2653082735  
-0.5307793673  -0.5629166915  -0.6335598327  
0.939759997  -0.1943895168  0.2811829721  
-0.5396979888  -0.3642889872  -0.7589595607  
-0.1573154727  0.9874766231  0.01190633949  
-0.6671475841  0.5593962394  0.4919247385  
-0.2730104863  0.9517905101  -0.1398574245  
-0.4286189751  -0.1278890407  0.8943881526  
0.1074615433  -0.1733124026  0.9789866331  
-0.5689826071  -0.7444402292  -0.3493816509  
0.307819746  0.1707994423  0.935988544  
-0.2691461961  0.6398522199  -0.7198259942  
-0.1035486706  -0.8705808767  0.4810058314  
0.5165122545  -0.5972845951  -0.6135684179  
0.9213157602  -0.3602019455  0.1463961351  
0.05075871537  -0.979731269  -0.1937787226  
0.6384609831  -0.1346823548  -0.7577784876  
-0.7886276657  -0.6032710701  -0.1188714473  
-0.4533361926  0.4784547365  0.7520421275  
-0.5439025575  0.002373496038  0.8391450259  
0.02349949624  0.9305224464  0.3654801641  
0.304391072  0.9420780752  -0.1408366981  
0.6678636728  0.4574202186  0.5871327432  
-0.3363763805  -0.4683649118  0.8169976989  
-0.1191753873  -0.9815284534  0.1496633629  
0.2972725736  0.7967199823  0.5261808499  
-0.3974827662  0.4751380239  -0.785016757  
-0.5507287914  0.6458781053  -0.5287147355  
0.03598724895  -0.5110258371  0.8588116858  
-0.5198035207  -0.3884154997  0.7608795565  
-0.3921125319  0.8917110616  0.2260511998  
-0.9393987859  -0.08915985072  0.3310293674  
0.3782353074  0.8736717216  -0.3059996326  
-0.8058617438  -0.5854141461  0.08875318235  
-0.8657727067  0.3235465426  0.3817790658  
0.5204931461  -0.8499217299  -0.08197522758  
-0.6276739532  -0.1566786035  -0.7625465387  
-0.2090953491  -0.003710852771  -0.9778882168  
0.03284041482  0.9992055665  0.02257748856  
0.3745765941  -0.3430747218  -0.8613896392  
0.9406074521  -0.3368998427  -0.04190605106  
0.8802567482  0.1501838877  0.4501031627  
-0.5553797681  0.3135035862  0.7702394527  
-0.01114215418  0.7538447153  0.65695814  
0.7012927555  0.712864471  -0.003566113116  
0.4604288633  0.5551529716  -0.6926835063  
-0.6774933612  -0.2804834013  0.6799498563  
-0.8834598191  -0.4360503037  0.1713443337  
0.9404507799  -0.2468820595  -0.2336698081  
0.1803165974  -0.3516164973  -0.9186140449  
0.774305708  0.5695390468  -0.275818681  
0.7908511615  -0.5884946054  -0.1680135105  
0.4910368007  0.8482664029  0.1983102876  
-0.3655056426  0.7412020966  -0.5630497999  
-0.7692101439  0.06196010855  0.6359848264  
0.2913119759  0.8319558423  -0.4722147913  
-0.2637010547  0.4974167533  0.8264613284  
0.1300801936  0.4733216686  0.8712323119  
0.6256973175  -0.7774901163  0.06334023947  
-0.9774952464  0.1837205497  -0.1036812562  
0.881591307  0.3201634576  0.3468315554  
0.1079579507  0.1650662493  0.980356167  
-0.6799900722  0.3365117196  -0.6514394556  
-0.768786499  0.1801145522  -0.6136171991  
0.7243704486  0.6186234188  0.3042901886  
-0.274809446  0.1947971971  0.9415592495  
0.4747001114  0.7155026956  0.5125579937  
0.7899761342  -0.3588517164  0.4971550593  
0.6497338189  0.7389220932  0.1784379577  
0.3980192735  0.01011362191  0.9173213028  
0.4753023031  0.1995569297  0.8568924976  
-0.2182849217  -0.97538658  -0.03118833816  
0.1828766389  -0.7737921765  0.6064666541  
-0.5632245574  0.788772976  -0.2462017268  
-0.7749492726  -0.1434262986  -0.6155343384  
-0.1997363345  -0.9268825108  0.3177958589  
0.3965641875  0.9173035924  0.03592999623  
-0.1746360781  0.01080473931  0.9845737646  
