1  0  0  
-0.4984679768  -0.7577024135  0.4212086522  
0.230457385  0.8088894767  0.5409133093  
-0.3294260229  0.2994752572  -0.8954289842  
0.3603591476  -0.1484131617  -0.9209314948  
-0.9402860756  -0.3235497925  -0.1057243014  
-0.8283058655  0.5224682331  -0.2023273055  
-0.5127764404  -0.640017201  0.572222251  
-0.6597991392  -0.1277955994  -0.7404953617  
-0.5501705814  0.7908110853  -0.2681979842  
-0.1373799433  0.8565619422  0.497421743  
-0.9779079902  0.2001248999  -0.06038201074  
-0.09655324615  0.9374532355  -0.3344531386  
0.7111769171  -0.05662374796  0.7007290088  
-0.2833458225  0.8834390153  -0.3731630357  
0.380952376  -0.618372805  -0.6873793431  
0.7689826981  -0.636290992  0.06163913965  
-0.9376706766  -0.268742189  0.2203436817  
0.773830942  -0.3181435772  -0.5476954787  
0.785238228  0.1050935209  0.610210027  
0.1850682291  0.9047605742  0.3836118533  
0.458269843  0.8514744635  -0.254911728  
-0.413173429  0.9060744423  0.09119661479  
0.2896121749  0.02576502716  -0.9567972364  
0.001511697337  -0.931542236  -0.3636300005  
0.4834473761  -0.6660254219  0.5680570147  
0.4962885869  -0.5175514385  0.6970209086  
0.8848751446  -0.006935083399  -0.465776645  
0.83912034  -0.3912572551  -0.3778820123  
-0.8532246929  0.2496341662  -0.4579196507  
-0.9824717956  -0.1372553756  -0.1261353747  
-0.6099030942  0.2055848166  -0.7653450848  
0.1145205652  0.9419156275  -0.3157213817  
-0.9515473678  0.0715325299  0.2990663872  
-0.8590323503  -0.4477563781  0.2481484376  
0.9775415216  0.2052384396  -0.04785139895  
0.1777665654  -0.5857778964  0.7907359258  
0.9298918023  -0.2735095768  -0.2459547669  
0.9163894531  0.3935965203  -0.07288449317  
0.1744377464  0.5843878272  -0.7925038423  
0.8203784651  0.5645407328  -0.09095567625  
0.4082304426  0.7411817169  0.5329142223  
-0.5375452102  -0.4689351315  -0.7008173724  
-0.5440490069  -0.8341600178  0.09048614716  
0.3218126503  -0.8347629151  -0.4467745447  
-0.1987079282  -0.2041234378  0.9585660027  
-0.6308068393  0.540083854  -0.557128497  
0.641272999  -0.7585118376  0.1158824102  
0.8642889982  0.3142238841  -0.3927694977  
0.7780403264  -0.6147460928  -0.1293850527  
-0.3389667894  -0.4860546279  0.805513758  
0.4030184502  0.03661257276  0.9144592109  
-0.8628804625  -0.4984564837  -0.08353706545  
-0.8828052742  -0.09224318874  -0.4605931415  
-0.7699245801  -0.4836873039  0.416248403  
-0.4434695138  0.7938738894  -0.4160517252  
0.8557566605  -0.3934829779  0.3359340474  
0.6464260106  0.6332232987  -0.4256309043  
-0.1299704425  0.9913827289  -0.01636975664  
0.6042525823  -0.6769348157  0.4202833236  
-0.6323410725  0.3817053966  -0.6741259216  
0.1762746813  -0.4212428198  0.8896525859  
0.009745977859  0.7898726596  -0.6131934422  
0.8474696971  0.2739553622  0.4546906333  
-0.4000029341  -0.1728295717  0.9000708816  
-0.5761910312  -0.610334714  -0.5435949159  
-0.4394912749  -0.3557578564  -0.8247931661  
-0.764768626  0.5611158317  0.3166669736  
-0.535525753  0.1496287459  0.8311578709  
0.6501969281  0.5024768238  -0.5698780539  
0.3997955873  -0.889153375  0.2226426825  
0.7555480199  -0.3976410089  0.5206042813  
0.5073575123  0.1761942861  0.8435306327  
0.2114786735  -0.9569804774  0.1986583413  
0.01316537354  -0.9857198922  0.1678778335  
-0.006178815938  0.5186412416  -0.8549696397  
0.1261134878  -0.4756294885  -0.8705584288  
0.0003450462144  0.3499026845  -0.9367859907  
-0.0475778428  -0.8467541389  -0.5298525995  
-0.1834754605  -0.7251905749  0.6636530611  
-0.9827090533  0.1373734353  0.1241428844  
-0.7450036389  0.5376333975  -0.3948669496  
-0.1874999215  0.9268543125  0.3252458498  
-0.6547257445  -0.7154077297  -0.2439794659  
0.3687888983  0.9253293528  -0.08809277688  
-0.3532945901  -0.7514439457  0.5572386644  
-0.1664931258  -0.574848672  -0.8011423365  
0.6274260335  0.3526046581  -0.6942668993  
-0.2462910247  -0.3997336393  -0.8829234105  
0.7721844989  0.02152436126  -0.6350337011  
-0.9353586136  0.2365210426  -0.2629868066  
0.3503810924  0.6294450463  -0.6935647221  
0.6602875146  -0.7051392565  -0.2584550774  
-0.3394511143  0.634536375  -0.6943605186  
0.7164157465  -0.4997714786  -0.4868027808  
0.08605397865  -0.7511961584  -0.6544456008  
0.6428106834  1.642705813e-05  -0.7660250812  
0.4883988949  -0.3482405165  0.8001219045  
0.2385330567  -0.9614411625  -0.1368680822  
-0.5380276682  0.8231477918  0.181532204  
0.23984208  -0.3225347656  -0.9156675716  
0.9811914009  -0.0667720752  0.1811212985  
-0.7591184704  -0.3426438959  0.5534747586  
0.02300931348  0.1813763519  -0.983144542  
-0.5438489839  -0.7375923685  -0.4002321585  
0.3466851318  0.5159925871  0.7833013912  
0.1029123708  -0.04747327094  0.9935569095  
-0.01914468143  -0.1261977989  -0.991820345  
-0.1595086191  -0.4193774194  0.8936887493  
0.3117154274  0.3279387725  -0.89179014  
-0.9250520121  -0.246823599  -0.2887159259  
0.9818526326  0.06789836219  -0.1770740532  
0.5767888979  -0.3074211375  -0.7568400171  
-0.2690245217  -0.6823058711  -0.6797679788  
0.9190288462  -0.3703769739  0.134932861  
0.3324987638  0.227488063  0.9152561135  
-0.05981486763  0.9812453289  0.1832478815  
-0.4488525877  0.7164726929  0.5340395443  
-0.3090641536  0.4820557748  0.8198180157  
-0.4764028409  -0.01234865002  0.8791404006  
0.1602199287  -0.2390875908  0.9576882052  
-0.3680230771  -0.845143773  -0.3876738547  
-0.2216245924  -0.08996950622  -0.9709727226  
-0.1675573253  0.7277649007  -0.6650434513  
-0.02053760333  -0.8877288647  0.4599083274  
0.5581065391  -0.5750670048  -0.5981764213  
-0.6921631795  0.1791668655  0.6991490308  
-0.2670706536  0.7482425236  0.6072943206  
-0.8097007671  0.1422442892  0.5693428052  
-0.7816629707  -0.573692574  -0.2447035569  
-0.4814880333  0.469447956  0.7401269421  
-0.4145216222  0.3175148301  0.8528517793  
-0.01642880865  0.6125572257  0.79025549  
-0.2488963283  -0.9668449707  -0.05710884743  
-0.7436356063  -0.2855302872  -0.6045482116  
0.4808606247  0.3392038668  -0.8085256931  
0.1667528645  0.9792318289  -0.1153191545  
0.09392824679  0.7286528297  0.6784117763  
-0.3429411214  0.477245411  -0.8090909744  
0.7068214442  -0.6584249831  0.2586116542  
-0.003544041007  -0.6655502158  0.746344659  
0.5721236612  0.1731686225  -0.8016777061  
-0.6184262868  0.653801891  0.4359954303  
0.835832405  0.1704049821  -0.5218681183  
0.328776076  0.8544335501  -0.402305357  
0.7501920735  0.6570166771  0.07443748374  
-0.8693792613  0.4541485873  0.1947530762  
0.3667526386  -0.8892566873  -0.2733405313  
0.6094636835  0.3058801745  0.7314310202  
-0.2877878927  0.1034874839  -0.9520863771  
0.316325837  0.9212103141  0.2265160525  
-0.6502002432  0.4127180317  0.6378898573  
-0.8697896688  0.4934205797  0.001436495482  
0.8700993377  0.4156001908  0.2649596649  
-0.7870199387  -0.4442739782  -0.4280423441  
-0.9278522377  -0.1314040845  0.3490317917  
0.6087989621  0.7895531048  0.07726395302  
-0.5037558315  -0.5023732276  0.7027454748  
-0.7119896363  -0.1886234268  0.67638152  
-0.7496139653  -0.6075463737  0.262614369  
0.9418790191  -0.3296171809  -0.06493402401  
0.3177111877  -0.9465918  0.05498695706  
-0.6945805172  -0.7129680527  0.09609610295  
0.5007313184  -0.7849995283  -0.3647518162  
-0.4413763591  -0.8940158379  -0.07695837308  
0.3208829876  -0.7690153192  0.5528558104  
-0.8859812976  0.2081989053  0.41435535  
0.1850194027  0.841234491  -0.5080279046  
0.2002784364  -0.6264186502  -0.7533181417  
0.05333314967  -0.304313456  -0.9510777548  
-0.6550193538  0.752869159  0.06432476702  
0.9525019935  0.06938397135  0.2965228776  
0.69007723  0.6008409395  0.4034644745  
0.137561202  0.2671219529  0.9537938865  
0.830782964  -0.07712061154  0.5512277914  
0.05999421346  0.4471212186  0.8924591364  
0.6144469919  0.7434189956  -0.2641648938  
-0.1780414075  0.1521184188  0.9721940361  
0.4363143297  0.6130684297  0.6586174202  
0.7448918347  -0.2339101872  0.6248377221  
0.4979024167  0.8326850076  0.2423403838  
0.4557791031  -0.1608007528  0.8754476153  
-0.565877002  0.01738689169  -0.8243063233  
-0.05316299047  -0.9980868877  -0.03156360445  
0.1569094098  -0.846098098  0.5094089179  
-0.5059275149  0.8605883677  -0.05852359366  
-0.9196719457  0.09252814229  -0.381630784  
-0.2799401928  -0.9270760712  0.2493259847  
-0.1282597331  -0.9687530545  -0.2122898027  
-0.1059621726  -0.01862781034  0.9941956662  
0.6786448585  0.4553166998  0.5763053522  
