1  0  0  
-0.4928712126  -0.8394070893  0.2290713999  
-0.1744738245  -0.1838337042  0.9673489824  
-0.3517821912  0.2136132404  -0.9113828358  
0.1094591972  0.01372025909  -0.9938965935  
0.9434502918  0.2634706481  0.2012082616  
-0.193408594  -0.6746804392  -0.7123197461  
-0.5069723582  -0.7618355682  0.4032190412  
-0.643171883  -0.1533894482  -0.7502010438  
-0.4914981049  0.7959737075  -0.353348935  
-0.08962377932  -0.961426803  -0.2600501504  
-0.7689519856  0.6392731911  -0.006529237821  
0.01100665164  0.9168374445  -0.39910895  
0.7728037303  0.04195671426  0.6332566845  
-0.1385480411  0.8468226582  -0.5135132188  
0.4649375331  -0.5044539923  -0.7275707938  
0.6496530132  -0.7546967751  0.09156276531  
0.93898123  0.3253131044  -0.1117391329  
0.8132155623  -0.1668193318  -0.5575408145  
-0.8734235588  0.01653751787  -0.4866803853  
0.4991701993  -0.7530394026  -0.4286732675  
-0.5030119126  -0.6489277504  0.5708518114  
-0.3589356294  0.9313817448  -0.06077219287  
0.2926211886  0.01048295299  -0.9561709824  
-0.1759424564  0.7656543436  0.6187226182  
-0.6853744293  0.494052906  -0.5349519771  
-0.5958028067  0.4113122168  -0.6898124933  
0.7550320801  0.004158475835  -0.655674664  
0.8515724673  -0.2993833987  -0.4303416242  
-0.9176852473  0.2630735205  -0.2977349657  
-0.9830239121  -0.06286312076  -0.1723723188  
0.6533318586  -0.04121202154  0.7559491066  
0.2209972748  -0.9401900469  -0.2592351831  
0.8880458265  0.1619872066  -0.4302728843  
0.8608536719  0.4246510886  -0.2803612109  
-0.9793850108  -0.199605705  -0.03102520053  
0.2299174503  -0.5577070987  0.7975592505  
0.7468465373  -0.5561296261  0.3646095017  
-0.8594481833  -0.4998380692  0.1072880462  
-0.1692423089  -0.6183861326  0.7674344479  
0.8233270314  0.5633970393  0.0686758723  
-0.3438668351  -0.7356722312  -0.5835597382  
-0.1706078597  0.9266353  -0.335022356  
-0.865465019  0.4118596213  0.2852051073  
-0.2958485821  0.5055650082  0.8104798819  
0.4524843695  -0.7214443041  0.5241908158  
-0.7406837842  0.3217749655  -0.589786744  
-0.7714683695  0.6078648192  -0.1879811597  
0.7482231914  0.4911473683  -0.446022778  
0.8504599901  -0.5101547002  -0.1282964813  
0.3051410614  0.4980602873  -0.8116802837  
-0.7699119969  0.141113338  -0.6223524265  
-0.9176810899  -0.3930338038  -0.05818802547  
0.856024402  0.1743785168  0.486635753  
-0.831353921  -0.3324192791  0.4453628643  
0.5318212026  -0.5762659302  0.6205511954  
0.6425235157  -0.7149872583  0.2756025258  
0.6414174501  0.7227180598  -0.2574145697  
0.3255416156  -0.648645576  -0.6879546303  
-0.3663664321  0.8622192046  0.3497909098  
0.6379769619  -0.2310095193  0.7345883187  
-0.1029654468  0.4390027744  -0.8925663453  
0.02581543381  0.7161559443  -0.6974627064  
-0.9341714906  -0.1206954166  -0.3357919632  
-0.5250284092  -0.1836927374  0.8310247576  
0.8710957022  -0.4868300064  0.06472111326  
-0.5203387063  -0.4879186836  -0.7008444827  
0.1904916135  -0.970998797  0.1444793457  
0.5442450199  -0.1710699344  -0.8212992365  
0.6397347601  0.6356138169  -0.432127889  
0.3458151846  -0.9050580959  0.2475514109  
-0.8611670435  0.4424852082  -0.2501962503  
0.2258255749  0.5199216636  0.8238229624  
0.3221381973  -0.84737726  0.4221122612  
0.1136998057  -0.4909700097  -0.8637249584  
0.1053750376  0.4774995369  -0.8722902577  
0.03933406077  -0.1562041092  -0.986941289  
0.03895087884  0.3209177326  -0.9463057846  
-0.2648053895  -0.9296482808  -0.2561877821  
0.2028980839  0.7517406488  -0.6274698117  
-0.9811133722  0.07730534566  0.1773145071  
0.2978612354  -0.3935377053  0.8697164819  
0.2136107716  -0.975542303  -0.05184258261  
-0.7727166564  -0.5027842644  -0.3874492902  
-0.3912924237  -0.9110084093  -0.1302072092  
0.3486931586  0.8662107425  -0.3578994702  
0.9426694967  -0.07367575812  0.3254936291  
0.6233198188  0.5080047792  -0.5944775419  
0.02349147709  -0.8472797094  -0.5306272181  
0.6709628703  0.1824202834  -0.7187013754  
-0.6188354093  -0.007380255475  0.7854860076  
-0.2163517966  0.1666601467  0.9619856005  
0.7606615589  -0.5580303425  -0.3316566442  
-0.3571486904  0.6348618033  -0.6851242979  
0.7268213607  -0.3252080672  -0.6049548931  
0.1325686993  0.8959524967  0.4239040736  
0.5840713295  0.3530220991  -0.7309145502  
0.482194884  -0.3144853874  0.8176717159  
0.641803919  0.6423262053  0.418932901  
-0.6347719091  0.7662125966  0.09991436391  
-0.489453737  0.6406625386  0.5915966117  
-0.979418463  0.1314541381  -0.1531642384  
0.07754805564  -0.3287158206  -0.9412397189  
0.02493233699  -0.1499952043  0.988372307  
-0.04141075769  -0.5932221231  -0.8039730479  
0.9496569304  0.04109808472  -0.3105843877  
-0.2180679094  0.09424041252  -0.9713728077  
-0.634657679  0.6128859086  0.4707233726  
-0.008827315017  -0.7336681328  -0.6794506233  
-0.3580603398  -0.1849265101  0.915202152  
-0.7501016239  -0.2227385214  -0.6226837921  
0.9819569887  0.1251425024  -0.141773857  
-0.6308178669  0.7129187948  0.3062933411  
0.3661079663  0.5963532513  0.7143722816  
0.9410715435  -0.31729684  0.1170771766  
-0.392875402  -0.4218336291  -0.8171323686  
-0.03485486612  0.9990114173  -0.02759214273  
-0.7537234943  0.4524751082  0.476620573  
-0.5876406495  0.3403287728  0.7340672949  
0.463290932  0.007475776864  -0.8861747147  
0.1645212459  -0.2745596529  0.9473910263  
-0.4865579478  -0.7533046046  -0.4424856338  
-0.2501022891  -0.1218874597  -0.9605166798  
0.1533008071  -0.7067367831  0.6906677798  
-0.194495781  -0.861848197  0.4683898767  
0.6176421256  -0.4897318254  -0.6153705745  
-0.1466274915  0.6384934906  0.7555305693  
-0.06109549931  0.9301115756  0.3621599051  
-0.6881232832  0.166275713  0.7062851651  
-0.7483510076  -0.6173760998  -0.2425232375  
0.4310319967  -0.3464530628  -0.8331756676  
-0.7926353551  -0.1760852296  0.5837149867  
0.208499417  -0.8660521634  -0.4544025126  
0.1370108639  0.9840160415  -0.1137561132  
0.5265643977  0.2921890017  0.7983454906  
-0.2410125361  -0.3468908035  0.9064103529  
0.0170148978  -0.9748981854  0.2220000481  
0.1655251156  0.7999895892  0.5767305206  
-0.4264533645  0.4843788408  -0.7638813171  
-0.6084144981  0.6528391797  -0.4512569158  
0.03761808866  -0.5870412297  0.8086825545  
0.4243665055  0.3506929728  -0.834821842  
-0.3685302574  0.9183113026  0.1445330441  
-0.9284213815  -0.2484789581  0.2762099667  
-0.3213494731  -0.9294796904  0.1811132828  
0.7004370828  0.7088106392  0.08351868597  
-0.9177647734  0.1349651083  0.3734865998  
0.5078596862  -0.8302932698  -0.2295465643  
-0.3948903119  -0.2105340499  -0.8942801884  
0.3769224458  -0.01141925919  0.9261744276  
-0.06443742431  0.9847693048  0.1614844719  
-0.3474934407  -0.6420040201  0.683431889  
-0.9305203468  0.3582166364  0.07624123259  
0.7750144959  0.3685581678  0.5133394667  
0.6459821103  0.3607032384  0.672755741  
0.4577953026  0.8876379907  -0.05022209016  
-0.555664544  -0.8244054639  -0.1076686846  
-0.4763172187  -0.5076707417  0.7179082985  
-0.7197792564  -0.3494378786  0.5998424719  
-0.764322692  -0.5831798469  0.2751582975  
0.9397109353  -0.2523927582  -0.2307406632  
0.3123595705  0.8468197306  0.4304972039  
-0.6150664555  -0.7846594075  0.07747818783  
0.7428945252  -0.6458594488  -0.1759923204  
0.4476639097  0.8457672135  0.2903012996  
-0.2818592815  0.7633722271  -0.5812212904  
-0.866008577  0.003498670547  0.5000169036  
0.361372876  0.7692993239  -0.5268663917  
-0.2600377382  0.3435614965  0.902411144  
0.07749021765  0.4308466286  0.8990920136  
0.5065712144  -0.8619480125  -0.02076604094  
0.9814875708  -0.1894338866  -0.02823032037  
0.8620345722  0.453618177  0.2261126839  
0.1127792601  0.2496426114  0.9617480986  
0.8600733971  -0.2047510056  0.4672801914  
-0.2575306679  -0.3389605274  -0.9048666841  
0.7503996349  0.6537965881  -0.0972132161  
-0.3855915545  0.1717775869  0.9065382583  
0.5102647254  0.6343188545  0.580749086  
0.8177589207  -0.3862220636  0.4267351231  
0.6092001095  0.7461116795  0.2686867848  
-0.5129084464  0.1260688376  -0.8491357805  
0.51824197  0.0746392758  0.8519707971  
-0.1265425939  -0.9881545758  -0.08681881276  
-0.03135296343  -0.8266963263  0.5617741323  
-0.5083686623  0.8437570661  -0.1721491114  
-0.8749457727  -0.3209467687  -0.3625783591  
-0.1699373057  -0.9398541626  0.2963029956  
0.2808879186  0.9597348008  0.003330050203  
0.09061825714  0.03201203937  0.9953710669  
-0.6559756168  -0.5130183142  -0.5536318266  
-0.3488750594  0.7683063862  0.5366483857  
