1  0  0  
0.6371285004  0.6868490375  -0.3497222809  
-0.7043221459  -0.5122153887  -0.4914933472  
-0.4474408465  0.1888438112  -0.8741479874  
0.3443363131  0.007948993081  -0.9388127167  
-0.9428146545  -0.31263963  -0.1155724402  
0.1440642872  -0.8746436711  0.4628649152  
-0.4946135406  -0.7343730327  0.4648157638  
-0.7682763741  -0.1602866711  -0.6197254199  
0.6055564627  -0.7466458212  0.2753568378  
-0.04396530191  -0.988575606  -0.1441711601  
-0.8692094071  0.4876125311  0.08190864477  
0.09681995188  -0.9488866601  0.3003997389  
-0.1744082415  0.06891788586  0.9822586677  
-0.273083943  0.9120588819  -0.3058982771  
0.4116101448  -0.6153887762  -0.6722155479  
0.7501323049  -0.6590517236  -0.05433553833  
-0.9391617529  -0.2661074982  0.2171681404  
0.637102562  -0.1695276099  -0.7519047247  
-0.7593731861  0.01970900797  -0.650356763  
0.37533137  -0.7598826  -0.5307586993  
0.9243916057  -0.3767105032  0.05991123544  
-0.4268299636  0.9037078518  0.03359018706  
0.03230134105  -0.700939215  0.7124891861  
0.07721750929  -0.7612166127  -0.6438840927  
0.6706609588  -0.5086204926  0.5399250622  
0.5330329415  -0.4717504383  0.7023726982  
0.7612436577  0.1317097012  -0.6349493273  
-0.757703527  0.230309212  0.6106087389  
0.8814924138  -0.2989110735  0.3655452019  
0.9797046206  0.1285105973  0.153830695  
0.8668148756  0.02839933106  0.4978207  
0.1815243933  -0.9206214182  -0.3456950953  
0.9182806315  0.1606084589  -0.361891703  
-0.9414687741  0.03302494472  0.3354786138  
-0.9827061528  -0.1824830672  0.03144117373  
0.2487734537  -0.4722552685  0.8456280093  
-0.8260054133  -0.3965168271  -0.4006113615  
0.9312921754  0.3583633056  -0.06535002146  
0.1097094888  0.6038101078  -0.7895423876  
-0.7751445829  -0.6155908303  -0.142122501  
-0.4394382831  -0.545384122  -0.7137577704  
-0.1470451395  -0.8894486788  -0.4327340692  
-0.7850530534  0.4866117483  0.3832762839  
-0.1161024294  0.6141880264  0.7805724144  
0.4964396149  -0.7420660341  0.4504283625  
-0.668033632  0.3651454284  -0.6483825125  
-0.82556501  0.5575005079  -0.08738190882  
0.7636769162  0.5268953722  -0.3730667962  
0.8672234585  -0.1369054086  -0.478727879  
0.2951232613  0.630972372  -0.7174790076  
0.8426587202  -0.156596913  0.5151734544  
-0.8714774208  -0.4890075608  -0.03739933961  
-0.6213301889  -0.6781123017  -0.3925716529  
-0.7420965256  -0.4268265612  0.5168286306  
-0.5242740499  0.6182605878  -0.5855685836  
0.7532695781  -0.6071961469  0.2527801057  
-0.6284563154  -0.58850518  0.5086298386  
0.3635038102  0.90866333  -0.2054164859  
0.2108895391  -0.831361898  -0.5141624226  
-0.9280601532  0.1115012623  -0.3553474645  
-0.1106957104  0.3679368467  -0.9232382881  
0.006588172914  0.8221264392  -0.5692668214  
0.2823671371  -0.2845329604  0.9161385235  
-0.3408180467  -0.19057201  0.9206114099  
-0.6278763862  -0.1852572326  0.7559437819  
0.7469893639  0.3430393837  0.5695005456  
-0.2417524065  0.970072062  0.02271493967  
0.4990888144  -0.07141409552  -0.8636031394  
0.4725836536  0.6263616172  -0.6199482357  
-0.5245620992  0.8415798562  -0.1287553873  
-0.8700111278  0.4367472209  -0.2287629835  
-0.5000749509  -0.3634646861  -0.7860142909  
0.4437483354  -0.8442308271  0.3006022713  
0.1435545184  -0.4430814529  -0.8849129485  
0.06381395158  0.4404338943  -0.8955142458  
0.0007676036382  -0.1440571457  -0.9895690726  
0.02937173824  0.248289129  -0.9682405741  
0.1913340946  0.9470952694  0.257685496  
-0.1538084687  -0.7393373865  0.6555327482  
0.9815917137  -0.1121689676  -0.1545827621  
-0.1745331361  -0.2126185978  -0.9614216121  
0.3160966711  -0.9280671841  -0.196911646  
0.7556465953  0.5710188372  0.3208359558  
0.5162919611  0.8514814808  -0.09177090386  
-0.3546257251  -0.8471647411  0.3956671537  
0.8801907029  -0.4012967077  -0.2534270684  
0.5919452586  0.4729587336  -0.6526184544  
-0.1064906586  -0.7924252714  -0.6006013061  
-0.8624019526  -0.469229362  0.1899649388  
0.0591015111  0.6679802341  0.7418284291  
0.3133586186  -0.3596233762  -0.8789069367  
0.6675179484  -0.6551710751  -0.3537946451  
-0.3804122122  0.5628394284  -0.7338244522  
0.6116227428  -0.3440951746  -0.7124016643  
0.7255178309  -0.1956213935  0.6598152373  
0.6954417816  0.3142798894  -0.6462111725  
0.5675515162  -0.2807446521  0.7739946491  
-0.4834085962  0.2608778674  0.835618853  
-0.646246419  0.7373275942  0.1967576803  
-0.5276377278  0.6688295971  0.5237035404  
0.9812817839  -0.05859515563  0.1834466364  
-0.02929292668  -0.5104328983  -0.8594185132  
0.009212999989  0.04917832518  -0.9987475221  
-0.2056789584  -0.5589399536  -0.8032946497  
0.1783761266  0.3912077273  0.9028501933  
0.1621585079  0.02564348169  0.9864314625  
0.6640266304  -0.5544941507  -0.5016023036  
-0.2463013835  -0.6835651967  -0.6870765972  
0.3778800026  0.3506634239  -0.8568791436  
-0.8596969754  -0.215325171  -0.4632020955  
0.97918464  0.07725994504  -0.1876921463  
-0.5204148624  0.7708239048  0.3674219355  
0.6066168789  0.4506062659  0.6549579798  
-0.9471315168  0.2484177212  -0.2030530118  
-0.5032619663  -0.1830778088  -0.84451756  
-0.1328718428  0.9774286823  0.1642505538  
-0.7227184627  0.3982600263  0.5648601376  
0.3418081029  0.4495086327  0.8252934084  
0.494453244  0.1268323873  -0.8599008868  
0.1411116548  -0.1717142137  0.9749880664  
-0.4653153897  -0.7607177615  -0.4525373745  
-0.3371548845  -0.09884193597  -0.9362461511  
0.3610257576  -0.7055603778  0.6097909114  
0.04762398876  0.9133533001  -0.4043732247  
-0.5638218319  0.5111670215  0.6487011777  
-0.8649028982  -0.0500574662  0.4994369097  
0.0003482661447  0.9474644687  0.3198608436  
-0.6421656415  -0.009116409206  0.7665116959  
-0.6635619501  -0.7476308757  -0.02708527528  
0.448371755  -0.441203854  -0.7773685924  
0.5081569661  0.8129567682  -0.2843902087  
-0.03417752716  0.8715970156  0.4890302025  
-0.3684514123  -0.929552881  0.01322868602  
0.6495008967  0.7292412655  0.2153038828  
-0.2469693148  -0.4866934014  0.8379353737  
0.04745840475  0.978935384  -0.1985779789  
0.4041598315  0.6831500907  0.608244017  
-0.4145716467  0.3838463118  -0.8251014233  
-0.6512618135  0.6358120921  -0.4142475514  
0.07378850611  -0.5485333642  0.8328663787  
-0.5340342027  -0.3341382929  0.7766331641  
-0.3572239215  0.8583756733  0.3682149827  
0.8605631397  0.3647858208  -0.3554748762  
-0.1924073212  -0.8462863888  0.4967683271  
-0.6463833414  -0.7460318007  0.1600785065  
0.8412532176  -0.3160975076  -0.4386061897  
0.4888032292  -0.8486049735  -0.20233883  
0.6416115699  0.0840174685  0.7624143613  
-0.3111982268  0.08831938962  -0.9462321856  
-0.01131080435  0.9996727063  -0.02294659081  
0.6438643035  0.2671319283  0.7169932297  
-0.9469721  0.2999501245  0.1152118254  
0.9189902055  0.2645126327  0.2923868487  
0.1591726566  -0.9781335114  0.1338614931  
-0.3607941819  -0.916129235  -0.1747420475  
0.5218871501  0.8475422845  0.09646698177  
-0.4279975371  -0.5005137251  0.7525318062  
-0.8267672605  -0.2517698732  0.5030584737  
0.7825804591  0.6207122739  -0.04779223851  
-0.9279619318  0.220310025  0.3005830102  
-0.1984526837  -0.3172058421  0.9273602246  
-0.7569987791  -0.6148416194  0.2211846095  
0.783214379  -0.5816137322  -0.2197742092  
-0.3334683041  -0.871273623  -0.3601127103  
-0.3260544446  0.8219613369  -0.4669775795  
0.7692321428  -0.05304045274  -0.6367641799  
0.3343004484  0.7498923167  -0.5708806561  
-0.2854519694  0.538631174  0.7927128304  
0.007458623372  0.330849243  0.943654146  
0.596337584  -0.8019502322  -0.0354585818  
-0.9820749367  0.1860908628  -0.02998348809  
0.8649396152  0.4492832413  0.2236605267  
0.3462335474  0.2785868533  0.8958301713  
-0.7878451443  0.3376672052  -0.5150542565  
-0.2129580736  0.6384333497  -0.7396294457  
0.35018544  -0.9265770464  0.1372047185  
-0.3367249343  0.1765611854  0.924901328  
0.5628604692  0.6081708395  0.5597466589  
0.7854249413  -0.4811066038  0.3894150708  
0.5010260253  0.8187708634  0.2803340781  
-0.6156540968  0.09920711819  -0.7817467498  
0.4852070076  -0.001848231349  0.8743973604  
-0.2022301001  -0.9727310733  0.1135660408  
-0.1831386376  0.7710279814  -0.609898427  
-0.6889828888  0.7163513078  -0.1101970179  
-0.940111545  -0.0777428152  -0.3318830181  
-0.2051083478  -0.9292207556  0.3073749389  
0.2018872539  0.9773360147  0.06368556403  
-0.1774336549  -0.1223625059  0.9764961419  
-0.1642243766  0.2572694821  0.9522829242  
-0.2488039114  0.7008181288  0.6685436142  
0.2823710997  0.8007876418  0.5282099155  
