1  0  0  
0.5743800688  0.7613718527  -0.3006666567  
0.8362311114  -0.5463847255  0.04670396208  
-0.4455612409  0.2129016682  -0.8695677433  
0.3401261367  -0.03024427781  -0.9398933423  
-0.8634876649  -0.4434863662  -0.2402267584  
-0.7589086983  0.643793963  0.09791282244  
-0.5167459388  -0.7047731996  0.4860744509  
0.7749994339  0.1214997094  0.6201723133  
0.6258820132  -0.7384773918  0.2508442693  
0.1981254017  0.9503989563  0.2397668639  
0.9289465305  -0.369552948  0.02211248858  
0.0197165927  -0.980678407  0.1946307224  
-0.6468736285  -0.03682481548  -0.7617075828  
-0.1002133337  0.931285828  -0.3502341992  
0.3849292668  -0.4929724419  -0.7802612582  
0.7080344958  -0.7019030372  0.07758401357  
0.9242054629  0.3762661023  -0.06533056485  
-0.7557285896  0.1795238389  0.6297979756  
0.7576461058  -0.06484034449  0.6494367622  
-0.5000564011  0.5642017256  0.6569779361  
0.8713680587  -0.3888405536  -0.2992001506  
-0.2884699497  0.9574132989  0.01203591469  
-0.3610148857  -0.163016329  0.9182014641  
0.002091348214  -0.8756163792  -0.4830026736  
0.5728320523  -0.5960959234  0.5626127354  
0.4861202928  -0.5112807254  0.7087165024  
-0.863428043  -0.09096668487  0.496202657  
-0.83319141  0.2882597144  0.4719093253  
-0.9302834011  0.1149808719  -0.3483564163  
-0.9787988707  -0.1280527287  -0.1598601556  
0.6106117306  -0.1455998871  0.7784304641  
-0.3484744093  0.8631166267  0.3655068738  
0.9396690184  -0.01674223522  -0.3416750408  
0.8786867304  0.3776156952  -0.2920890559  
-0.9820687834  -0.1879628828  0.01452099759  
0.2111874848  -0.4750498157  0.8542409021  
0.1209182945  -0.2881052553  -0.9499337492  
0.9399016434  0.3209298349  0.1165716169  
-0.0553433394  -0.6720647763  0.7384213236  
-0.7557312087  -0.654594589  0.01939753118  
-0.5012036418  -0.7697556819  -0.3953113958  
-0.7119978236  0.2448843276  -0.6580963192  
0.3263341023  -0.9250168473  -0.1945504713  
0.2181901713  -0.5728697128  -0.7900717318  
-0.6446428515  0.06832795513  0.7614242474  
-0.6403543118  0.4178952189  -0.6444454526  
-0.7725890177  0.5966268882  -0.2171233892  
-0.8359384237  -0.293053193  0.4640331645  
-0.7099431345  0.4973134868  -0.4986582414  
0.1636742698  0.5467088831  -0.8211699766  
-0.8428385744  0.1670460956  -0.5115845379  
0.8627272889  0.501703654  0.06320655549  
-0.8573522319  -0.2029974784  -0.4730107548  
-0.7613838784  -0.4639084769  0.4528614742  
0.5277189891  -0.728186092  0.4373301773  
0.810842556  -0.4685473118  0.3507103735  
0.6665380329  0.6298553025  -0.398759763  
0.347992352  -0.6579106808  -0.6678733855  
0.2445418863  -0.7358008463  0.6315032703  
-0.02309858354  -0.8734855201  0.4863018626  
-0.09875381228  0.3466912321  -0.9327662484  
-0.0560933847  0.7751642682  -0.6292645624  
0.8682770968  0.0129557812  0.4959103054  
-0.6159484437  -0.3010475415  0.7279958052  
-0.1845154667  0.7254417114  0.6630900135  
0.4450707399  0.5633975312  0.6960569361  
0.3067105917  -0.2163857526  -0.9268796141  
0.4822473138  -0.1547363645  -0.8622610892  
-0.6136889365  -0.5529364908  0.5636019219  
0.4648463857  -0.8334151436  0.298893018  
-0.8843892944  0.4260336239  -0.1906591914  
-0.404373862  -0.4294292179  -0.8075099544  
0.2060800446  -0.9625898637  0.1759311497  
-0.2683799648  -0.5610800627  -0.7830462041  
-0.02860355882  0.5260446934  -0.8499757744  
-0.02825871152  -0.1646257904  -0.985951213  
-0.08106628715  -0.3924728888  0.916184091  
-0.3563894115  -0.8767864997  -0.3228498432  
0.1414536852  0.7842182607  -0.6041461533  
-0.9793218962  0.1141689619  0.1670151843  
-0.385976457  0.4070181382  -0.8278637628  
0.3541343392  -0.7744149249  -0.5242808349  
-0.6217850402  -0.6287810435  -0.4669237231  
-0.5021529416  -0.864592353  -0.01795790431  
-0.4139370282  -0.8230007362  0.3890063302  
0.8646330196  -0.1029364813  -0.4917456886  
0.531872545  0.4653540548  -0.7075006711  
0.01236347842  0.9477762436  0.3186963075  
0.7620496533  0.2055074605  -0.6140415373  
0.9216520372  0.1750929407  -0.3462657714  
-0.2530592121  -0.6673377799  0.7004436614  
-0.7793523658  0.5652979705  0.2702741099  
-0.4168625078  0.6759609226  -0.6077026253  
0.714278956  -0.3565939917  -0.6022012107  
0.2752107244  -0.2868967425  0.917577962  
0.5164243963  0.1948659994  -0.8338663473  
0.5495390377  -0.3259286377  0.7692706736  
0.615679672  -0.243769184  -0.74934313  
-0.6181525083  0.7832658431  0.06619739741  
-0.4422389395  0.3272809605  0.8350520303  
0.9822302388  -0.06005976082  0.1778105259  
-0.1820206996  0.8381658541  0.5141463468  
0.002910109552  0.02203729845  -0.9997529138  
0.13091556  0.6775210247  0.7237585076  
-0.5973114136  -0.4915140051  -0.6337452627  
0.1784319852  0.03401852209  0.9833640052  
-0.6608046064  0.633287804  0.4028446717  
-0.09299254545  -0.523812291  -0.8467426234  
0.2102333553  0.2525112683  -0.9444786899  
0.7373751121  0.3208495852  0.5944186132  
-0.98152793  -0.06947861277  0.1782572438  
-0.5150289478  0.6795372006  0.5224694977  
-0.3075615555  -0.694910296  -0.6500042847  
-0.9510844191  0.2464581848  -0.1862707463  
-0.3831793103  -0.26996776  -0.8833408316  
-0.1492097192  0.9731171773  0.1754406424  
0.7711993305  -0.4650471292  -0.4347214744  
-0.1805890331  -0.8919996088  -0.4143963068  
-0.506735322  -0.02126578942  0.8618393584  
-0.1459816032  0.1561577287  -0.976884914  
0.01299608149  -0.7723098283  -0.6351130852  
-0.208511059  -0.2198975284  -0.9529786017  
-0.3597198959  0.8021720284  -0.4765727996  
-0.2245336347  -0.864195324  0.4502789012  
0.6461842447  -0.5237404698  -0.5551052532  
0.5565386212  0.3571280988  0.7501495079  
-0.03428682335  -0.9887799427  -0.1453913297  
0.6597942117  0.113418512  -0.7428376938  
-0.7666030026  -0.6196851015  -0.1682563857  
-0.5677488913  0.4098709684  0.7139096481  
-0.4690724895  -0.86236771  0.1905070399  
0.1716532887  -0.9206260056  -0.3506891875  
0.3505300467  0.93383218  -0.07131722097  
-0.658345351  -0.2192581659  -0.7200744791  
0.269939638  0.4019447908  -0.874970272  
-0.1857499694  -0.9697708105  0.1582451386  
0.1631660854  0.8009885268  0.5760158058  
-0.3177154232  0.585200784  -0.7460542556  
-0.6786157582  0.6281283037  -0.3807039359  
0.1366651051  -0.641795029  0.7546004173  
-0.4333869277  -0.3510523482  0.8300229032  
-0.4962209213  0.8426592052  0.2090221547  
-0.949719322  -0.2512539336  0.1868279162  
0.3038996962  0.9113101657  -0.2777746507  
0.6167871962  0.7811536443  -0.09681187199  
0.922526784  -0.2053766094  -0.3267488043  
0.4561612454  -0.8891811503  -0.03569033823  
0.521799488  0.1667022874  0.8366215642  
0.3213152258  -0.09426257467  0.942269119  
-0.2183174345  -0.9744325035  -0.05309231548  
0.1154359709  -0.9932735629  0.009064538771  
-0.8689420115  0.4782859619  0.1272097453  
0.8304236969  0.3736923189  0.413219717  
-0.04529646666  0.6340808606  0.7719389174  
0.4447944065  0.6268077509  -0.6397421194  
0.6462923678  0.7569347581  0.09672614627  
-0.358994602  -0.5270728833  0.770270765  
0.7011986016  0.3860977436  -0.5993738846  
-0.8425815364  -0.5236533233  0.1258711706  
-0.9429135279  0.2969834216  0.1507147178  
-0.7172503063  -0.4774115104  -0.5075728991  
-0.7126306754  -0.6711836377  0.20413242  
0.651861862  -0.7197116573  -0.2389377391  
0.3381907102  0.8007240611  0.4944370754  
-0.2886223383  0.8979574878  -0.3322190481  
-0.7736339564  -0.005842696287  0.6336058431  
0.3367808318  0.7595591301  -0.5564607796  
-0.2599961589  0.3956086055  0.8808494926  
-0.08384184362  0.4684082609  0.8795250118  
-0.5519664468  0.8263785924  -0.1114964739  
0.9824709684  -0.186028721  0.01200463188  
0.7567109598  0.5563385869  0.3433305988  
0.05835282439  0.3486267951  0.9354433738  
0.7892932157  -0.337601931  0.5128753804  
0.2330564282  0.3982671241  0.8871685292  
0.7919861457  0.5351441239  -0.2939025547  
-0.1571866127  0.1072872457  0.9817238999  
0.4779945033  0.6762524007  0.5605389775  
0.8869445597  -0.2961728973  0.3544163695  
0.6462077896  0.7065183636  0.2885260725  
-0.4937829334  0.02376871095  -0.8692602965  
0.3562040554  0.09115557667  0.9299512523  
0.0613038358  0.9975792502  -0.03282497884  
0.1763193402  -0.8498087169  0.4967259154  
-0.3839500819  0.9110783111  -0.1500621392  
0.9204839088  0.2574832843  0.2939587249  
0.1050783843  0.9384177274  -0.329136297  
0.3695482768  0.9188830068  0.1381596574  
-0.1860439922  -0.07439680492  0.9797207502  
-0.9394348956  -0.07346633574  -0.334760772  
0.5149182192  -0.7722905761  -0.3720571106  
-0.5165547023  -0.8290364079  -0.2141725332  
-0.03183962151  -0.2091952642  0.977355401  
