1  0  0  
0.5127576029  0.7795736376  -0.3596450808  
-0.7330552324  0.1911682463  0.6527516586  
-0.3548259131  0.1060363674  -0.9288998117  
-0.4213890588  0.2520503162  0.8711497571  
0.6768341153  -0.6219568552  0.3937832534  
0.8822726802  -0.4116792501  -0.2282873471  
-0.5953967263  -0.6505039472  0.4715372232  
-0.7984546795  -0.256353224  -0.5447505386  
0.5496995286  -0.816955572  0.174396163  
0.8814645568  0.462827058  0.09386878857  
-0.93295564  0.3566755077  0.04874788191  
-0.01065957766  0.9548092789  -0.2970279689  
-0.5486806516  0.0939490307  -0.8307364938  
-0.2925298693  0.8760087386  -0.3834513861  
-0.3593019839  0.5337638624  0.765505208  
-0.4574538971  0.8884017879  -0.03844730512  
-0.936738369  -0.2831292349  0.2058131783  
0.4872817125  -0.3946118453  -0.77899809  
-0.791544649  0.1423967785  -0.594289682  
0.408158991  -0.6565408509  -0.6343188073  
0.3695316246  -0.6879369376  0.6246512213  
-0.5421396348  0.6615864471  -0.5180617621  
0.1795603296  -0.04152757847  -0.9828700567  
-0.07745408657  0.7561659339  0.6497799203  
-0.7800248284  0.4517666846  -0.4329758996  
-0.6542314603  0.5132437907  -0.55548358  
-0.7890031459  0.0003376164271  0.6143890639  
-0.7954869688  0.4623159324  0.3917454035  
-0.7716991039  -0.6074777894  -0.1882849661  
-0.9843322781  -0.1346680579  -0.1138177511  
0.8017103217  0.05075618702  0.5955538343  
0.1395777325  -0.851859372  -0.5048303349  
0.6795341871  -0.5035525563  -0.5335429801  
0.8891975933  0.2376979342  -0.3909313651  
0.9842395022  0.1438356488  -0.1028781245  
0.2523430215  -0.4224583442  0.870546924  
-0.6902196205  0.02063129862  -0.7233057618  
0.8935158043  0.4374102186  -0.1014978238  
-0.05388789307  -0.5127194509  0.8568633845  
-0.8077397628  -0.5895289693  0.003474197864  
-0.3967826379  -0.7747506852  -0.4922650852  
-0.01972991937  0.97996474  0.1981914194  
-0.1754118819  0.0580697142  -0.9827810438  
-0.2801889437  0.875776209  0.3930778391  
-0.2214519518  -0.8291506947  -0.5132914946  
-0.8498213142  0.2679767378  -0.4538636381  
0.6343138523  -0.7728053485  0.02044089244  
-0.5424459322  -0.4560196555  0.7055483572  
-0.4018816398  -0.397654126  -0.824840799  
0.2342938077  0.4578693802  -0.8575908362  
-0.2910617193  -0.09040760253  -0.9524229843  
-0.9557055291  -0.2943110019  -0.002824149675  
-0.8855773595  -0.1170499624  -0.4495019985  
0.7925420574  0.3696065148  -0.4850444427  
0.4129988663  -0.7825645519  0.4658590544  
0.7948596385  -0.5447458113  0.2673016202  
0.6563280241  0.4994178132  -0.5655222123  
-0.01881226136  0.6352728605  0.7720586063  
0.07561607778  -0.9300855487  -0.3594761201  
-0.9827035944  0.1827068544  0.03019686918  
-0.07626178394  0.3846171332  -0.9199205407  
0.1815716034  -0.6920976809  0.6985932672  
-0.9843719594  0.0961076521  -0.147564104  
-0.5557220655  -0.09358257595  0.8260843101  
0.9827555687  -0.04953251713  -0.1781516823  
0.8360396192  0.4672483078  0.2876052399  
-0.5879624749  0.2237852253  0.7773160882  
0.6623984561  -0.04541899133  -0.7477736293  
0.4896076323  0.6136773846  -0.6194226619  
0.395874668  -0.8869641606  0.2378609363  
-0.8809697572  0.4589389027  -0.115184072  
-0.3545988542  -0.5605619618  -0.7483514813  
0.1965679358  -0.9477788859  0.2511498159  
0.1723839969  0.608490466  0.7746115868  
-0.1264019304  0.5537364152  -0.8230422434  
-0.1000773183  0.3687249896  0.9241354946  
-0.1004701346  -0.336255965  0.9363961117  
0.2265106796  0.9738975804  0.0147110488  
0.003135348491  0.6694355404  -0.7428635317  
0.9495206431  -0.2840964819  0.1330403597  
-0.5239205011  0.2669738969  -0.8088462443  
0.3461467276  -0.9328210522  -0.1001365448  
0.4340007893  0.2226958403  0.8729546824  
-0.4389497049  -0.8795561777  0.1835867282  
-0.4186348238  -0.7523109609  0.5086974567  
0.4313738436  -0.4328059167  0.7915779466  
-0.695755504  -0.3291894092  0.6384031732  
-0.1121923256  -0.9260476725  -0.360345099  
0.8868749109  0.0478096579  -0.4595292471  
0.5882103889  0.783918176  -0.1986978401  
0.3658188391  0.5540371728  -0.7478097272  
-0.6802404125  0.6263814596  0.3806826082  
-0.4956175572  0.5562411208  -0.667052511  
-0.5380195479  0.525831208  0.6588144707  
0.7788629492  -0.6202867306  0.09282714116  
0.5754033096  0.2821131009  -0.7676739084  
0.367503825  -0.2766794248  0.8879129656  
0.7641986013  0.4395075191  0.4720525802  
-0.5306328498  0.8379493164  0.12755282  
0.2192827645  -0.6525981091  -0.7252797923  
-0.9559955597  0.001293091794  -0.2933782845  
-0.8075273734  -0.1891904409  0.5586649427  
-0.02194168005  0.1961031787  -0.980337751  
-0.1112892044  -0.7437387825  -0.659141363  
0.3427612729  0.08179879031  -0.935854512  
-0.9281650151  -0.3210536277  -0.1882399345  
-0.411635324  0.8715360542  0.2664230964  
-0.1711729227  -0.9663798615  -0.1918587861  
0.273696441  0.278795735  -0.9205233274  
0.6767732428  0.3795295085  0.6308211552  
0.9487470715  -0.2361098205  -0.2100741465  
-0.8522657216  0.5190719541  0.06486482991  
0.4701348727  0.6395360563  0.6082489902  
0.5423570326  -0.7660778804  -0.3449253983  
0.526426385  0.4821018202  0.7003235653  
-0.286124983  0.9543048176  -0.08622533941  
0.6474568  -0.3669285666  -0.667954429  
-0.6291959609  -0.5499389835  -0.5492536365  
0.5053188642  -0.07082977433  -0.8600209233  
0.1983730475  -0.2414869144  0.9499116823  
-0.4680339216  -0.8213911693  -0.325976679  
0.4515283555  0.04068190771  0.8913288543  
-0.3113927138  0.5708457577  -0.7597168543  
0.1293765496  0.7632949354  -0.6329633085  
0.1596714138  -0.5216051918  -0.8381127988  
-0.08741292153  0.9899328649  -0.1113189299  
-0.04141393529  -0.9986671535  -0.03080263861  
0.7781254503  -0.3324459595  -0.5329169425  
-0.7127173193  -0.5931298793  -0.3744742569  
0.05505987487  -0.1870289409  -0.9808101679  
-0.5627105495  -0.8262992676  0.02421482698  
0.04203188422  0.8541099933  0.5183912037  
0.2753368083  0.9465802809  -0.1678553358  
-0.704563109  -0.1884656485  -0.6841575292  
-0.4103346714  -0.3912304743  0.8237500673  
-0.173085955  -0.9282219581  0.3293102619  
0.294355225  0.8889688288  0.3508410223  
0.5994858313  -0.3971332875  0.694911426  
-0.5427212024  0.765003144  -0.3467331627  
0.05191559913  -0.7971546465  0.6015390595  
-0.4376849952  -0.2157062353  0.8728703598  
-0.2174570118  0.947605779  0.233999435  
-0.9527009855  -0.09737454899  0.2878871819  
0.3485030524  0.8700539374  -0.3486427521  
0.7092345689  0.6976500916  -0.1013443438  
-0.8797031202  0.2864078823  0.3795957657  
-0.5552555061  0.6545360206  0.5131022517  
-0.5669820862  -0.3057651216  -0.7648784245  
-0.2318351009  0.2370537634  0.9434288523  
0.1597079093  -0.9853672298  -0.05953827524  
-0.03896792673  -0.4913024281  -0.8701169029  
-0.7407848776  0.6675053229  0.07532867356  
0.9428746608  0.1725489491  0.2849811119  
-0.1836372985  -0.6197689484  0.762996588  
0.7831288866  -0.5749583508  -0.2369220165  
-0.6796472453  -0.7286195915  -0.08481222089  
-0.2461392694  -0.8307426092  0.4992816612  
0.6955945696  0.1429744434  -0.704064275  
-0.8577907233  -0.4136738466  0.3050721613  
0.8477817139  -0.1468320166  -0.5096140936  
0.8804403155  -0.3747628188  0.290478365  
-0.6802027354  -0.667274595  0.3034284984  
0.6512578058  -0.7285738389  -0.2122343791  
0.521954559  0.8392967546  0.1521328237  
-0.2353903579  0.799794221  -0.5521961458  
-0.9316419646  0.09869451919  0.3497179458  
0.306837952  0.7010426755  -0.6437310295  
-0.2710042365  0.7643169021  0.5851293678  
-0.08481849859  -0.3232120074  -0.9425178091  
0.1209210611  0.1383276635  0.982976884  
0.9326486523  -0.1927987339  0.3049510445  
-0.3463715724  0.09408931788  0.9333669879  
0.2635842545  0.2771986748  0.9239503425  
0.8877949437  -0.07342823932  0.4543439574  
0.2247714482  0.4512978621  0.8636017808  
-0.7461370231  -0.5306022568  0.4021700981  
0.2971780644  -0.3957198695  -0.8689597131  
0.563938276  0.695942101  0.4445651954  
0.6694882278  -0.209467319  0.7126773149  
0.631184239  0.7278580698  0.26800949  
0.7386083723  -0.3360296209  0.5844157477  
0.5882988352  0.1151013162  0.8004099996  
-0.09927735705  -0.9840163171  0.1478373906  
0.1136826928  -0.8923074721  0.4368794121  
-0.6803004392  0.6993115106  -0.2194418455  
0.869906716  0.3114639845  0.3824297213  
0.06757050049  0.877143563  -0.4754507307  
-0.4005954734  -0.9162543411  0.001117601596  
-0.003661524603  -0.009045609135  0.999952384  
0.8013410573  0.5622682404  -0.2042227601  
0.4153511928  -0.7783309754  -0.4708336005  
0.3519811003  0.9188978036  0.178146377  
-0.1588362682  -0.1431744754  0.9768685221  
0.2942053722  0.7056801466  0.6445608813  
