1  0  0  
-0.6856159141  -0.6530685746  0.3216088543  
0.01034587588  -0.4904444537  -0.87141104  
-0.3977550941  0.0831667791  -0.9137144915  
-0.2208146385  0.1515842247  0.963464124  
0.9508706766  0.2641810136  0.1614104966  
-0.7179585916  0.6694208067  0.1908173061  
-0.6386708333  -0.4232583705  0.6426133507  
-0.7097129035  -0.3067961855  -0.6341795449  
-0.5287185651  0.8101676392  -0.2531503017  
-0.1776306535  -0.9160420563  -0.3596029783  
-0.9430981914  0.3087160127  -0.1235322828  
-0.02626485966  -0.9460477163  0.3229611056  
-0.6723238274  -0.03066768544  -0.7396216359  
-0.03173714235  0.8722783307  -0.4879787573  
0.4833284781  -0.5506484829  -0.6805731633  
0.7586387126  -0.6514612868  0.008092925806  
-0.5341637833  -0.7870186282  -0.308659572  
0.7738491098  -0.314678611  -0.5496680153  
-0.7900843607  0.06078451629  -0.6099770041  
-0.4018477526  0.6985548168  0.5920638071  
-0.2693242997  0.3220634417  0.9076009922  
-0.3395978401  0.8811474937  -0.329017327  
0.3948844232  -0.1354872043  -0.9086855946  
0.02243938704  -0.7573470047  -0.6526269903  
-0.7197879038  0.4334471381  -0.5422443656  
0.5696881577  -0.5139222374  0.6413574175  
-0.9261115325  -0.1473472194  0.3472840715  
0.7860098327  -0.5397870297  -0.301361088  
-0.8746098549  0.1523818436  -0.4602579446  
-0.9810597843  0.1171921373  -0.1542326251  
0.6774506389  -0.165542977  0.7166980917  
-0.3926383408  0.8641289405  0.3148274249  
0.9425116945  -0.04200767549  -0.3315223384  
-0.8764559144  -0.3289471039  0.3515946999  
0.8774805167  0.4429071083  -0.1840142283  
0.1738153592  -0.3545650044  0.9187338453  
-0.5060585991  -0.08918629531  -0.8578755732  
-0.7216448591  -0.6921685867  0.01146057773  
-0.1789587211  -0.6487251413  0.7396820041  
-0.8846311209  -0.3335897405  -0.3258000383  
-0.3454693329  -0.691806016  -0.6340783676  
0.7726582615  -0.2554176818  0.5811721078  
-0.6801876676  0.2516285549  0.6884967735  
0.297537361  -0.6163166782  -0.7291263752  
-0.945095778  -0.2699411567  0.1841894198  
0.3666111543  -0.3080414267  0.8778990494  
0.8740247781  -0.481616888  0.06423286109  
-0.7760728953  -0.3760392839  0.5062660546  
0.441447484  0.2579747742  0.8594027779  
-0.1979336398  -0.3631338943  0.9104702351  
0.5548392248  -0.07857129247  0.8282390878  
-0.9820604953  0.09357769388  0.1637082732  
0.9319050035  0.1523249613  0.3291658708  
0.717376119  0.2550827527  -0.6483087946  
0.3860610509  -0.5828402441  0.7150203598  
-0.6417024784  0.5950025821  -0.4839316651  
0.7769713988  0.6057414302  -0.1714431838  
0.1934066798  -0.4895573378  -0.8502514153  
0.3085467509  -0.8211648219  -0.480090864  
0.9324987969  -0.3550947172  -0.06598284384  
0.01277487639  0.3621097738  -0.9320479141  
-0.1514876945  -0.8665072733  0.4756223541  
0.8766861194  0.0401873011  0.4793812979  
0.4660290982  0.1733336424  -0.8676245317  
-0.5363505263  -0.5766154916  0.6163137901  
-0.5181127408  -0.617600933  -0.5917163809  
0.4392031405  0.5325875963  0.7234991732  
0.5627900239  -0.1774870406  -0.8073200972  
0.3635612821  0.6218486096  -0.6936335494  
0.4037013533  -0.9000163348  0.1643040307  
-0.7866952397  0.5889311169  -0.1851235784  
-0.2598142457  -0.5918398668  -0.7630348156  
0.2120278491  -0.8464546145  0.4884247913  
-0.8712145509  0.4223061334  -0.2502853091  
-0.008812827317  0.654514448  -0.7559981292  
-0.04083328226  0.1574112964  0.9866885663  
0.09104706949  -0.5112366053  0.8546037471  
0.3611675177  0.8676009418  0.3417991075  
-0.4272455417  -0.7214563611  0.5449421677  
0.9801427422  0.09003706125  -0.1766735196  
-0.4701232396  0.4269849756  -0.7724428588  
0.3484794106  -0.9372804157  -0.008217222558  
0.7839335165  0.6035990722  0.1453148366  
0.2054732574  0.928562048  -0.3091169092  
0.251685764  0.7571363702  -0.6028256739  
-0.879977507  0.1831612079  0.4382825107  
0.6865029455  0.5354800497  -0.4919093639  
-0.01212068424  0.9324181229  0.3611779799  
0.8716713213  0.01301912205  -0.4899179626  
0.5246440392  0.7851058872  -0.3291768188  
0.09756787051  0.5172548385  -0.8502516937  
-0.577325655  0.6149874396  0.5371084967  
-0.1980668369  0.6292568243  -0.7515353466  
0.8444390915  -0.3630710211  -0.3938299816  
0.09609775707  0.9750509344  0.2001022147  
0.4694095543  0.4671950293  -0.7492552803  
-0.5220512876  0.2497021527  -0.8155435537  
0.624824977  0.4689660849  0.6242311745  
-0.8361421402  0.5376277131  0.108732532  
-0.1112271579  0.6352691249  0.7642392677  
0.9461993333  -0.03976886538  0.3211312176  
0.6322028608  0.128906846  -0.7640042984  
0.16670258  0.02213637913  -0.9857587081  
-0.07755548699  0.1925581334  -0.9782159842  
-0.4795583814  0.6616112342  -0.5764497668  
0.01744198857  -0.01846673367  0.9996773263  
0.4904457179  -0.7549120892  -0.4353972157  
0.1643621419  0.738702132  0.653685128  
0.2839406981  0.1993159249  -0.9378970317  
0.7696028143  0.131943263  0.6247419335  
-0.9826602463  -0.1852515327  0.007791661871  
-0.5673393834  0.7809394448  0.2612653969  
0.781956979  0.3917814074  0.484820185  
0.9259259237  -0.2340453655  0.2964522739  
-0.352247478  -0.4228955177  -0.8349138251  
-0.1686611337  0.9854842944  0.01934237375  
-0.7282646257  0.5010193291  0.4675577684  
-0.2359422897  0.9583650048  -0.1608345531  
-0.5245930504  0.0008456203818  0.851352698  
0.2581733923  -0.1899146782  0.9472480744  
-0.2535772565  -0.8231585933  -0.5080438025  
-0.1441406161  -0.1463907728  -0.9786691088  
0.2971643689  -0.7243127261  0.6221450094  
0.4862852399  0.8625123304  -0.1399969479  
0.6482567501  -0.4482162021  -0.6155204481  
-0.2121534024  0.7472742203  0.6297397665  
0.09364623093  -0.976345309  -0.1948851485  
-0.7698075588  -0.07396112547  0.6339763989  
-0.9829363689  -0.07789242612  -0.1666399252  
-0.5500742462  0.3800872824  0.7436074108  
0.652438448  -0.6589383725  -0.374331795  
0.2033267644  -0.9147932055  -0.3490152117  
0.2006869187  0.9791295125  0.03209608049  
0.6174097366  0.2067106376  0.7589966597  
-0.3847905034  -0.3418509355  0.8573646869  
0.1166816423  0.9826741732  -0.1440029988  
0.07613468329  0.6263624577  0.7758051183  
-0.285275827  0.4766772432  -0.8315025606  
0.5405433078  -0.7342776973  0.4106692046  
-0.1146327777  0.7645166323  -0.6343292876  
-0.56285051  -0.3039414234  0.7686474579  
-0.2810536272  0.9424444803  0.1811277456  
-0.8462621421  -0.5325742932  0.01431813689  
0.573665783  0.6774652776  -0.460378504  
-0.2960594899  -0.945904365  0.132716656  
-0.8858811974  0.4052013219  0.225890223  
0.4658633626  -0.8739397062  -0.1385666529  
-0.5392457177  -0.3751242513  -0.7539866391  
-0.2058716457  0.02347870092  -0.9782973046  
-0.01501189  -0.9995048792  -0.02765211916  
-0.06951342227  -0.7753754778  0.627662929  
0.9810116715  -0.1929161193  -0.01998677992  
-0.8842785079  -0.4402516564  -0.155659884  
0.1735722468  0.4652718887  0.8679831477  
0.1556599734  -0.9310482428  0.3300290022  
-0.6937082027  -0.5440529383  -0.4719908155  
-0.2866451311  -0.5024740505  0.8156925875  
0.8394342947  0.201476855  -0.5047347242  
-0.3807159212  -0.8805747808  0.2822116986  
-0.936973405  0.2365383855  0.2571583762  
0.6789472615  -0.05455743696  -0.7321571568  
-0.6364818787  -0.7523116512  0.1700529258  
0.6302253303  -0.772783424  -0.07497874746  
0.4261186921  0.7651344512  0.4826925852  
-0.3865764673  0.7920635375  -0.4724341091  
-0.7932323928  0.1236119343  0.596240271  
0.3360585702  0.8312036544  -0.4429053199  
-0.3722464828  0.4654955546  0.8029610481  
0.09676147892  -0.3314315122  -0.9385043255  
-0.525185352  0.8498076419  -0.04480310074  
0.9314113731  0.3637319942  -0.01311069729  
0.8055787751  0.5000796526  0.3177470348  
0.0817938241  0.3213899435  0.9434077986  
0.8386087172  -0.3430795837  0.4231215176  
-0.263644158  -0.2831528967  -0.9221259106  
0.7957188066  0.4988816252  -0.3434366097  
0.4340419328  -0.2991732891  -0.8497664053  
0.58401353  0.6812653295  0.4413680411  
0.7702949149  -0.5184367706  0.3713072299  
0.6440559362  0.7486375966  0.157269514  
-0.6343186585  0.3456760955  -0.6914823761  
0.3365129711  0.1037694147  0.9359438706  
-0.2860646612  -0.9390311885  -0.1907549124  
0.06136752201  -0.9862845329  0.1532215628  
-0.6567705705  0.7429737027  -0.1290057941  
-0.8452596821  -0.2244903829  -0.4849125054  
-0.5723733965  -0.8199366294  -0.009623861197  
0.4685978679  0.8673890139  0.167488318  
-0.3465070504  -0.03174870131  0.9375099381  
-0.3898714018  -0.9206730408  -0.01901162769  
0.1171619809  -0.8539922626  -0.5069223664  
0.07101603283  0.8535521208  0.5161448442  
-0.1038191725  -0.1958654132  0.9751196436  
-0.6970734537  -0.6503332944  -0.3019192051  
0.6753807991  -0.6725512592  0.3025484754  
