1  0  0  
0.6031019078  0.7680405791  -0.2153642442  
-0.9194455297  -0.02978265892  0.3920878869  
-0.5242503771  0.2085745785  -0.8256259367  
-0.359352334  -0.004855431114  0.9331893296  
-0.8727419206  -0.1239048849  -0.4721960604  
0.8647546636  -0.1186748716  -0.4879709485  
-0.4480752038  -0.8314560976  0.3284956156  
0.6523481622  0.391972459  0.6486905785  
-0.5492834414  0.8326909671  -0.0700960358  
-0.1783274583  -0.948977337  -0.2600794715  
-0.8755014192  0.469251554  0.1153266842  
0.2190885035  -0.972726198  0.07618379977  
-0.7490493188  -0.05439921726  -0.6602770958  
-0.2131739133  0.8869261982  -0.4097789668  
0.3194931498  -0.3290219838  -0.8886330297  
-0.5023422225  0.8584322015  0.1036650712  
-0.9797447417  -0.1789730848  0.08982692254  
0.4382387026  -0.611094445  -0.6591740429  
0.8422996308  -0.03452044744  0.5379030309  
0.4686501969  -0.7386900219  -0.4844626348  
0.7458068612  0.1990768818  -0.6357204739  
-0.557060951  0.7343334581  -0.3878626937  
0.5283676675  0.01405415906  -0.8488993395  
0.1307919481  -0.7301797646  -0.6706198459  
0.6106344489  -0.6046821982  0.5113560492  
0.643126753  -0.4533117338  0.6171680902  
-0.8149142818  -0.03270785964  0.5786578516  
-0.7953617952  0.3997099713  0.4556660548  
-0.9398543821  0.1968137438  -0.2791739435  
0.9451286962  0.1380957431  0.2960765331  
0.6493370093  -0.2816463577  0.7064253518  
-0.2076632033  0.9392316579  0.273349386  
0.7793193263  -0.2647719546  -0.5679411938  
0.827600969  0.5305348908  -0.1833285731  
-0.9826646261  -0.150200781  -0.1086736307  
-0.2090127217  0.4263576806  -0.8800754572  
0.6457431415  -0.07989386938  0.7593633945  
0.9492048623  0.313306439  0.02914111661  
0.01925820898  -0.4893250365  0.8718888289  
0.8720975511  0.4654394488  0.1510363563  
-0.5376749065  -0.6899161336  -0.4846869335  
0.8654911178  -0.1988185277  0.4597785532  
-0.7546967913  -0.4239920064  -0.500663092  
-0.0648179813  0.6068463758  0.7921717651  
0.4826491638  -0.8402134188  0.2471663319  
-0.7672622921  0.3282950011  -0.5509364459  
0.6749574608  -0.7378565938  0.0002704984093  
-0.5456849307  -0.6198647395  0.56391104  
-0.5428766639  -0.3073786209  -0.7815390657  
-0.1673585311  -0.5023877753  0.8482910145  
-0.7574533801  0.1567792829  -0.6337859524  
-0.9265525306  -0.3061158107  -0.2186172877  
-0.7875496823  -0.2488221536  -0.5637845633  
-0.6905537117  -0.5689909441  0.4465253373  
0.448258129  -0.7064618952  0.5477008677  
0.704954176  -0.6243370093  0.336515837  
-0.5769375703  -0.7138773246  0.3968906719  
0.1951143352  -0.4817276873  -0.8543236105  
-0.3230749123  0.7338007673  0.5976278399  
0.9821440941  0.01615730826  -0.1874351084  
-0.04760118563  0.3319751341  -0.9420863216  
0.1309007728  -0.7195163725  0.6820272556  
0.9284501081  -0.03536470195  0.3697698401  
0.2708171954  0.1759129732  -0.9464209806  
0.5960087566  0.8027329966  -0.01983174778  
-0.6968973489  -0.58131354  -0.4200103015  
0.6013096718  0.5497046773  0.5798719223  
0.4379645621  0.1802286721  -0.8807409767  
0.4246256915  0.7486405486  -0.5091466891  
0.3954691288  -0.9153882046  0.07529012599  
-0.824700821  0.5013270022  -0.2618010556  
0.1298527401  0.5815375675  0.8030892375  
-0.3163597613  0.9154057569  -0.248895162  
-0.009263090937  0.9672137582  0.2537946828  
0.01938698446  0.6316864865  -0.7749815015  
0.06376255373  -0.1679147781  -0.9837372434  
0.1360230943  0.3429934275  -0.9294370482  
0.256566183  0.9618565865  0.09489837042  
0.06359063482  0.7549106197  -0.6527374567  
-0.9822765084  0.1582884968  0.1003873138  
-0.517612431  0.4014044173  -0.7556135686  
0.3765081398  -0.8953483067  -0.2378928967  
-0.2654356512  -0.2536199087  -0.9301724878  
-0.4715631092  -0.8697137302  0.1456923523  
0.2996865266  0.9225275906  -0.2431683168  
0.3564759112  -0.5038821469  0.7867831384  
0.6616463582  0.4682813255  -0.5856079721  
0.09395550491  -0.9089084015  -0.4062731602  
-0.8592501741  -0.1817382812  0.4781844158  
-0.6768576796  0.4461026868  0.5855391314  
0.2516147152  0.7610919069  -0.5978537818  
0.7193248088  -0.5548478292  -0.4179900787  
-0.3190109085  0.6553950161  -0.6846089491  
-0.5822836784  0.6034192018  0.5448219753  
0.9306864746  -0.3050553614  -0.2019007492  
0.3455522664  0.5047647183  -0.7910791429  
0.3837211968  -0.3297384093  0.8625720982  
-0.03944932509  0.9976422197  -0.05615827762  
-0.6390488619  0.7483735013  0.1776334842  
0.193826597  -0.8290939955  -0.5244372192  
-0.9814785494  0.0222026486  -0.1902811063  
0.8074629359  0.4712116281  -0.3549129594  
-0.07943292831  0.1627594914  -0.9834631451  
-0.06415493686  -0.7166117806  -0.6945154426  
0.5117224789  0.4951475164  -0.7021175411  
-0.2113209824  0.04728250436  -0.9762724042  
0.506603292  -0.8059788922  -0.3061880628  
0.09355639132  0.9034292724  0.4184050087  
-0.3131325585  -0.3479839964  0.8836600812  
0.6819848878  0.2182708935  0.6980361236  
0.9454513931  0.1723406312  -0.2764423449  
0.8423197709  -0.4545955856  -0.289551821  
-0.3167110338  -0.540290981  -0.7796023197  
-0.9195483656  0.3491612652  -0.1803253011  
-0.3776856847  -0.3752407161  -0.8464915408  
-0.3115271909  0.9464864106  0.0843462146  
0.5405785138  -0.4639043527  -0.7018316194  
-0.1315098887  0.3291571889  0.9350725609  
0.683751351  0.03659175407  -0.7287970455  
0.2315562246  -0.2536710935  0.9391659551  
0.4596347727  0.8085603604  0.3673772167  
0.4464935018  0.189123493  0.8745718136  
0.1742636548  -0.5831318188  0.7934667356  
-0.1105696025  -0.854466477  0.5076035881  
0.6482672031  -0.2976502004  -0.700823795  
-0.2072895655  -0.6433816229  0.7369471645  
-0.07375215495  -0.9931868736  -0.09022446317  
-0.5981248049  0.1428400479  0.7885705032  
-0.7606870641  -0.6045626581  -0.2363454736  
-0.3777281668  0.478133678  0.7929121123  
0.3890639267  -0.8240454862  0.4117988556  
-0.005458314  0.8273178858  0.5617075063  
-0.3270294747  -0.9425113318  0.06873217609  
0.4922445658  0.4789928668  0.7268157407  
-0.4809065475  -0.3467889062  0.805274082  
0.04120571783  0.974951359  -0.2185679216  
-0.2810121232  -0.8706834826  -0.4036613181  
-0.4919365545  0.5651293281  -0.6622894148  
-0.6383156797  0.7411352003  -0.2080185277  
0.0820606972  -0.8328697535  0.5473518208  
-0.5955634519  -0.1836729658  0.7820283987  
-0.3309554358  0.8491051201  0.411690411  
-0.8794908825  -0.3162210048  0.3556684744  
-0.1547557688  -0.9274199325  0.340503922  
0.7977515477  0.6014342173  0.04323598573  
-0.8852604402  0.2686823007  0.3796363713  
-0.6223217663  0.6910082174  0.367727158  
-0.5976789785  -0.1002204912  -0.7954468504  
0.3696358823  -0.1378175628  0.9188991424  
0.1290622991  -0.9857716563  -0.1076901318  
-0.2528252962  -0.6853246005  -0.6829418434  
-0.9442989203  0.3289370281  0.00999903039  
0.8252300636  0.4583204324  0.3300571518  
-0.7860065953  0.6154337991  0.05860777299  
-0.4936768466  0.3159949052  0.8102039194  
-0.6805666247  -0.7232475456  -0.1172265208  
-0.3844136705  -0.6399069523  0.6653910296  
0.7793962625  0.3526435871  -0.5178648148  
-0.920430879  -0.3477664287  0.1785091261  
0.9479659512  -0.1260685174  -0.2923478823  
-0.1823979926  -0.8076896547  -0.5606856463  
-0.7252229685  -0.6819737082  0.09467580083  
0.7536577985  -0.61289315  -0.237406633  
-0.5402210627  -0.8196833705  -0.1904740811  
-0.2694489279  0.7838518031  -0.5594404579  
-0.739992043  0.1202266322  0.6617834488  
0.2933568247  0.8519313806  -0.4337680211  
-0.253976783  0.1689956395  0.9523320154  
-0.0007831249318  -0.4613362373  -0.8872250351  
0.06898270961  0.3001285655  0.951401193  
0.9797702039  -0.1781725825  0.0911311061  
0.1802041032  -0.001679412722  -0.983627806  
-0.1405420637  -0.1297751155  -0.9815326524  
-0.7489774056  0.4851882447  -0.4512485047  
0.1946424976  0.425770763  0.8836478685  
0.7171489476  0.6384494156  -0.279427505  
0.4329738785  -0.159891412  -0.8871123699  
0.4329241363  0.63131278  0.6434445322  
0.8593677184  -0.3554518808  0.3676154037  
0.6249796745  0.7146837662  0.3140501884  
-0.4913471115  0.0181284179  -0.8707751584  
0.3343140197  0.07064243678  0.9398105034  
-0.1573636033  -0.9836859857  0.08716982164  
0.1392945646  -0.9602594876  0.2418651292  
0.763787693  -0.6306457978  0.1375290431  
0.8695276419  0.294643663  0.3963669914  
-0.02932559258  0.9193609205  -0.3923206693  
0.4475537931  0.8924533362  0.05676834516  
0.007696868137  0.002867039355  0.9999662686  
-0.8852511147  -0.463716268  0.03602342035  
-0.2607643015  0.6182997142  0.7414225802  
0.3668615378  0.9005073749  0.2334503798  
-0.09740331193  -0.1699029826  0.9806352897  
0.364663683  0.7628715411  0.5338983143  
0.8681819287  -0.491010439  0.07189497541  
-0.6379629155  -0.3342322811  0.6937521897  
