1  0  0  
0.6178426282  0.7390656741  -0.2684258114  
-0.5501439473  -0.8267159442  0.1178235326  
-0.2851993911  0.321026779  -0.9031074767  
-0.3625507504  -0.05464666166  0.9303605192  
-0.9293359395  -0.2031744558  -0.3083096692  
-0.3583351755  -0.260747572  -0.8964410776  
-0.5096386214  -0.7445784689  0.4311280311  
-0.6703933147  -0.0984258438  -0.7354489492  
0.5386047157  -0.7673578419  0.3479466952  
0.1360170166  0.9831815537  0.1218745408  
0.8680358811  -0.4933912772  -0.05548654532  
-0.08830676446  0.9760483377  -0.1988254457  
-0.5410355661  0.001081632316  -0.8409990168  
-0.2303945422  0.9081214881  -0.3496193898  
0.3592172977  -0.4435799123  -0.8210967022  
-0.788888492  0.60799433  -0.08943065449  
-0.9186023396  -0.3940624483  0.02974102327  
-0.7440763983  0.1682253577  0.6465682814  
-0.7880257152  -0.001799544243  -0.6156396948  
0.4310998349  -0.7166580644  -0.5482281926  
-0.8345065042  0.4947767351  0.2424765489  
0.5260195451  -0.8499999545  -0.02834634953  
0.4554732371  0.1966019139  -0.8682694385  
-0.09350632654  0.703996677  0.7040207708  
0.6107075998  -0.5508213097  0.5688867307  
0.44147286  -0.5984465759  0.6685532213  
-0.7584395165  -0.1622175958  0.6312328821  
0.7708844949  -0.3323301419  -0.5434093966  
0.8294546147  -0.297077481  0.4730222114  
-0.9814549069  -0.1045773286  -0.1606544366  
0.6753484977  -0.09155419635  0.7317938479  
0.3207537908  -0.8989834948  -0.2982376265  
0.9703022211  -0.0364881792  -0.2391280255  
0.8657195566  0.4540038337  -0.210737202  
0.9780752711  0.2082132473  0.00400096697  
0.1834548495  -0.4738996102  0.8612569174  
0.05374303277  -0.9194633512  0.3894853428  
0.9407223342  0.3065018564  0.145251857  
-0.1931096927  -0.7988154285  0.569739026  
0.8632446333  0.491643067  0.1144368719  
-0.3831646086  -0.6629931624  -0.6431368045  
-0.7320063652  -0.3695869201  -0.5723392262  
-0.6398537547  -0.2872940196  -0.7127757845  
0.1882289881  -0.4221041297  -0.8867908162  
0.6133613243  0.7877645966  0.05669943677  
-0.5433880948  0.4484156965  -0.7096849593  
0.6709812959  -0.7402874624  0.04193534972  
-0.8802763993  -0.3189808108  0.3512331181  
-0.9202501621  0.1924468729  -0.3407401358  
0.2419557363  0.6785036218  -0.6936067019  
-0.766062681  0.198294789  -0.6114140541  
-0.8740430082  -0.3958220644  -0.2817334079  
0.8724753675  0.1063332797  0.4769485996  
-0.7880548868  -0.4813965962  0.3837014628  
-0.371789076  0.8148078229  -0.4448157986  
0.6767577894  -0.6999370494  0.2282258122  
-0.6642110304  -0.6252325994  0.4097656693  
0.2222366835  -0.5833930555  -0.7811935735  
-0.2864683494  0.8298094651  0.4789072315  
-0.075858706  0.6101850065  -0.7886188652  
0.009806514211  0.4602105165  -0.8877556605  
0.05314022824  0.7242903326  -0.6874442742  
0.8693016412  -0.09637124091  0.4847960815  
0.5382894918  0.3275412668  -0.7765057254  
-0.8538297474  0.3581672142  0.3777446348  
0.5809173261  0.4656438763  0.6676157882  
-0.1890415189  0.9818699917  -0.01395075729  
0.69340735  -0.000651928778  -0.7205455031  
0.5483328116  0.6198707054  -0.5613300601  
-0.3962996704  0.9150790513  -0.07467865278  
-0.7843228768  0.5561460324  -0.2748439841  
0.3065229976  0.4354740926  0.8464076834  
0.4050012818  -0.8736283885  0.2697172604  
0.6312293629  -0.2848531343  0.7213932237  
-0.1924788886  -0.4116894926  0.89076576  
-0.08917256845  0.05585460828  0.9944488503  
0.09624034142  0.2776304309  -0.9558551881  
0.1776190877  0.9347157335  0.3078278046  
0.1391909168  0.8937112306  -0.4265045427  
-0.984143752  0.1712485951  -0.0462059964  
-0.3623331727  0.4811574927  -0.7982494217  
-0.4748769596  0.8560084243  0.2043072459  
0.6619076571  0.6423901793  0.3862811294  
-0.4559718926  -0.8890270431  -0.04147951145  
0.4540745288  0.8430415983  -0.2882658248  
0.08825499999  -0.3225436728  0.9424312357  
0.6854133089  0.4864365792  -0.5418376605  
-0.05083111943  -0.7959548338  -0.6032181197  
-0.8625992845  -0.1583872646  0.4804538987  
0.3408933277  -0.9350720336  -0.09711864463  
-0.383588046  -0.7205553998  0.5776332112  
0.7503683802  -0.5062478307  -0.4250416778  
0.3223150603  -0.7297247554  0.6030047953  
0.6443049253  -0.314273799  -0.6972109742  
0.8537774883  -0.1807244314  -0.4882649695  
0.6800660017  0.3284192099  -0.6554777311  
0.4539211424  -0.3303213841  0.8275526447  
-0.01152983319  0.3835922631  0.9234305814  
-0.7670828302  0.6335394242  0.1010531032  
-0.3850980178  0.5946742434  0.7057351209  
0.9774304567  -0.07958428343  0.1956937511  
0.3826553414  0.9142054225  -0.1334291392  
0.1882542476  0.1007691526  -0.9769370073  
-0.1234960267  -0.5022870786  -0.8558366796  
0.1438523454  -0.2455340221  -0.9586550718  
-0.2647360966  0.02261558072  -0.9640556699  
0.5365220822  -0.5876738969  -0.6056264907  
-0.07979938782  -0.6631923957  -0.7441827087  
-0.3876163201  -0.3938338245  0.8334557619  
0.7720328603  0.1921554559  0.605839536  
-0.9844287242  -0.1056927218  0.1404604413  
-0.6149996466  0.642531943  0.4570865749  
-0.4302612162  -0.5252917629  -0.7341279518  
-0.8646339829  0.3889102904  -0.3180516652  
0.4828951199  0.3607781837  0.7979043835  
-0.1859095239  0.963139793  0.194420647  
-0.6639650264  0.4690006047  0.5823992415  
-0.6565868907  0.6349701052  -0.4070707807  
0.5371222974  0.02258756616  -0.8432018972  
0.0001623749734  -0.1326425538  0.9911639252  
0.3763931527  0.7764977696  0.5053507777  
0.2204600435  0.1587676612  0.9623877592  
0.133486737  -0.7390242332  0.6603214927  
-0.0796799484  -0.9607326078  0.265789319  
-0.5207071756  0.4492304851  0.7259862317  
0.2512014126  0.5980353532  0.7610857813  
0.1474621812  -0.913641355  -0.3788329177  
0.8178557474  -0.00879939481  -0.5753560177  
-0.7770201864  -0.5763606037  -0.2530772302  
0.4883632211  -0.2937288876  -0.8217205759  
0.2632229049  -0.09673736134  -0.9598726922  
-0.1197003741  0.8253215566  0.5518298186  
-0.2799181768  -0.9598173266  -0.01991265535  
0.5279647674  0.1855747143  0.8287431627  
0.2827225018  0.5322933629  -0.7979547373  
-0.03298687838  -0.9974685802  0.06299442298  
0.2197412085  0.7437650845  0.6312901871  
-0.2577315002  0.6193662933  -0.7415927916  
-0.4997487587  0.6944609091  -0.5176632341  
-0.1083370498  -0.5868455916  0.8024184291  
-0.5560484632  -0.4742168771  0.6825895253  
-0.4491611465  0.8013377633  0.395110179  
0.9421658436  0.2848541273  -0.1765832645  
-0.2726484647  -0.9170103169  0.291126937  
0.7522030385  0.6537029293  0.08284364268  
-0.9267671197  0.1988674707  0.3186760658  
0.5886686487  -0.7453000638  -0.3130447842  
0.3994085157  0.0741694842  0.9137678727  
-0.1825929658  0.1762098088  -0.9672693069  
0.0003212567308  -0.9631818016  -0.2688507279  
-0.9764987683  0.1725773435  0.1291015726  
-0.9410285458  0.3382683677  0.006307719992  
0.8457720667  0.2923550855  0.4463161606  
0.02944319084  0.8963139654  0.4424413791  
-0.6015057379  0.1493329577  0.7847869233  
-0.6477991033  -0.7273015416  -0.2266909555  
-0.4185191156  -0.5788856696  0.6998093536  
0.7930363684  0.3298755608  -0.5121283362  
-0.8248003156  -0.5618793152  0.06321451188  
0.9199306943  -0.3420197392  -0.1917029361  
0.9379024482  0.1443281162  -0.3154495088  
0.7001173093  0.7078297709  -0.09387634722  
0.7229894833  -0.6291030949  -0.2855091996  
-0.3564682414  -0.8656572148  -0.3515223738  
-0.1886123196  0.8367902506  -0.5140111568  
-0.9103012195  0.01894934248  0.4135125297  
0.3325880761  0.8329741382  -0.4421982098  
-0.3195524491  0.2768472187  0.9062239512  
-0.1717921165  -0.3334481112  -0.9269842641  
-0.6390171723  0.7560297646  0.1416899738  
0.9408373528  -0.2843012866  0.1843850701  
0.7797658596  0.47303791  0.4101223474  
0.03543457322  0.2049728828  0.9781260186  
-0.7048664642  0.3879456566  -0.5938530418  
0.2591960162  -0.949570143  0.1764482043  
-0.7568931992  -0.6072280459  0.2416335762  
-0.4366709168  0.1247037438  0.8909362978  
0.5290104213  0.6498045178  0.5458040517  
0.7552334586  -0.4805219797  0.4457813926  
0.4970793209  0.8404322641  0.2158373421  
-0.5347733208  0.1740999761  -0.8268655838  
0.3808796366  -0.1499488377  0.9123848138  
0.04333567871  -0.9948407089  -0.09172776472  
1.006744056e-05  -0.8359835041  0.5487545725  
-0.5470138353  0.8214924594  -0.1610155367  
-0.9400420121  -0.01300707311  -0.3408105509  
0.1952737719  0.9722467601  -0.1288580282  
0.3241039336  0.9272362083  0.1875890569  
-0.09085568712  -0.02181031127  -0.9956252078  
-0.5213264167  -0.7618522581  -0.384447531  
0.2641211155  -0.7229481447  -0.6384246364  
-0.2046783459  -0.8541322756  -0.4780845432  
-0.2887565779  -0.250542908  0.9240389007  
-0.6597396063  -0.5340121495  -0.5287482161  
0.879639277  -0.4555471057  0.1367902661  
-0.624297123  -0.1664084113  0.7632570621  
-0.0514920401  0.5529101012  0.8316483571  
