1  0  0  
0.7156961102  0.6216575662  -0.3183095163  
-0.5316993266  -0.8436056454  0.07500227433  
-0.1367557204  -0.2373230947  -0.9617565293  
-0.5289367047  0.2042023922  0.8237277132  
0.3947576862  0.8201096235  0.4142300987  
-0.5040051405  0.459404737  -0.7313864273  
-0.5826981558  -0.7213821163  0.3742602055  
-0.769742538  -0.4711065943  -0.4307609569  
-0.7179819852  0.6564646731  -0.2314216972  
0.05416113122  0.9958673507  -0.07290261834  
-0.9628820669  0.101007638  -0.2503109713  
-0.1908126906  0.9463532423  -0.2607797112  
-0.6006593928  0.100686182  -0.7931397018  
-0.2605693992  0.8674827265  -0.423765628  
-0.3726455179  0.5004137313  0.7814866701  
0.8790682116  -0.4737523087  -0.05289451113  
-0.9790681481  -0.1686729336  0.1139078698  
-0.9440322366  -0.3296503071  0.0115676863  
-0.8340934706  0.08291131737  -0.5453565768  
0.1264824751  -0.842748456  -0.5232372535  
0.885755655  0.4470209162  0.1249368642  
-0.5316434133  0.8114849095  -0.2425850833  
-0.3426233619  -0.03106279823  0.9389591762  
-0.2268527388  -0.8215512298  -0.5230596636  
0.4257491678  -0.615287941  0.6634443426  
-0.3408839307  0.7534127692  -0.5622875999  
0.6620546734  -0.254709184  -0.7048452603  
-0.7949271462  0.584915814  0.1611344868  
0.7391872036  0.002984823053  0.6734934067  
-0.9804165532  0.1677141951  0.1032246625  
-0.6658950071  0.3640741837  -0.6511787991  
-0.1636464169  0.9587096342  0.2325847964  
-0.9426303587  0.1712444812  0.2865716919  
0.8571893107  0.3345341361  -0.3915525476  
-0.9843651536  -0.1643573491  -0.06333960979  
0.03416646704  0.837159584  -0.5458905416  
-0.4384793438  0.1915210124  -0.8780976978  
0.8717870641  0.4851744492  -0.06777218218  
0.2045372933  0.4919176274  -0.8462750992  
0.6369853006  0.5693663655  -0.5196842009  
-0.6798533511  -0.6346365205  -0.3674723226  
0.7523432254  -0.4329779058  0.4964975371  
0.1291106444  -0.9879132718  0.08577767085  
-0.1668206412  0.7317198958  0.6608758338  
-0.634271292  0.5782139982  0.513194408  
0.6058359248  -0.5297554452  0.5935671828  
-0.8064315685  0.5850659331  -0.08582528353  
-0.7853301991  -0.2307989086  0.5744461177  
0.9191489844  0.006444535  0.3938573504  
0.3995136288  0.4801102019  -0.7809500973  
0.7121605032  -0.183668266  0.6775643037  
-0.7968921967  -0.5494275123  -0.2511816785  
0.6113464054  0.2706720436  0.7436344649  
-0.273551852  -0.6190918964  0.7361349116  
0.4363260046  -0.7999150915  0.4120139126  
-0.8589779736  0.3608260378  -0.3632649326  
-0.7663942178  -0.4847665428  0.4214751498  
0.1954354038  -0.5968567433  -0.7781818752  
0.08097692104  0.8886096227  0.4514594962  
-0.8867850476  0.4381226193  -0.1471762544  
-0.07867640551  0.3215490554  -0.9436186879  
-0.04217184788  0.724893329  -0.6875690487  
-0.6202049802  -0.08611800639  -0.7796983209  
0.4343322978  0.1819899318  -0.8821763542  
-0.3108006709  0.9453553282  -0.09852028461  
0.6923632469  0.6974021448  0.185103708  
0.0366334332  -0.5193950608  -0.853748653  
-0.6448421045  0.06240125516  0.761764231  
0.7227560795  0.3964749204  -0.5660665041  
0.4805453085  -0.8728014794  0.08540365312  
-0.8001168418  0.2657810381  -0.5377485279  
-0.280910476  -0.4627981688  -0.8407777111  
-0.5844963917  0.8087835191  0.06506294807  
-0.3170711147  0.5361336043  -0.782321332  
0.002792836818  0.4770008727  -0.8788983829  
0.2188281124  -0.2767006627  -0.9357088225  
-0.1277383516  -0.3493294706  0.9282520318  
-0.2475529458  -0.9685073979  0.02666381861  
-0.1487137377  -0.7402174685  0.6557151238  
0.9813380816  -0.002327635193  -0.1922762378  
0.2001396525  -0.4371237034  0.8768506072  
-0.6657195681  0.7150428856  0.2133802439  
-0.3257975176  -0.1160512327  -0.9382899813  
0.1808869628  0.9620084  -0.2044987654  
-0.5032978242  -0.6857428466  0.5257832714  
-0.1189113487  0.5893446867  -0.7990825561  
0.7269775547  0.08584514124  -0.681273988  
-0.2406268189  -0.9060727562  -0.3480386394  
0.8366972168  0.02395754303  -0.5471414839  
0.3839138486  -0.3332756694  -0.861125708  
0.4600395057  0.5912202645  -0.6624366022  
-0.4807917116  0.6889983303  0.5423288956  
0.6022520858  -0.711333311  0.3623497563  
0.7281540009  -0.5923948297  -0.344760956  
0.5143142479  -0.5465298445  -0.6608978616  
-0.589970848  -0.1336856819  0.7962804386  
-0.1346159085  0.1367562341  -0.9814154521  
-0.07920234007  -0.6179388864  0.7822266436  
-0.845041737  0.4580528677  0.2758478442  
0.07029194638  -0.9256493364  -0.3717961113  
0.8697245441  0.3807464661  0.3140244352  
-0.9196952388  -0.3365008844  0.2023062591  
-0.03147780844  0.176522198  0.9837932004  
0.01184710693  -0.6708098184  -0.7415347825  
0.6574806824  0.2765866262  -0.7008701666  
0.3884117843  -0.3715172797  0.8432740935  
0.2552521763  -0.8819106039  -0.3963332099  
0.07093978298  0.9613670739  0.2659716083  
0.2529487831  0.2097125693  -0.9444773959  
0.7198408519  0.3686914033  0.588129065  
-0.9284634962  0.003302181392  0.3714089819  
-0.3452511758  0.9066811154  0.2423447556  
-0.4313922952  -0.5029734413  -0.7489448611  
-0.9187696159  -0.1854941898  -0.3485029389  
-0.5856575669  -0.4405587069  -0.6803772777  
0.6427792811  -0.7583691981  0.1082171667  
0.8707970069  -0.3115031312  -0.3803661026  
-0.3050815088  -0.6231895867  -0.7201111109  
-0.3745711846  0.1539866007  0.9143219097  
0.2641906087  -0.262503588  0.9280599057  
0.2468272158  -0.9665204205  -0.07010422509  
0.1687025472  0.721779835  0.671247585  
-0.522213321  0.6738312423  -0.5227281361  
-0.221710371  -0.8367494538  0.5006943808  
0.7663043703  -0.4498501669  -0.458707357  
0.9347880503  -0.2814609298  0.2166819003  
-0.05857638974  0.9938022357  0.09447710241  
0.5303539239  -0.3847400931  -0.7554467395  
0.8436742115  0.1057578176  0.5263355478  
-0.6596116239  0.4251850684  0.6197823515  
-3.040802972e-05  0.001005708453  -0.9999994938  
-0.5334156217  -0.7042928848  -0.4684434939  
-0.3700523117  -0.9169633763  0.1491289812  
-0.479297496  -0.1758254498  -0.8598600593  
-0.3296047146  -0.3507590294  0.8765436871  
0.008743707715  -0.9691973759  0.2461300349  
0.643862219  0.5488000687  0.5331603207  
0.2347962086  -0.6822647903  0.6923767012  
-0.6924254494  0.5802937689  -0.4287261816  
0.1551734073  -0.808895276  0.5671063798  
-0.5094197939  -0.3275711989  0.7957314768  
-0.3108258305  0.7777381595  0.5463612893  
0.942684893  0.1725963412  -0.2855795784  
0.4028698029  0.8051904978  -0.4351599525  
-0.5604412948  -0.82004132  -0.1159214761  
0.9264395878  -0.3317349083  -0.1779371818  
-0.4280618984  0.8099062559  0.4010172911  
0.3065827004  -0.07423106561  0.9489450968  
-0.04824751393  0.3506049065  0.9352798388  
0.5869417983  -0.7120929956  -0.3852569156  
0.2705687272  0.9467262521  0.1746481243  
0.9848562003  -0.1514281725  0.08442614149  
0.9758600198  0.0670393493  0.2078531872  
0.514561738  -0.8238143661  -0.2378152813  
-0.8318218673  -0.2847677188  -0.4764238947  
0.470602785  -0.00645741067  0.8823215517  
-0.5816783584  -0.4569196127  0.6729596978  
-0.8795116954  -0.1645924199  0.4465070134  
-0.7961445493  -0.6020189769  -0.06104922759  
-0.9479172144  0.3181597157  -0.01507813011  
0.6371414116  0.7463628761  -0.1923363692  
-0.768256692  -0.6263982035  0.1319353852  
-0.1172455694  -0.9881983607  -0.09857726101  
-0.4214907833  -0.874396766  -0.2403660023  
0.3670098846  -0.8921173699  0.2634963814  
-0.7792119858  0.2905352767  0.5553538818  
0.3324047854  0.7275610477  -0.6001349686  
-0.2142349403  0.4430488783  0.8705234527  
0.1372646167  0.5790200975  0.803675402  
0.1200269397  0.4113946744  0.9035197594  
0.9418479592  0.2781667479  0.1885356254  
0.2005419423  -0.1070531112  -0.9738185461  
0.4554099055  0.3455117422  0.8205019524  
0.8979479117  -0.1862417905  0.3987524839  
0.3003175534  0.29293806  0.9077426178  
0.8360358317  0.487732251  -0.2513191986  
0.5019776954  -0.01464001747  -0.8647566497  
0.4945802079  0.6089712325  0.6201164858  
0.8059244433  -0.5141134095  0.2935527104  
0.5612014734  0.7712117508  0.300475193  
0.5605634981  -0.2845900288  0.7776741477  
0.1646416904  0.05806209294  0.9846430354  
0.4205238821  -0.90378723  -0.07955065949  
0.07811190889  -0.9066714532  0.4145424052  
0.72663736  -0.68621664  -0.03323958581  
-0.7398206674  -0.1907636554  -0.6451934654  
0.1099225272  0.9179237205  -0.3812257615  
-0.296627701  -0.8975347916  0.3262565017  
-0.1656541796  -0.06240154901  0.9842076709  
0.6773342628  0.7356622092  -0.004405731855  
0.3483410218  -0.6494855285  -0.6758898437  
0.4093686646  0.9110941949  0.04821477346  
-0.04446379299  -0.1950281387  0.9797892611  
0.0247376487  0.7969926306  0.6034822247  
0.4819154435  0.8348730122  -0.2659784932  
0.7645548991  -0.1164374726  -0.6339543527  
0.3662174215  0.7287146324  0.5786707049  
-0.8693311892  0.1484558966  0.4714065446  
