1  0  0  
-0.4018358215  -0.8093722429  0.4283042668  
-0.7794143202  0.4849912793  0.3966065763  
-0.3739502842  0.2264011815  -0.8993907326  
0.3960809046  -0.5489877796  -0.7360246836  
-0.9509889072  -0.299104483  -0.07846404705  
0.59974742  0.6246924099  0.5000624212  
0.5147609136  0.6867100796  -0.5132742624  
0.7791881108  0.1830394458  0.5994684723  
-0.7592703116  0.637584252  -0.1303645481  
-0.08867259276  -0.9861369341  -0.1402537647  
-0.9529043283  0.2797582908  0.1170839011  
-0.2072284411  0.9395734069  -0.2725035528  
0.7555065421  0.005274176964  0.6551198729  
0.32551561  -0.8613067318  0.3901157538  
-0.3007769128  0.4093656239  0.861366957  
-0.6658082323  0.7457320654  -0.02414714243  
-0.94431095  -0.281397226  0.1705650343  
0.6779296931  -0.1394377446  -0.7217814396  
-0.8652093867  -0.04403005273  -0.4994737948  
-0.5510046646  0.7135458831  0.4327194614  
0.2284603533  -0.9700078418  0.08300996255  
0.5553186314  -0.6160432816  0.5586697529  
0.25918302  0.04071379998  -0.9649697138  
0.03844034973  0.7444532565  0.6665670922  
-0.6679981061  0.4594644002  -0.5853810683  
0.5152435175  -0.4993027676  0.6965779668  
0.7918592142  -0.03611010236  -0.609635174  
-0.7219940363  0.4054889289  0.5606276305  
-0.9449150204  0.2309910325  -0.2319024517  
-0.981715357  -0.1204964517  -0.1473620134  
-0.8291239044  0.1316469725  -0.5433439296  
-0.2576751814  0.8480543232  0.4630414298  
0.7733433156  -0.2297071306  -0.5909101034  
0.7805556277  0.5435690248  -0.308651304  
0.9835548215  0.1768788527  -0.03652101427  
0.1627457458  -0.5319706993  0.8309759307  
-0.6555626619  -0.1454808163  -0.7409945536  
0.9000232974  0.4354103567  -0.01938776737  
0.09500764421  -0.7746009201  0.6252735099  
0.7996841409  0.5890156395  -0.1164725344  
0.02038297816  -0.5955390976  -0.8030676917  
-0.2084915489  -0.3199106967  -0.9242231442  
-0.113576399  0.4509845382  0.8852758598  
-0.1317235661  0.6952523239  0.7065926042  
0.6452847853  -0.7294683434  0.2268997174  
0.6184559255  -0.335560304  0.7105712847  
-0.796191498  0.6033655619  0.04504550071  
0.6285922275  0.5286335477  -0.5704545413  
-0.3693152531  -0.2416471629  -0.8973365547  
0.133216081  0.6304346617  -0.7647258418  
-0.4520201531  0.05516790761  -0.8903001085  
-0.8097222469  -0.5830157843  -0.06665191844  
0.8718025717  0.2223415852  0.4364911173  
-0.7612634143  -0.4515676447  0.4653651  
-0.5948849968  0.7021865436  -0.3912108108  
0.7759443507  -0.561794278  0.2868755021  
-0.6595904728  -0.6260504169  0.4159342301  
0.2252536637  -0.5663203928  -0.7928064075  
0.1290221255  -0.8094402223  -0.5728523524  
0.9426567001  -0.02242392817  -0.3330097794  
-0.08627137946  0.3784554789  -0.9215903101  
-0.1546078326  0.8721927233  -0.4640864915  
-0.9412928068  -0.08312190589  -0.3271981062  
0.3763361876  0.1597668831  -0.9126037568  
-0.2146941466  0.1263993899  0.9684676647  
-0.466618351  -0.6418423812  -0.6085274621  
0.5243957533  0.4701349205  0.7099170729  
0.5300418439  0.1207202912  -0.8393344119  
-0.4737591928  -0.5828686072  0.6601639297  
0.5318849346  -0.8385994647  0.1176832791  
-0.877658053  0.399386224  -0.2649660093  
-0.3670860995  -0.5613182132  -0.741734224  
0.4862846347  -0.8195847993  0.3029983676  
-0.9788945626  -0.08082732792  0.1877028992  
0.0219591966  0.5151384762  -0.8568256205  
0.02791799423  -0.1307089476  -0.9910276266  
0.1011798304  0.3605753376  -0.9272260069  
0.1052047959  0.9935248753  -0.04289840484  
0.02584205869  0.8499792695  -0.5261819356  
0.9825018079  -0.1031307268  -0.1550943285  
-0.4541822921  0.3683840843  -0.8111791491  
0.5480269089  -0.8327796855  -0.07838687721  
-0.6564868505  -0.6783004991  -0.3300506749  
-0.2802276319  -0.9501782253  0.1365057304  
0.3451332816  0.7243904445  -0.5967759227  
0.2735776755  -0.3848388493  0.8815068437  
0.5659317443  0.4201597809  -0.7093567645  
0.1020554107  -0.9141862937  -0.3922347685  
0.7682286301  0.1591375018  -0.620080662  
0.3541769747  -0.2381066948  -0.9043582656  
-0.1301258587  -0.7538330184  0.6440520486  
0.6888085916  -0.643408045  -0.3340191786  
-0.3980196364  0.6508472554  -0.6465123504  
-0.6342380503  0.3153037376  0.7059218431  
0.7963211644  -0.4223861193  0.4329694785  
0.6339288022  0.2401221094  -0.7351704879  
0.5462499936  -0.2001784868  0.8133507963  
0.2871634643  0.6935480246  0.6607028699  
-0.4089470119  0.8949684882  0.1783080102  
0.3945943007  -0.7574955884  -0.5200920798  
0.9797312186  -0.05715374177  0.1919900756  
-0.7117301025  -0.3498824288  0.6091162017  
-0.008447129023  0.204582584  -0.9788128587  
-0.1522233409  -0.6309661289  -0.7607297804  
0.3972409309  0.4665556398  -0.7902692438  
-0.1038759977  0.02958010479  -0.9941502877  
-0.5633854226  0.7846818039  0.2585949192  
-0.07087699363  -0.9435730252  -0.323490955  
-0.3012981255  -0.3310889116  0.894203317  
-0.7746700626  -0.3573595494  -0.521709159  
0.9250809882  0.1776331614  -0.3356659428  
-0.8047099631  0.5508333148  0.2214148471  
-0.6486224433  -0.4815976294  -0.5893663117  
0.9379552129  -0.3384180869  0.07558582635  
0.3905395193  0.4004971862  0.8289034248  
-0.3972581823  0.9176695598  -0.00827742103  
-0.4683721214  0.3900367705  0.7927792086  
0.8623138681  -0.4947821617  0.1077283871  
-0.4029264982  0.05410067034  0.9136319579  
0.1856061427  -0.2294947342  0.9554488614  
0.3588038048  0.7808986297  0.5113288176  
0.3233288175  0.08406424782  0.9425453188  
-0.226154164  0.6636184121  -0.7130672459  
-0.1250988124  -0.9104060234  0.3943490327  
0.5732751034  -0.4808767618  -0.6634102771  
-0.08648719511  0.9730698811  0.2136702402  
-0.2570779117  0.9231213161  0.285933529  
-0.6774695519  -0.05270404892  0.7336602003  
-0.6902221459  -0.7078386412  -0.1501927005  
-0.4913532803  0.6300585716  0.6013303171  
-0.846977331  -0.398641627  -0.3517303711  
0.03332714838  0.8654763123  0.4998400285  
0.05679666557  -0.9860889985  0.1562133983  
0.666068572  0.3200859262  0.6737192718  
-0.2166741528  -0.485932388  0.8467124812  
0.04096599042  -0.9394627688  0.340193318  
-0.2190790349  -0.8827960526  -0.4155424238  
-0.3455888508  0.5247683013  -0.7779373857  
-0.6939743703  0.5697050844  -0.4402677483  
0.04037997689  -0.6624987397  0.747973848  
-0.4767015319  -0.301655244  0.8256874489  
0.4159535355  -0.8378278026  -0.3535918969  
0.8688386377  0.3564425777  -0.3436104051  
0.2850250032  0.9033159433  -0.3205948441  
0.697953708  0.7153499211  -0.03369142236  
0.8434050125  -0.3138542091  -0.4360774246  
0.6475768559  -0.568575491  -0.5073126518  
-0.5342372027  -0.29030207  -0.7939240011  
0.2723458147  -0.07784084789  0.9590456504  
0.245495655  -0.9639325831  -0.1027903619  
0.8838986334  -0.3866609231  -0.2630903577  
-0.9302478036  0.2098604074  0.3009944074  
0.8819007202  0.4384116129  0.173338909  
0.9230325823  -0.09266145237  0.37339618  
0.737667427  0.523754933  0.4260604856  
-0.5669887465  -0.8218905448  -0.05495173978  
-0.3021198609  -0.6173967234  0.7263228453  
-0.8321785906  -0.2615736277  0.4889356099  
-0.6875421811  -0.6886560611  0.230301061  
-0.8745331343  0.1279157778  0.4677919951  
0.4306819518  0.9014769209  -0.04303971954  
0.5746333781  0.8068311603  -0.1371858573  
0.6914013093  -0.7051940338  -0.1570528708  
-0.4124181586  -0.8992394358  -0.1458756306  
-0.4423004192  0.7533178368  -0.4867058413  
0.5176596671  -0.2229778904  -0.826020175  
0.2319337865  0.8278587456  -0.5107412417  
0.1650104763  -0.2912314151  -0.9423140695  
-0.06839574366  -0.4588781329  -0.8858627892  
0.02199646744  0.2982026057  0.9542491086  
-0.9842727235  0.1723738138  -0.03865842749  
0.7830755134  0.5685014804  0.2521880391  
0.1584518446  0.1490291612  0.976054979  
0.7624312992  -0.3002021456  0.5732165261  
0.2326985172  0.4886933958  0.8408508577  
0.5540354623  0.7624643909  -0.3342046666  
-0.6154914191  0.02906964644  -0.7876073061  
0.2437599115  0.9410071451  0.2347054715  
-0.8739018101  0.2621709153  -0.4093434224  
0.545271799  0.8033375004  0.2394316723  
-0.7015008178  0.1686405256  -0.6924283182  
0.5049447904  0.1158460691  0.8553422981  
-0.0716960153  0.9969876229  0.02958650316  
0.2762604518  -0.7766633763  0.5661043744  
-0.3701117695  0.9083501551  -0.1947235829  
0.9291286195  0.262252263  0.2606602366  
0.117845656  0.9678442425  -0.2222384387  
-0.265182482  -0.9629276782  -0.04948270251  
-0.0794606694  -0.04098087672  0.9959952659  
-0.8756072163  -0.4436873718  0.1909280466  
-0.2995547037  0.6964419306  0.6521009253  
0.3843004057  0.8620027513  0.3305517433  
-0.1822438811  -0.2045317528  0.9617452521  
-0.50611705  -0.7537042642  -0.4192557857  
0.8909069773  -0.4472033489  -0.07933424618  
-0.5565625526  0.05267388892  0.8291342391  
-0.1801020437  -0.7989113063  -0.573850136  
-0.8734797613  -0.07146057641  0.4815874715  
-0.4358719207  -0.8692288383  0.2333600124  
