1  0  0  
-0.420257056  -0.7805333655  0.4627652454  
0.2803396779  -0.9555860485  0.09091187492  
-0.4763530791  0.1821456837  -0.860180617  
0.3229305716  -0.03824889402  -0.9456494425  
0.9195279134  0.292909982  0.262053733  
-0.7044704405  0.1952193385  -0.6823568042  
0.3309690192  0.7143227047  -0.616605694  
-0.6486742676  -0.1005231843  -0.7543982927  
0.6255253219  -0.7685367011  0.1344225079  
0.1581310036  0.9792643561  0.1266329599  
-0.9197377988  0.3898424075  0.04588331777  
-0.1656048229  0.9548049891  -0.2468247868  
0.7677503784  0.1781440487  0.6154868434  
-0.2328004812  0.8807165339  -0.4124831183  
0.3624953223  -0.5130691594  -0.7780470288  
0.7103555792  -0.7035742256  -0.01944891133  
-0.9305017152  -0.3466484178  0.1183276483  
0.7216956942  -0.1743409866  -0.6698959212  
0.9207860857  -0.06187494798  0.385129167  
-0.2420305393  0.8802554345  0.4081318268  
0.08297255669  -0.4516279782  -0.8883398697  
-0.3854827384  0.9209010869  0.05782946108  
0.171228611  0.07570672508  -0.9823183061  
0.1617638254  -0.8099290337  -0.5637795891  
-0.5355427834  0.7035746418  -0.4670938348  
0.5749114066  -0.5685105419  0.5884493507  
0.7461210405  0.2020820579  -0.6344022658  
-0.7334483375  0.4515850609  0.5080595133  
-0.9440979235  0.1994144265  -0.2625128519  
-0.9772484272  -0.1539754907  -0.1458665821  
0.5007680664  0.0197655129  0.8653558044  
0.3105110514  -0.9200571266  -0.2389095449  
0.9584516443  0.1920038184  -0.2109620329  
0.8451392607  0.489726634  -0.2142602481  
-0.9421786234  -0.327219469  -0.07229703082  
0.2416671456  -0.4341932046  0.8677979326  
-0.524428716  -0.2061289084  -0.8261267427  
0.8743529297  0.4848837406  -0.01986736812  
-0.05246978391  -0.6066600555  0.7932278984  
0.6723488286  0.7402045858  -0.006650105363  
-0.5599577645  -0.7830624881  -0.2706666615  
-0.6617169693  0.4158173308  -0.623880277  
-0.2317877135  -0.826657969  0.512748533  
-0.1923817113  0.5720172427  0.7973616189  
0.2937207644  -0.2200844283  -0.9302101682  
-0.6826846662  0.5727190913  -0.453800054  
-0.7571819976  0.636928941  -0.1449032317  
-0.666384879  -0.5610291849  0.4910982048  
0.3841201719  0.3064576313  0.8709393858  
0.1550486671  0.4634620547  -0.8724464652  
-0.8321027445  0.117879386  -0.5419496959  
-0.7922212448  -0.6049366206  -0.08023206483  
-0.8596689924  -0.0663668279  -0.5065221294  
0.7920674758  0.4535681171  -0.4085401778  
-0.4132264471  0.3664655092  -0.8336347725  
0.7864922144  -0.5418934941  0.2962793239  
-0.5922309492  -0.7030577281  0.3936652561  
0.2702264532  -0.6828834367  -0.6787104507  
-0.05591721309  0.9001016209  0.4320767725  
0.9631374237  -0.1352700821  -0.2325259297  
-0.135427222  0.3050743925  -0.9426500319  
0.04262743277  0.8401428645  -0.5406874043  
-0.9341750032  -0.121629879  -0.3354448329  
-0.3447642087  -0.1428699248  0.9277531056  
0.5801244539  -0.2532568892  -0.7741553888  
-0.21226428  -0.2312620506  -0.9494533898  
0.2843250341  0.640846896  0.713074001  
-0.4620344573  0.1459509355  0.874769961  
0.5131590374  0.6529156544  -0.5571076651  
0.4566833824  -0.881356302  0.1210427904  
-0.8792448505  0.3826336303  -0.2837604585  
0.468853362  0.5660312481  0.6780745912  
0.4107421304  -0.8151929424  0.408352016  
0.6590124461  -0.6850867656  0.310417009  
-0.05164764956  0.4761514083  -0.877845292  
0.1163787746  -0.2831908978  -0.9519763107  
-0.04300591658  -0.342482191  0.938539525  
-0.2319112715  -0.9262732276  -0.2970438856  
-0.04512143496  0.7240828242  -0.6882355119  
-0.9837391623  -0.02352791295  0.1780553222  
0.1694400638  -0.1250846008  0.9775704105  
0.4768705633  -0.8543251733  -0.2066953414  
0.6492155463  0.6625371295  0.3735822887  
-0.4269580925  -0.9042323369  0.008406435189  
-0.3128188812  -0.8819572351  0.3525560708  
0.5022714921  -0.4747827785  0.7227064836  
-0.7179612554  -0.391636117  0.5754587628  
0.1058732484  0.6962195084  0.7099783457  
0.6308882565  0.1220082158  -0.7662205969  
-0.7161464899  -0.5181920854  -0.4675587317  
0.2302508143  0.6201486051  -0.7499335104  
0.8484257273  -0.3742717309  -0.3742919404  
0.2364535638  -0.6938220106  0.6802210889  
0.8392869276  -0.09414247463  -0.5354760943  
0.2309229306  0.3980380491  0.8878289878  
0.4826494622  0.4063140709  -0.7758597634  
0.579179733  -0.3022036637  0.7571154354  
0.8248027816  -0.5642149382  -0.03690358906  
-0.7420928358  0.6377059355  0.2064687939  
-0.43812083  0.6186090741  0.6522062188  
0.9776257283  -0.01079169142  0.2100749266  
0.8293180734  0.2794786876  -0.4838627867  
0.01114457418  0.1717607874  -0.985075647  
0.004307888375  -0.5853527701  -0.8107672765  
0.5825238805  0.4938760791  -0.6455635887  
0.1950830969  0.05361142762  0.9793203767  
0.5938671358  -0.539682533  -0.5967114785  
-0.0259852682  -0.8121346354  -0.5828911561  
0.3409448205  0.3247129453  -0.8822234029  
0.8591609125  0.2466581224  0.4483327973  
0.983609186  0.1772141343  -0.03328843353  
-0.6534111419  0.6165133297  0.4392780372  
-0.1619635872  -0.5438349541  -0.8234144394  
0.9407189326  -0.3193044355  0.1144227573  
-0.5691676867  -0.6224740718  -0.5371910036  
-0.2077012339  0.9742753894  0.08745091798  
-0.6685642893  0.358553295  0.6515069652  
0.05070628092  0.9573647985  0.2843967575  
0.4893201533  0.03956741586  -0.8712061795  
0.3079112688  -0.2460251492  0.9190550998  
-0.2160589648  -0.7792063707  -0.5883501981  
-0.3650964063  -0.126977204  -0.9222697023  
-0.3243255761  0.7711132705  -0.5479025869  
0.05489715376  -0.9146155611  0.4005804262  
0.5220590504  -0.4397862346  -0.7307820576  
0.855684314  -0.4791800502  -0.1954247533  
0.1319260961  -0.9552171566  -0.2648691921  
-0.7446048554  -0.0112882794  0.6674100569  
-0.6858796688  -0.7059971122  -0.1764572401  
-0.4240028187  0.3303633245  0.8432565941  
0.8712321292  0.4575920593  0.1776628391  
-0.3406798733  0.7713196119  0.5375902531  
-0.2567395737  -0.9658472304  0.03498455225  
-0.7551218143  -0.3558546124  -0.5505983477  
-0.3191575702  -0.4832266201  0.8152487222  
-0.1004137532  0.9923902363  -0.07126497747  
-0.3930585352  -0.7108228524  -0.583297403  
-0.337774019  0.5493623755  -0.7642706932  
-0.5254222442  0.803699492  -0.2792822801  
0.1480559692  -0.5926653749  0.7917241839  
-0.4958566761  -0.2265939702  0.838320541  
-0.4205552588  0.8246981391  0.3781616767  
-0.8893855308  -0.3370751846  0.3088263224  
0.1979340408  0.9569576843  -0.2122595249  
0.6529424721  0.7271577239  -0.2119145411  
-0.7982186883  0.2777062641  0.5345335878  
0.5863819003  -0.7379327997  -0.334082999  
-0.5126465636  -0.3938184092  -0.7629551503  
-0.34623013  0.06246799821  -0.9360675436  
0.02504382949  -0.9937606246  -0.1086859124  
0.7722875206  -0.2955221263  0.56235101  
0.9769491246  -0.2019801663  -0.06909718086  
0.6241875469  0.4644288695  0.6282481448  
0.9277838467  -0.01670644903  -0.3727439179  
0.3439769143  -0.9021120015  0.2605260433  
0.5423213204  0.8339005672  0.1024569635  
-0.4223232922  -0.577850458  0.6983780388  
-0.6242795332  -0.309483075  0.7172832709  
-0.7729089135  -0.6245654795  0.1119364696  
-0.8977635977  0.20025914  0.3923223159  
-0.9247907851  0.3110618027  0.2190948622  
0.4941898462  0.8186477528  -0.2925615368  
0.7708992751  -0.5358022115  -0.3444274929  
-0.4099728524  -0.8661438847  -0.2858619094  
-0.4238462175  0.6490938499  -0.6316894474  
-0.8454100771  -0.08690789992  0.5269998278  
0.1285095955  0.9151747781  -0.3820214777  
-0.2574603681  0.3989045013  0.880107583  
0.06377089444  0.3703296251  0.9267088225  
-0.6265132804  0.7612340177  0.1673435981  
-0.9848255674  0.146164342  -0.09356594997  
0.7730635608  0.5696870209  0.2789792629  
0.03799070066  0.1861988484  0.9817773146  
0.8727254189  -0.2531252682  0.4174660966  
-0.3553217917  -0.4904242057  -0.7957578293  
-0.7350659539  -0.6015972191  0.312664084  
-0.1453732626  0.1054039888  0.983746214  
0.6508175015  0.2880523917  0.7024687889  
-0.7840095244  0.4291857017  -0.448473744  
0.4864488767  0.7571126236  0.4360595895  
0.7521947152  -0.008676020226  0.6588837812  
0.6150246213  -0.08792730576  0.7835901378  
-0.07993447608  -0.9953679203  0.05341519273  
0.138912368  -0.8171421034  0.5594480645  
-0.5511597433  0.8340840262  0.0229515703  
-0.8316369788  -0.4143367695  -0.3697363614  
-0.01606596637  -0.9727817633  0.2311655806  
0.3400830099  0.9298953857  0.14013607  
-0.01415284171  -0.005602532792  -0.9998841476  
-0.5490939697  -0.8285217822  0.1097609622  
0.5046038518  -0.7010394487  -0.5039034076  
0.1315778813  0.8843323488  0.4479325374  
-0.193481256  -0.2583425687  0.9464798576  
0.31694973  0.8367114302  0.4466059239  
-0.8647824983  0.4867199131  -0.123510958  
-0.6155825594  0.06776254389  0.7851537112  
-0.08606740297  0.7093668986  0.6995648685  
-0.913875293  -0.1572393313  0.3743096868  
0.3766871275  0.9080943025  -0.1829523043  
-0.1375883282  -0.7402492657  0.6581036974  
