1  0  0  
-0.383397224  -0.8343636511  0.3960351833  
0.08769598938  -0.1123880075  -0.9897870222  
0.3951228347  -0.2384773513  0.8871338673  
-0.2861642137  0.09744821407  0.9532124046  
-0.8466957231  -0.5260396337  -0.07992907071  
-0.7922569247  0.103914422  -0.6012742787  
0.3355210911  0.758028434  -0.5593017885  
-0.8668577234  -0.3270795825  -0.3762667062  
-0.696907397  0.6937985678  -0.181558881  
-0.357481653  -0.8028137265  -0.4771760558  
-0.9235007117  0.3729084812  0.08992052072  
-0.2235147365  0.9474731901  -0.2287700082  
-0.9265591056  -0.1420325073  -0.3483030156  
-0.3410507795  0.7778242458  -0.5278956416  
0.3590072913  -0.6029052316  -0.7124738918  
0.6105124425  -0.7280928965  -0.311697436  
0.7317349778  0.6756181996  0.090022056  
-0.6452446331  0.3230518831  0.6923126781  
-0.9480943438  0.04795991195  -0.3143516535  
-0.7031406525  0.6946645373  0.1517708916  
-0.2445757373  -0.24415117  -0.938388467  
-0.5058523614  0.7025634846  -0.5005176706  
0.3691547726  0.05752065458  -0.9275861837  
-0.1628129029  0.8110445651  0.5618706898  
-0.5236374635  0.3201502183  -0.7894983499  
0.02944754576  0.5110730186  -0.8590327186  
0.6114767941  0.1783652384  -0.7708968621  
-0.7670533779  0.4723686461  0.4341623862  
-0.93218405  0.2326391696  -0.2773299725  
-0.9454220263  -0.3001789185  0.126766751  
0.6745126859  -0.04076495505  0.737136931  
0.2910999963  -0.9147429559  -0.2801894303  
-0.9490406116  -0.05787923169  0.3097933375  
-0.6639609866  -0.6560599905  0.3588050963  
0.8705847875  0.4054722321  -0.2787012681  
0.1597967166  -0.4738811843  0.8659686094  
0.6524164981  0.1301068731  0.7466089435  
0.7784718031  0.6241409606  -0.06655609061  
0.2768051906  0.6540971695  -0.7039430228  
0.6315837503  0.7410859053  0.227801772  
0.1882548183  0.79702151  0.5738613387  
-0.6728727814  0.2231093881  -0.7053115772  
0.3463945719  0.6976580813  0.627123594  
-0.1938041168  0.5656492191  0.8015490785  
-0.6029739822  0.1486713306  0.7837851824  
-0.2849111049  0.5717678174  -0.769355071  
0.4913084587  -0.8706379064  0.02460964142  
0.7619347624  0.5025448037  -0.408539029  
0.3446070963  0.09784996155  0.9336334046  
-0.3315472568  -0.3733476697  0.8664224916  
-0.7795868042  -0.07865169518  -0.62133592  
-0.8780223854  -0.468046401  0.1000462758  
-0.9831663341  0.1184147706  -0.1391470503  
-0.7173931212  -0.4126956736  0.5612747907  
-0.3949963466  0.8943983162  -0.2098321667  
-0.7287046194  0.4494664777  -0.5166908777  
-0.5100392256  -0.7160953033  0.4765160071  
-0.3430289396  0.7316710444  0.5890574076  
0.3217142405  -0.8361916685  -0.4441660061  
-0.860770314  0.4327217708  0.2680043575  
-0.03442800215  0.3525563637  -0.935157058  
0.03527736709  -0.7548158284  0.6549874598  
0.9814840455  0.07229346591  0.1773773472  
0.7578321503  0.2048789112  -0.6194473858  
0.02528629159  -0.4894417483  -0.8716693057  
-0.4611092359  -0.4331171769  -0.774459672  
0.8294561175  -0.542862444  -0.1315405486  
0.6794364152  0.01898513285  -0.7334887337  
-0.4544340491  -0.63199962  0.6277469039  
-0.617506882  0.7121820205  -0.3338892338  
-0.8834073689  0.4065745963  -0.232998966  
-0.3257397138  -0.5686031044  -0.7553702063  
0.4590111941  -0.8113776433  0.3619047438  
-0.6432860725  -0.5484357178  -0.5342296251  
-0.09728104342  0.6248408167  -0.7746678981  
-0.1924237664  0.2470629299  0.9497015335  
-0.09191336126  -0.6518385135  0.7527672192  
-0.1867320812  -0.9541817071  -0.2338127449  
0.02424691021  0.8592082069  -0.5110512152  
0.9819183913  -0.06885959711  -0.1763366915  
0.09937017617  -0.1798125987  0.9786689928  
-0.5575306023  0.8168224707  0.148191359  
0.7567595768  0.3874738601  0.5264778729  
-0.1386993754  -0.9776646124  0.1579062665  
-0.4114365154  -0.8862086991  0.2129651037  
0.4026119102  -0.6459613894  0.6485657509  
0.625464974  0.5786426479  -0.5234178563  
-0.03859751539  -0.94016756  -0.3385191145  
0.8864079769  -0.009032927489  -0.4628167074  
-0.6172922358  -0.4243993306  -0.6624466045  
0.2153321605  0.5233529213  -0.82445969  
0.8793509134  -0.4740683134  0.04473483434  
-0.6479683512  -0.6548968687  -0.3889050105  
0.6499335352  -0.4848734055  -0.5852214798  
0.7760939968  -0.2820984904  0.5640022604  
0.2087239239  0.8604820935  -0.4647632627  
-0.5536071781  0.1341681709  -0.8218990171  
0.01552028518  0.9891535265  0.1460630745  
-0.8650686719  -0.1642824747  0.4739909929  
-0.5081338624  0.6207137104  0.5970883248  
-0.94306465  -0.2593152806  -0.2082898251  
-0.8290164553  -0.3306153846  0.451026811  
-0.01182226569  0.03020843533  -0.9994737037  
-0.1710125998  -0.6814691426  -0.7115859037  
0.4986267251  0.3599523412  -0.7885465751  
0.4239836143  -0.05500594884  0.9039979206  
0.7483750606  -0.5922377017  -0.2986457321  
0.02414549423  0.864236235  0.5025064429  
0.2691463945  0.2171889242  -0.9382905678  
0.8066216592  -0.5626391539  0.1811040621  
-0.9822193278  -0.1221237213  0.1425867763  
-0.7720722006  0.6354188511  -0.01214087216  
0.5671293341  0.2827993602  0.773555971  
-0.9808156735  0.1903928007  0.04184729507  
-0.4203731543  -0.2578882593  -0.8699310644  
-0.3283370426  0.9434245014  -0.04631410882  
-0.6396318388  0.6180029294  0.4571033691  
0.6557169234  -0.6010007582  0.4569829374  
-0.5321051131  -0.02883069803  0.8461872958  
-0.2209739023  0.3059650864  -0.9260431417  
-0.005675458469  -0.7623682115  -0.6471186129  
-0.1813338805  -0.03556546411  -0.9827782667  
0.3454313781  -0.4116256971  0.8433513197  
-0.1618298746  0.8310115003  -0.5321944927  
0.5169011839  -0.4752268077  -0.7120201173  
0.87872319  -0.1718408635  0.4453271528  
-0.1193643243  0.9609665354  0.2495906167  
-0.4498925022  -0.2086691277  0.868362788  
-0.7646888592  -0.5953533064  -0.2465874878  
0.5071127917  -0.3105395565  -0.8039911693  
0.01003370328  0.9995878418  -0.02689742275  
0.1426415032  -0.8991062919  -0.4138372597  
0.1553451027  -0.9857949484  0.06384527249  
0.8380359844  0.2061734881  0.5051615402  
-0.1515574162  -0.372258643  0.9156712578  
-0.08063072576  -0.9342555595  0.3473690193  
0.1302992031  0.3821824851  0.9148544506  
0.5618575102  0.4891753139  -0.6671009298  
-0.5683528198  0.5560517735  -0.6064499134  
-0.1525347402  -0.7697698414  0.619828641  
-0.6469299918  -0.3249309916  0.6898560983  
-0.4567324665  0.8364166175  0.3029895972  
0.7872639854  0.567664573  -0.2407744794  
-0.03850370643  0.9761206071  -0.2137896748  
-0.4542878283  -0.8908536879  0.001508582463  
0.8645204614  -0.3083364812  -0.3969042532  
-0.3917831206  0.9107904246  0.130256627  
-0.7177228527  -0.2632615831  -0.644645054  
-0.2657304959  0.1178331938  -0.9568190226  
0.2070740781  -0.9729769998  -0.102157154  
0.7615684437  -0.3324168968  -0.5563384871  
0.9404221764  -0.2591103745  -0.2201543639  
0.9298198051  0.3639858563  0.05430862262  
0.6341930799  -0.3963100618  0.663880616  
0.1979795933  -0.413949775  -0.8885097998  
-0.5048057824  -0.7850856247  -0.3589034465  
-0.3935292693  -0.5161290394  0.7607532641  
0.9233183294  0.2348289238  -0.3038727352  
-0.6160437281  -0.787082591  -0.03148205949  
-0.9285866139  0.1366630316  0.3450363985  
0.288175005  -0.8769523669  0.3845903179  
-0.6789564626  -0.7127573398  0.1760542429  
0.03174064857  -0.318333524  -0.9474472538  
0.491920602  0.572200564  0.6562016732  
0.4656717303  -0.4895215592  0.73723706  
-0.8378536114  0.1699031573  0.5187814982  
0.253672293  0.9232607157  -0.2885134634  
-0.3645079724  0.4534442896  0.813340159  
0.1539318831  0.5416983718  0.8263581846  
0.5537655414  -0.811378926  0.1871041516  
0.9815620371  0.1884340502  0.03207142147  
0.7717673424  0.499679229  0.3933139172  
0.08052847513  0.1811290713  0.9801568365  
0.8437586672  -0.3554712824  0.4021336581  
0.3028921657  0.411708269  0.859507206  
0.5422154795  0.7814390571  -0.3087966545  
0.4515726453  -0.1299957398  -0.882713574  
0.2010698424  0.8877295862  0.4141341573  
0.9483250264  -0.3025664977  0.09556756109  
0.3543865843  0.8841342532  0.3044942878  
0.8791171998  0.01537058585  0.4763577375  
-0.520634701  -0.08617336121  -0.8494196018  
-0.1772079051  -0.9831812994  -0.04418020849  
0.2225588955  -0.7136759495  0.664179326  
0.6416045338  -0.766888358  0.01502892559  
0.8703784972  0.4337339446  0.2330582266  
0.1049422081  -0.9188188979  0.3804720302  
0.334075943  0.9342833262  0.1245308423  
-0.1812182412  -0.05356576306  0.9819830233  
-0.4959900346  -0.850103046  -0.1769708924  
0.4885873566  -0.7411132722  -0.4604709684  
0.1801887389  -0.6988434216  -0.6922065374  
-0.08354740024  -0.2073751017  0.974687334  
0.507914703  0.6888224845  0.5172487209  
-0.7721785029  0.5329105833  -0.3460443178  
0.7341027526  -0.1557964054  -0.6609240718  
-0.01052080278  0.6365693457  0.7711477036  
-0.7940411495  -0.02377745851  0.6073987861  
0.5552417814  0.8214943378  -0.1298214821  
0.3024207392  0.949540291  -0.08315607139  
-0.3544048069  0.2855466637  0.8904270524  
