1  0  0  
0.4294154541  0.8702711446  -0.241309972  
-0.7551906454  -0.05721821084  0.6530031895  
-0.5327275103  0.0564792922  -0.8444000766  
-0.3525741752  0.02631498389  0.9354137975  
-0.8882193618  -0.3898035372  -0.2431451576  
0.4156310708  -0.221116723  0.8822461152  
-0.4759978226  -0.7850500878  0.3963867208  
0.7097759048  0.2172344682  0.6700950311  
0.6833267542  -0.7065623238  0.1839408317  
0.003247889281  -0.9741165658  -0.2260229358  
0.9808059966  -0.1846368573  -0.06268036397  
-0.231261599  0.9426126435  -0.2408308062  
-0.6343234779  -0.08265691362  -0.7686361688  
-0.413413804  0.6735762279  -0.6126859652  
0.4373394789  -0.3503998634  -0.8282234698  
-0.6542287752  0.7292213648  0.2005515167  
-0.9142659107  -0.3925418248  0.1001436988  
0.5701131627  -0.2270187945  -0.7895780193  
-0.8326934864  -0.1641001714  -0.5288598032  
0.5264651234  -0.5574908702  -0.641902176  
-0.8792750314  0.4747326108  0.03878617531  
0.5311352223  -0.7984047456  0.2836286972  
0.2829084722  0.1420169233  -0.948574715  
-0.3454295918  0.6460463621  0.6806632759  
-0.5846845528  0.6191698514  -0.5241876275  
-0.589974122  0.3828940815  -0.7108605051  
-0.9366914663  0.0217335212  0.3494806877  
-0.7934607981  0.1311373856  0.5943256245  
-0.8765402377  0.02411905699  -0.4807239153  
-0.9852287068  -0.1536565436  -0.07559141377  
-0.1972655592  0.03841446932  -0.9795971763  
0.337274272  -0.8938242463  -0.2955068227  
0.8828704539  -0.1709761205  -0.4373864743  
0.8446352232  0.4615400192  -0.2712418671  
0.9738717321  0.2095916693  -0.08743672843  
0.2463972449  -0.682525532  0.6880750656  
-0.621781395  -0.3918108167  -0.6781387622  
0.942402004  0.3266853132  0.07179950533  
0.005202869224  -0.5172434712  0.8558224826  
0.7711669981  0.6343754694  0.05356514528  
-0.3866295081  -0.7045369347  -0.5951011099  
-0.7886672741  0.3483594912  -0.506605957  
-0.1711253925  0.9489313198  0.2650385828  
0.1604856929  -0.6939089731  -0.7019506246  
-0.4811743545  0.7506022425  -0.4528438076  
0.7083785524  -0.2692325804  0.652467351  
-0.692193227  0.7217013624  0.003959792386  
-0.6245348027  -0.5336605634  0.5702303773  
-0.396776722  -0.2868853371  -0.8719317842  
0.1040039663  0.6351563278  -0.7653493413  
0.3069858384  0.1285634662  0.942990525  
-0.8704466671  -0.4877061459  -0.06682301194  
-0.8702101272  -0.2856475324  -0.4014222488  
-0.7407213908  -0.6128075711  0.2753156407  
0.6447154785  -0.6742117117  0.3602506345  
0.8498426807  -0.4034800492  0.3390741335  
0.632049652  0.653614255  -0.4162951395  
0.2173495562  -0.5518429737  -0.8051263893  
0.4751938269  -0.6921159878  -0.543292082  
-0.9279282093  0.3409638243  0.1506416576  
-0.1229707116  0.3767659983  -0.9181097901  
0.03033880583  0.7766739723  -0.6291717553  
0.9240715146  0.09958758249  0.3690178172  
-0.5857039446  -0.4033938684  0.7030108649  
0.4609622083  0.428730527  0.776983898  
-0.5479327887  -0.6571910511  -0.5175611861  
-0.876740399  0.3382036208  0.3419716125  
0.5429430588  0.2656516527  -0.7966442332  
0.5057649993  0.6724081443  -0.5404341337  
-0.5626507264  0.8198030657  -0.1065227373  
-0.7814628362  0.5685334877  -0.2570710195  
-0.1657668537  -0.6091631676  -0.7755266504  
0.4030951837  -0.8971135476  0.1808357145  
0.5116667901  0.5528122631  0.6577200755  
-0.1813058396  0.5405285036  -0.8215577456  
0.0494890104  -0.1455335545  -0.988114782  
0.1779991639  0.4775357067  -0.8603929024  
0.03322373394  0.9987615448  0.03703458138  
-0.2009427168  -0.7338139715  0.6489522939  
-0.9853119495  0.0352719673  0.1670815685  
-0.2499061661  0.2154302863  -0.9440003707  
0.5617890841  -0.8234530813  -0.07948614895  
-0.7000351127  -0.6796764116  -0.2190680636  
-0.2062899541  -0.9784091449  0.01264911023  
-0.2964472396  -0.881500425  0.3675269172  
0.289324767  -0.3883121164  0.874931357  
0.6881359924  0.2364737275  -0.685965766  
-0.226790525  0.8696032911  0.4385842837  
0.8090096506  0.2050210505  -0.5508808891  
-0.2670185955  0.9619769084  -0.05745865827  
0.3368723784  0.7881255097  -0.5151457868  
0.7806935123  -0.6125595154  -0.1236465929  
0.3494666864  -0.54631444  0.7611922016  
0.675978867  -0.08909774828  -0.7315149777  
-0.8042023528  0.1483975521  -0.575531704  
0.3907117216  0.4343193603  -0.8116101551  
0.5706233501  -0.2238088384  0.7901256838  
0.7709028767  0.03562447287  0.6359556994  
0.7242107236  -0.6128985546  -0.3160287798  
0.2902862437  -0.7683145665  -0.5704617636  
-0.9820393367  0.1430329159  -0.1230460325  
-0.727234099  -0.3780494665  0.5728954233  
0.01709240804  -0.02680914487  0.9994944319  
0.07732628183  -0.4622819075  -0.8833550159  
0.4772202131  0.5399215712  -0.6933581796  
0.1317079699  0.1382237235  0.9816044075  
0.5741513268  -0.7306142651  -0.3695308506  
0.05485935096  -0.9092701163  -0.4125752141  
-0.2282098056  -0.3217783502  0.918900962  
0.7605577664  0.3441146166  0.5505787997  
0.9194109849  0.2965401987  -0.2583550876  
-0.842230013  0.484879331  0.2356706165  
-0.3437090904  -0.5904710091  -0.7302109617  
-0.8806573506  0.4466247806  -0.1580156201  
-0.2262933131  -0.3033364516  -0.9256232136  
0.4302565469  -0.9027019719  -0.002907525928  
-0.6808396831  0.4497037208  0.5781209989  
0.9017184641  0.1651413172  -0.3995399314  
0.4644424  0.1100739479  -0.8787360145  
0.07567854424  -0.2022268483  0.9764102927  
-0.2507565974  -0.8311722147  -0.49625989  
0.5615436515  0.2584685975  0.7860424363  
-0.1405632397  0.7969144371  -0.5875111535  
0.1181833574  0.9335098782  -0.3385144035  
0.6974512335  -0.2738369589  -0.6622500259  
0.2406488472  -0.17776414  -0.9541949711  
-0.3197949886  0.9386226549  0.1293007229  
-0.525410696  0.05994508338  0.8487344623  
0.5741221702  0.796041821  0.1915754498  
-0.5702986525  0.402117352  0.7162828227  
0.07340647393  -0.6694213576  0.7392472764  
0.1033002266  -0.8125955668  -0.5736004777  
0.07805481888  0.9848817327  -0.1546461051  
-0.6928242327  -0.6054750793  -0.3916561131  
-0.2839350657  -0.5757171731  0.7667663366  
0.05604513754  -0.9546343951  0.2924587394  
0.07713035525  0.8388537636  0.538864799  
-0.4458028346  0.3897933234  -0.8058045655  
-0.7366160669  0.5255791783  -0.4256328199  
-0.0146694383  0.8826802419  -0.4697450352  
-0.3902306864  -0.2769648748  0.8780720184  
-0.4144499122  0.8044881788  0.4254762513  
-0.8387530313  -0.3425936677  0.4232291712  
-0.250035735  -0.9470307426  0.2015313964  
-0.4837107459  -0.8731910353  -0.05967688178  
-0.7980596795  0.3140996143  0.5142394193  
-0.6349304919  0.601368259  0.4849943169  
-0.6656856074  -0.5088959784  -0.5457907614  
-0.3697444947  0.04712373674  -0.927937693  
0.1426880842  -0.9862769023  -0.08305409421  
0.6699708068  -0.4654498102  0.578355939  
-0.4900153644  0.839293222  0.2355245849  
0.7937729554  0.4539987483  0.404734026  
-0.1089889455  -0.4686981116  -0.8766090861  
-0.02134017896  0.6047198617  0.7961523005  
-0.3291180322  -0.9358701794  -0.1258106842  
-0.3656612928  -0.6698948151  0.6461677457  
0.7480148386  0.5043596229  -0.4313874964  
-0.8248071359  -0.5548081168  0.1090006518  
0.9471156732  -0.1911300293  -0.2577619318  
-0.4029476544  0.1974143006  0.8936782317  
-0.5994382416  -0.7549488284  0.2659437176  
-0.9435476831  0.0978877909  -0.3164423329  
-0.2783249065  -0.9043883831  -0.323445357  
0.5082926797  -0.5366544005  0.6735284747  
0.8602902022  0.01801430766  -0.5094862635  
-0.1608632745  -0.8490153809  0.503285098  
-0.2721591129  0.3840084975  0.8823077077  
0.2142384318  0.7310988167  0.6477626221  
-0.1264088711  0.3067045968  0.9433732494  
0.9793769746  0.02691813236  0.2002402452  
0.8053248985  0.543565282  0.2366190864  
0.05158628867  0.3102793525  0.949244741  
0.8797533707  -0.2239417367  0.41938539  
0.2886423205  0.4567153394  0.8414848243  
0.7041775258  0.6994637475  -0.1220019594  
-0.1691855776  0.003618183801  0.9855775713  
0.4156924199  0.796333761  0.4393772334  
0.9315300072  -0.2748703073  0.2381137541  
0.4327169483  0.8618148591  0.2646340706  
-0.6833378805  0.09419714903  -0.7240001645  
0.4754551804  0.1150325964  0.8721868339  
0.09517957778  -0.9897191366  0.1067561642  
0.309227071  -0.7928285989  0.525168003  
0.7999835655  -0.5956081746  0.07264432024  
0.9456861589  0.2196773075  0.2396238082  
0.1877279177  -0.8889396753  0.417785211  
0.1652454664  0.9696650635  0.1801210714  
0.105396985  0.1759990027  -0.978731744  
-0.6453462688  -0.7631748983  -0.03304947778  
-0.3936829146  0.5052257758  0.7679587738  
0.1141181112  0.9218366036  0.3703975337  
-0.05041286204  -0.3503101785  0.9352760673  
0.5688492515  0.7390570675  0.3608395488  
0.9461310849  -0.3199944843  0.04939129611  
-0.6208489706  -0.08849360578  0.7789194037  
0.03256096928  0.730887935  0.681720331  
-0.9648007706  -0.1214715774  0.2332469268  
0.5474711031  0.8296705574  -0.1091886323  
0.3739161844  0.924740742  -0.07100174043  
0.7738089997  -0.4748872397  -0.4191679157  
-0.3624921866  0.860945213  -0.3568931981  
