1  0  0  
-0.5652508973  -0.747991095  0.3478516133  
-0.7335877662  -0.4386204234  -0.5190964395  
-0.3841100149  0.1989817022  -0.9015906935  
-0.2564349745  0.07033609169  0.9639989305  
-0.8851391468  -0.4016506243  -0.2349584363  
0.6282351345  -0.3969524488  0.6691407693  
-0.3857597054  -0.7075295965  0.5921075239  
-0.7769989041  -0.2562835032  -0.5749708418  
0.6718520178  -0.6991655675  0.2445043462  
-0.1464268783  -0.9531961948  -0.2645301184  
-0.8969378702  0.3623220929  0.2534268299  
-0.05846266729  0.9451732386  -0.3212937371  
0.6827487756  0.1607685417  0.7127465085  
0.2262940511  -0.8961247187  0.3817741361  
0.4489996692  -0.6093672505  -0.6535065808  
-0.7863329924  0.6026788834  -0.135862388  
0.9499054996  0.2704158879  -0.1566996792  
0.5488484887  -0.2733695172  -0.7899585075  
-0.8746529957  0.03592311082  -0.48341666  
-0.5399389809  0.677990786  0.4987929341  
-0.0254919205  0.9718230745  0.2343289863  
0.533811616  -0.8454297749  -0.01713634758  
0.2572812573  0.11231438  -0.9597873904  
0.1837833598  -0.7951430154  -0.5779024673  
0.7175256198  -0.484474293  0.5004414494  
-0.5825870188  0.5570311335  -0.5918688046  
-0.7841188227  -0.1441539715  0.6036367321  
0.8803811281  -0.1271745998  -0.4568978994  
0.9337518502  -0.1259599636  0.3350247302  
0.9539286219  0.2691845168  0.132513698  
0.5438568507  -0.1159964764  0.83112246  
-0.3540697668  0.8975411691  0.2627821341  
0.9476614862  -0.01545207609  -0.3189027139  
0.8810945878  0.3581363768  -0.3088861651  
-0.9821626863  -0.1876044505  0.01268967211  
0.1400664041  -0.6170761202  0.7743374357  
-0.5557791952  -0.06794126855  -0.828549015  
0.823701437  0.5653814967  -0.04312430626  
0.1626980338  0.5780195811  -0.7996391146  
-0.7237831276  -0.6830290523  -0.09802702617  
-0.3986833508  -0.7922884541  -0.4618772469  
-0.4787551438  0.4620287908  -0.7465406277  
-0.7410879398  0.4284835224  0.5169047655  
0.1540483441  -0.5850229514  -0.7962520041  
0.5101736014  0.4325786135  0.7433697865  
-0.7553736758  0.3190935286  -0.5723547239  
-0.8792546029  0.4757727746  -0.02348638494  
0.8062013834  0.5333464191  -0.2560877322  
0.4082328183  0.158949402  0.8989332865  
-0.130579877  -0.4084239216  0.9034040048  
-0.6809072891  0.03122467531  -0.7317036854  
-0.913221145  -0.4061327459  -0.03291402394  
0.7901122719  0.06242869063  0.6097747587  
-0.785368337  -0.442446857  0.4329403584  
0.4724739208  -0.707556136  0.5254833095  
0.7604580705  -0.5603922129  0.3281220669  
-0.6902878084  -0.5992232737  0.4055048827  
0.2689749389  -0.6750050304  -0.6870376199  
-0.2870266023  0.8531647457  0.4355750754  
-0.9346502543  0.1994394754  0.2943684727  
-0.1764517635  0.4500611638  -0.8753911834  
-0.1058276585  0.7582259598  -0.6433458639  
0.8727020112  0.1521021524  0.4639570399  
-0.4123650755  -0.1703252188  0.894954951  
0.2241272843  -0.9512096445  0.2120546456  
-0.4268468525  -0.5888921494  -0.6863000808  
0.7818718604  -0.1330960484  0.609066364  
0.4185413828  -0.006535214755  -0.9081742134  
0.658272872  0.5066303545  -0.5567786902  
0.537396809  -0.7703623574  0.3431421103  
0.8636915699  -0.4565265986  0.213589178  
0.3362529011  0.4796791672  0.8104578231  
0.3908588792  -0.8821983665  0.2625935617  
-0.9449228958  -0.04735903887  -0.3238484868  
-0.0058158488  0.5222362211  -0.8527810418  
0.08656388303  -0.1292102172  -0.9878316729  
0.03769426313  -0.3472812125  0.9370031494  
0.2764068002  0.886650862  0.3707418641  
0.06864212405  0.8035421322  -0.5912768392  
-0.9833462725  0.181471956  -0.009901392182  
-0.3514212549  0.3736923996  -0.8584038048  
0.3753459523  -0.9228423475  -0.08647206323  
-0.5641588933  -0.7357250481  -0.3747444418  
-0.4579571284  -0.8831632248  -0.1014789979  
-0.4122228324  -0.7989145643  0.4379587372  
0.308017995  -0.5379773434  0.7846689064  
-0.7406907132  -0.3330744887  0.5834712095  
0.1829215067  -0.9348946951  -0.304157248  
0.6047980966  0.395718314  -0.6911051138  
0.03409143692  -0.4783500728  -0.8775072545  
0.5472165253  0.6656107733  -0.5074607106  
-0.07579122869  -0.9070895463  -0.4140582624  
0.2771418851  -0.6888145938  0.6698707568  
0.7993679727  -0.0512312989  -0.5986536546  
0.08550486329  -0.3052792658  -0.9484163053  
-0.5083071629  -0.5626372684  0.6519686591  
0.5174563444  -0.2948383139  0.8033114591  
0.6858027337  -0.1664576594  -0.7084959125  
-0.6713330836  0.7386609503  -0.06076093657  
-0.3743088042  0.7451803204  0.5519050726  
0.9839851296  0.08463986451  0.1568737008  
-0.9316544113  -0.1740909418  0.3189238184  
-0.05890223994  0.1718635667  -0.9833582463  
0.05149143177  0.611998836  0.7891806239  
0.3412297883  0.5953022444  -0.7274458533  
0.08207928364  0.008851366904  0.9965864962  
0.6831775794  -0.5911789407  -0.4286908619  
-0.1290996935  -0.7322201407  -0.6687203711  
0.2983880661  0.2994128528  -0.9062651409  
0.8437994109  0.3396691425  0.4154845699  
0.9814201505  -0.1159957302  -0.1528380803  
-0.6120159805  0.7239160035  0.3184054955  
0.3232213428  0.7213072077  0.612571527  
0.9409079823  -0.3230725624  0.1015691308  
-0.4016967632  -0.329076479  -0.854604225  
-0.2174428828  0.9753248635  -0.03820998904  
-0.6574269995  0.3546961179  0.664816068  
-0.8306105753  0.3955482589  -0.3919536286  
0.5626434686  0.097827025  -0.8208911015  
0.2127130859  -0.273574523  0.9380352464  
-0.01118634867  -0.8211592757  -0.5705894404  
-0.2504070665  -0.09726276202  -0.9632425739  
-0.2592326536  0.7995612511  -0.5417566215  
-0.0935394496  -0.8969785898  0.4320645564  
0.6069081122  -0.5279822118  -0.5940516201  
-0.2089792642  -0.7116051273  0.6707800012  
-0.2019880081  0.969937071  0.1357310682  
0.6618164845  0.2184344196  -0.7171369083  
-0.7080273082  -0.6505948843  -0.2746336238  
-0.5086382279  0.4499041777  0.7340799575  
-0.2423856862  -0.6200247526  -0.7462027106  
-0.09557374546  0.8915338187  0.4427562641  
-0.2938629879  -0.9558276023  -0.00617568903  
0.655946532  0.3499882314  0.6687618299  
0.4475239736  0.4404263126  -0.7782974728  
-0.05193900895  0.9885223103  -0.1418660688  
0.2027805963  0.8264531498  0.5252192122  
-0.4295776416  0.6130006288  -0.6630937181  
-0.631083856  0.6434184815  -0.4332964623  
-0.03092390903  -0.679205964  0.7332959637  
-0.5096845385  -0.2845588779  0.8119408329  
0.5130100426  -0.834437051  -0.2013343093  
-0.9829597221  -0.07783249259  0.1665301409  
0.2831657839  0.9427060682  -0.176415441  
-0.7150176337  -0.6946607285  0.07871629922  
-0.7805767996  0.2427303977  0.5760050468  
0.7437364297  -0.6240780628  -0.2395468526  
-0.552550984  -0.2510180454  -0.7947813227  
-0.2368591942  0.09184083828  -0.9671933532  
0.0421743508  -0.998171366  -0.04330413676  
-0.1697671658  -0.4835859931  -0.858675548  
-0.8027775277  0.4852438663  0.3465351804  
0.7894825696  0.5075678606  0.3450972894  
-0.595312984  -0.5239125974  -0.6091945842  
0.7768131007  -0.6279820084  -0.04690419728  
0.5952409189  0.803444941  0.01282478966  
-0.2901173794  -0.4577870002  0.8403945315  
0.8490575666  0.2553818564  -0.4624730868  
-0.8908199647  -0.4328328693  0.1381864601  
0.8497454923  -0.3123593795  -0.4246930849  
-0.4169775891  0.1839495433  0.8901080023  
0.5779214864  0.7981224555  -0.1703153005  
0.9421185759  -0.3223798416  -0.09210769039  
-0.4434734218  -0.8490191557  -0.287224298  
-0.3861719893  0.8177337116  -0.4268287379  
-0.6928213078  -0.0247218193  0.7206854148  
0.2664803322  0.8958832815  -0.3555015871  
-0.2157610684  0.4257610408  0.878734714  
0.08517081093  0.3536151608  0.9315053682  
-0.6550815899  0.744674755  0.1277795751  
-0.9797092815  0.1082843277  -0.1686541674  
0.8266114641  0.5436056451  0.1456241399  
-0.0877639927  -0.185410789  -0.9787340399  
0.8579795588  -0.2285584213  0.4600349169  
0.2491029912  0.2888844728  0.924388155  
0.6996289601  0.6711663409  -0.2450613414  
-0.2541648402  0.2489281663  0.9345774457  
0.5064973466  0.6708865102  0.5416380049  
-0.9193708079  0.2857838034  -0.2703422561  
0.5932931721  0.7806145087  0.1965812828  
-0.6619481341  0.219439093  -0.7167085546  
0.4026201036  -0.01956027553  0.9151581545  
-0.1218044969  -0.9891842142  0.08172059047  
0.08138840625  -0.8660994282  0.4932014881  
-0.5421858198  0.8237217377  -0.1658825959  
-0.9265815349  -0.2251504266  -0.3012539537  
-0.1129652611  -0.9592853896  0.2588636536  
0.1306734579  0.9868696391  0.09493557182  
-0.09112219097  -0.05188346807  0.9944872307  
-0.4442340277  -0.8921638586  0.08185217234  
0.459341777  -0.8004204697  -0.3851392004  
0.3070940203  0.9333171524  0.1860439616  
0.1206707943  0.236924007  -0.9640049659  
0.6619832941  0.5987728371  0.4508316847  
0.8525929702  -0.4998983597  -0.1522723123  
-0.5655673982  0.08724463108  0.8200743213  
-0.07014700765  0.7131960066  0.6974459502  
-0.8803582878  -0.0659289985  0.4697048566  
0.4297435237  0.8628627326  -0.2660609114  
0.2441284555  0.8174890633  -0.5216444466  
-0.3382534108  0.5277244982  0.7791607563  
-0.3881170226  0.9171854312  -0.09020011968  
0.3887080064  -0.3612816327  -0.8475739895  
