1  0  0  
-0.4288649795  -0.8730453159  0.2320920201  
-0.5932813509  -0.4156129312  -0.6894078112  
-0.3615306053  0.161023395  -0.9183501988  
0.4143744497  -0.04385013053  -0.9090494934  
0.8835080461  0.3507324139  0.3104839871  
-0.6221742379  0.251745914  -0.7412983289  
-0.3958618543  -0.8207688361  0.411863946  
-0.7180770911  -0.2849918887  -0.6349369375  
0.4403234152  -0.7873151628  0.4315670567  
0.07856770802  -0.9477345144  -0.3092351944  
-0.9341659383  0.35656515  0.01397474794  
-0.1277662865  0.8359842101  -0.5336723493  
0.7093621878  0.105189204  0.6969508719  
-0.08146198034  0.9200956591  -0.3831291218  
0.392571715  -0.670544448  -0.6294899458  
-0.7474675907  0.6640296258  0.01889065672  
0.952874567  0.298064864  -0.05645703084  
-0.6909009094  0.1075047181  0.7149116511  
-0.8964012436  0.002151001776  -0.4432382921  
-0.2431894731  0.8768390319  0.4147435259  
0.2383308751  0.8756549181  0.4200319731  
0.5216155904  -0.8398510892  0.1502242454  
0.25506348  -0.01230627871  -0.9668459943  
0.07932041053  -0.8718683904  -0.4832740241  
-0.5962591333  0.5403224675  -0.5937395701  
0.443390135  -0.5649355551  0.6958828973  
0.8154316347  0.1069033163  -0.5688962384  
-0.6779972285  0.5311826379  0.5080991669  
-0.8924382188  0.3166552221  -0.3213774977  
-0.9852261058  -0.155447245  -0.07187262613  
0.6789916056  -0.07569928459  0.7302328518  
0.1500095406  -0.9851929541  0.08301795597  
0.9552451465  0.05945191744  -0.2897795363  
0.8894709474  0.4189798846  -0.1824754503  
-0.9841444084  -0.128839195  0.1219026058  
0.1685364329  -0.726066255  0.6666507812  
-0.5760118976  -0.06220261497  -0.8150712414  
0.9309430719  0.3453097066  0.1187695386  
-0.1047818271  -0.3507488991  0.9305890492  
-0.5888294675  -0.8081429706  -0.01359401231  
0.3921134556  0.7987224567  0.4563874177  
0.5436244327  -0.4153166153  0.7293727341  
0.792015606  -0.5807396769  -0.1882888938  
0.2398092224  -0.7837486264  -0.572913281  
-0.2154201148  0.9418981012  -0.257724933  
0.689312917  -0.3849916294  0.6137011876  
0.796715845  -0.5857420208  0.1488292561  
-0.5997639024  -0.5490037546  0.5821324065  
-0.3118142105  -0.3275469386  -0.8918996026  
-0.1819934544  -0.7565333835  0.6281207067  
-0.801462419  0.03805814354  -0.5968329487  
-0.8470388874  -0.493864883  -0.1965263353  
-0.8989515878  -0.1766691723  -0.4008416724  
0.8567991641  0.3686375478  -0.360557278  
0.4618601299  -0.6779610772  0.5718863508  
0.7105683113  -0.6327466087  0.3077733  
-0.5519409606  -0.7603509546  0.342385166  
-0.2359136212  0.9412090265  0.2418063931  
0.614958179  -0.7884124288  -0.01524074172  
-0.9350986281  0.1407368495  0.3252440545  
-0.08847813723  0.3576519218  -0.9296540873  
0.2665838804  0.6430656245  0.7179133912  
0.8181093898  0.1420708458  0.5572368448  
0.4425397008  0.2969875515  -0.8461424274  
0.05856847553  -0.6329945982  -0.7719375444  
0.5672576739  0.5708503225  0.5935896232  
0.8611028421  -0.1824127339  0.4745813839  
0.561510931  -0.0746365573  -0.8240963892  
-0.508951141  -0.6933661173  0.5101099524  
-0.5697674084  0.7637761901  -0.3033332025  
-0.8181517155  0.4817283944  -0.3139514683  
-0.4377104816  -0.5372987206  -0.7209158197  
0.2686717136  -0.8668135896  0.4200591759  
0.1825286016  -0.34711848  -0.9198869879  
-0.08138114328  0.6218728023  -0.7788782493  
0.01415483667  -0.3066046849  -0.951731689  
-0.01211352641  -0.497755782  0.8672326354  
-0.08064266793  -0.9260919522  -0.3685789687  
-0.1038923057  -0.6359405797  0.7647129971  
0.9498483826  -0.2564669803  -0.178921039  
-0.2785037271  0.3324412309  -0.9010652041  
-0.2685122137  0.9621991054  0.04554198825  
-0.6633388633  -0.7326964464  -0.1521100582  
0.1386272503  0.9771961869  -0.1608418411  
0.2689962276  0.9172493348  -0.2937595742  
0.1880265147  -0.4935538644  0.8491469912  
0.4465787829  0.5948358725  -0.6683843771  
-0.09703472737  -0.721111643  -0.6859899854  
-0.7202556822  -0.2185473171  0.6583834919  
0.1967699928  0.4950244312  -0.8463051356  
0.3504720016  0.7362299037  -0.5789083736  
0.6877849173  -0.6325858777  -0.356071643  
-0.2827353533  0.6164024986  -0.7349208663  
0.8542707686  -0.2011972424  -0.479313179  
0.9616666017  0.04160113366  0.2710473995  
0.8007479934  0.3000460612  -0.5184351572  
0.4595249437  -0.2931304187  0.8383981058  
0.8951160371  -0.01040479504  -0.4457118131  
-0.6753827399  0.7128056332  0.1891197608  
0.4997845568  -0.4059502205  -0.7651273196  
-0.9856119522  0.07705737873  -0.150436831  
-0.7413150527  -0.4715981455  0.4775428586  
0.01301830904  0.2037886592  -0.9789283457  
-0.2497831822  -0.7735765107  -0.5823982693  
0.5271531453  0.4347031342  -0.7301662459  
0.08391260814  -0.04971860352  0.9952320004  
0.2083736513  -0.5157266114  -0.8310273664  
-0.06197866945  -0.1206280951  -0.9907610747  
0.2800090769  0.3281934612  -0.90215518  
0.815014836  0.3207725623  0.482551324  
-0.9837040267  0.06997429419  0.1656200048  
0.6037908554  -0.2607580328  -0.753287363  
-0.4087060721  -0.680234516  -0.6084737874  
-0.9531014772  0.258570332  -0.1572862281  
0.4597412616  0.3757155366  0.8046588146  
-0.1021072072  0.9880238917  0.1156845176  
-0.649579381  0.4077870242  0.6416824532  
-0.7201469156  0.5167241827  -0.4630167805  
-0.3656156252  -0.1430687726  0.9197045944  
0.1796897773  -0.1993132638  0.9633201995  
-0.3940975666  -0.8700155542  -0.2962432168  
0.2856141099  0.1451156516  0.9472940557  
-0.309681072  0.7593071933  -0.5723200327  
-0.02235242768  -0.9995750315  0.01871163872  
0.5316025655  -0.547381846  -0.646352711  
-0.1361233937  -0.4263337772  -0.8942650234  
-0.4038995  0.7751262582  0.4858440879  
0.6773112719  0.06669882874  -0.7326668459  
0.7862691345  0.6131824156  0.07608004583  
-0.7438976369  0.2527456088  0.6186565793  
0.1138663666  0.5813059635  0.8056784888  
-0.07228476901  0.765904065  0.6388786078  
-0.4592420252  0.8882918595  0.00585957865  
0.5947106697  0.2429114662  0.7663636466  
-0.3681978191  -0.4712415435  0.8014747493  
-0.05469552027  -0.8575003397  0.5115677545  
0.08577304228  0.8380182904  0.5388583582  
-0.3674444607  0.4552092668  -0.8110296491  
-0.5982439204  0.6622650495  -0.4511199573  
-0.09980811295  -0.9325408722  0.3469954787  
-0.5905254804  -0.258320954  0.7645586581  
-0.5509859719  0.6628097996  0.5070479547  
-0.936474902  -0.2498103007  0.2461901126  
0.2304587975  0.8517241645  -0.470589726  
0.7089703662  0.7028959802  -0.05743048765  
0.7815979719  -0.3797916469  -0.4948362509  
0.4025456445  -0.854129557  -0.3292714744  
-0.4496845474  -0.1977263095  -0.8710270457  
-0.2501772785  0.01971151456  -0.9679993727  
-0.06470042692  -0.9813154979  -0.1812008509  
-0.6671157185  -0.6077280152  -0.4308401997  
-0.8850624485  0.4270711239  0.1851343227  
-0.7884641046  -0.4836748543  -0.3799776192  
-0.7558840869  0.215964011  -0.6180605092  
0.8550586927  -0.5182246243  -0.01782893041  
-0.4494153051  -0.8923154886  0.04241405725  
-0.2807836889  -0.6261611081  0.7273807715  
0.6707779577  0.3896899191  -0.6310298712  
-0.7893826991  -0.5312917514  0.3075776801  
0.8820494359  -0.323671614  -0.3423820656  
0.7042028983  0.4554139901  0.5446984263  
0.6946426198  0.6766328404  -0.2442122645  
0.5549918481  -0.7541823272  -0.3509886977  
-0.3504378777  -0.9306093127  -0.1056390123  
-0.3969046649  0.8737449877  -0.2811341022  
-0.8019677036  0.06448005636  0.5938771967  
0.007310083435  0.7534232608  -0.6574952112  
-0.2268787615  0.6631243654  0.7132966449  
-0.03907719653  0.4781484839  0.8774092546  
-0.539601513  0.8222059687  0.1811285515  
0.9829449812  -0.1835575037  -0.01121636544  
0.7319449997  0.6263927287  0.26812062  
0.1561134536  0.2592297654  0.9531151653  
0.9381343088  -0.1408997183  0.3163088493  
0.2914619597  0.4933850087  0.8195249595  
0.6590301145  0.6249524531  -0.418465936  
-0.2971402931  0.1983232367  0.9340104603  
-0.5313724182  -0.70418051  -0.4709279801  
0.804676931  -0.3554502363  0.4755524851  
0.5033754615  0.8486200437  0.1626565895  
0.5312554342  -0.1200396346  0.8386645037  
0.4228862142  0.01660329599  0.906030673  
0.03065794455  -0.9761889313  0.2147446411  
-0.1241126013  0.1621304697  0.9789329768  
-0.6730678627  0.7245320948  -0.1484348202  
-0.9508121093  -0.2071592001  -0.230307183  
-0.8087371528  -0.574266296  0.1271315814  
0.1897503861  0.9808571878  0.04374892199  
0.08726944092  0.01931652348  -0.9959974481  
-0.8819374847  -0.4713622928  -0.00196520209  
0.3875098727  -0.9073074925  -0.163184597  
0.2301059736  0.942527849  0.2422653394  
-0.193842477  -0.1744130211  0.96540416  
0.5705600852  0.7601321556  0.3109023885  
0.8904261626  -0.4285806326  0.1531662178  
-0.527097826  -0.107092504  0.8430297014  
-0.3716367684  0.5393801176  0.7556157761  
-0.8921425338  -0.1810865008  0.4138712102  
0.5784850953  0.7985039281  -0.1665727209  
0.2989420928  0.9487574886  -0.1024346274  
-0.7985521773  0.4897930589  0.3498816652  
0.3375360315  -0.9334115778  0.121705603  
-0.3457205957  0.3787390195  0.8585068578  
-0.4582080405  0.2303508754  0.8584776443  
