1  0  0  
0.2993529291  0.9129417967  -0.2773537447  
-0.2157995739  0.9743550929  -0.06373928728  
-0.3453221147  0.2676242781  -0.8995164717  
0.5555873971  0.007968127381  -0.8314199619  
0.9352507212  0.2791459013  0.2176778681  
-0.5055935587  0.3071115825  -0.8062615142  
-0.3943300858  -0.8298623475  0.3947559595  
-0.8022069852  -0.03868485664  -0.5957914356  
0.4260207719  -0.70072845  0.5722638739  
-0.0704889417  -0.9437016949  -0.3232002786  
-0.7805810417  0.5904379853  0.2051248958  
-0.1900595332  0.9494645855  -0.24978866  
0.7515358721  -0.1650481371  0.6387119424  
0.3408086261  -0.8730444115  0.3487734737  
-0.4518869355  0.4751623534  0.7549959837  
0.6691916186  -0.7274663808  -0.1515758633  
-0.9246160734  -0.3471617131  0.1567286245  
-0.8006110561  0.2286930793  0.5538243515  
-0.8557133505  0.1207849238  -0.5031557055  
0.3890117405  -0.7343086333  -0.5562919169  
-0.7825947041  0.3102698183  -0.539701926  
0.6806449193  -0.4682386583  0.5634492459  
0.226078564  -0.03121526271  -0.9736087973  
0.0333003936  -0.730389571  -0.6822185562  
-0.7318283902  0.6649399602  -0.1492717545  
0.08799767933  0.9852496028  0.1467638534  
0.8743037081  0.1875454569  -0.4476826193  
-0.7702122146  0.5127488731  0.3792910988  
-0.8731225734  0.4080084498  -0.2668071903  
-0.9837876388  -0.1444272387  -0.1063139429  
0.6106052206  -0.1676252003  0.7739916388  
0.2585140408  -0.9177669772  -0.3014535888  
0.8912201199  -0.1616762542  -0.4237776383  
0.7685401289  0.4890206403  -0.4125589457  
-0.9794911878  -0.1874224561  0.07395833917  
-0.1786418751  -0.1320736295  0.9750095573  
-0.5634831138  -0.01981789129  -0.8258898423  
0.8739202691  0.4836257989  -0.04867699538  
-0.109426636  -0.4725707774  0.8744727964  
0.7946517157  0.6033359434  0.06718921126  
-0.5409168704  -0.7921358187  -0.2827185596  
0.3802775971  -0.434175439  0.8166276001  
0.852964482  -0.01480989563  -0.5217588135  
-0.5045046342  0.6046483043  0.6163404109  
0.277153957  -0.4850539807  -0.8294023872  
-0.6590949245  0.6199321853  -0.4257675025  
0.6300901822  -0.7277184473  0.2709469022  
0.635264636  0.6138025932  -0.4687058981  
-0.3640481854  -0.2362181512  -0.9009272466  
-0.2054642622  -0.7034839446  0.6803637091  
-0.6952616841  0.02009500127  -0.7184757348  
-0.8798994261  -0.4543838141  -0.1389688798  
-0.8897934422  -0.2283038027  -0.3951518746  
0.8727273972  0.349240048  -0.3411426082  
-0.4096357355  0.5778223879  -0.7059177376  
0.5115554134  -0.7453117018  0.4275763397  
0.5577333634  0.7522261521  -0.3508408634  
-0.16319188  -0.7899407646  -0.5910685228  
-0.548287792  0.7902773372  0.2735730749  
-0.9561325249  0.1003822738  0.2751980993  
0.2438048145  -0.5573857806  0.7936499884  
-0.0003710096213  0.8718617933  -0.4897518512  
0.9546325931  0.09705654298  0.2815255578  
0.3154060071  0.2198242409  -0.9231448174  
-0.07074388254  -0.6240016254  0.7782141573  
0.5491769902  0.4870903684  0.679078498  
0.3003482616  0.6733348459  0.6755820506  
-0.4652336475  -0.153343387  0.8718047137  
-0.4866217447  -0.7056281146  0.5150613959  
-0.4897782143  0.8278453047  -0.2734766026  
0.7675471968  -0.5699773741  0.2932526108  
-0.3895129463  -0.5286867775  -0.754168387  
0.3559928265  -0.919026825  0.1692891091  
0.344550215  -0.6150337622  -0.7092380564  
-0.07026559258  0.5207387093  -0.8508195714  
0.009066323389  -0.3149120187  -0.9490775639  
-0.03588227631  0.3581453041  -0.9329761001  
-0.2427430921  -0.9354287199  -0.2569998077  
-0.02438217889  -0.7585999081  0.6511003676  
0.9831333201  -0.1469233562  -0.108914656  
0.2115901481  -0.3999044851  0.8917993115  
0.4038035272  -0.8926767228  -0.2001773711  
-0.7813857747  -0.5714292331  -0.2508084979  
-0.2848788273  -0.9522957982  0.1094384142  
0.3212989532  0.7780080219  -0.5398800797  
-0.8430734728  0.5237277294  -0.122214504  
-0.6784842759  -0.4595577435  0.5731193312  
0.0991350168  -0.8250823536  -0.5562475692  
0.7042585885  0.2792771388  -0.6527052323  
-0.214873466  -0.5527676229  -0.8051567231  
0.3778975287  0.6469569805  -0.6622991191  
-0.5374464303  0.7111504103  0.453228892  
-0.105300023  0.6677296508  -0.736918597  
0.7366783988  -0.410199448  -0.5376256593  
-0.9343908683  0.08631406065  -0.3456350506  
0.5972553789  0.2130886444  -0.773226514  
0.5433888002  -0.4592033152  0.7027523939  
-0.1826456967  -0.2791570887  -0.9427151581  
-0.5354205156  0.8400015406  0.08787652234  
-0.2263461066  0.7326314264  0.6418867759  
0.9443291276  -0.233251899  0.2320259693  
0.5754739231  0.3981890018  -0.7143355533  
0.0004862013916  0.1826891782  -0.9831705995  
0.1198784242  -0.177060489  -0.9768719193  
-0.5383179005  -0.5633007416  0.6268222336  
0.1301056895  -0.04333570469  0.9905526368  
0.6471471828  -0.5706109558  -0.505572607  
0.1275817997  0.6827500556  0.7194270262  
0.2871718577  0.4007362627  -0.8700245812  
0.7830901756  0.2186052743  0.5822211874  
0.9833030944  0.0436736668  -0.1766568297  
0.6693859229  -0.6628377236  -0.3355125009  
-0.463065189  -0.6410519316  -0.6120645813  
-0.9796937107  0.1910292134  -0.06089394764  
0.469878231  0.3669746452  0.8028350128  
-0.2416761565  0.9629435229  0.1197180313  
0.6843250388  -0.2848213835  -0.6712495965  
-0.692239356  -0.4206428101  -0.5863994376  
-0.3840665731  -0.007841980634  0.9232721001  
0.1750383457  -0.2271861282  0.9579916705  
-0.3871579604  -0.8486548042  -0.3604077372  
-0.2441510078  -0.1013234302  -0.9644292861  
-0.2689874897  0.6962044462  -0.6655412079  
-0.1745404925  -0.9013817563  0.3962909865  
-0.5431200975  0.3115643742  0.7797103311  
0.7729759293  -0.6338731156  -0.02670367217  
-0.1030773934  0.91421381  0.391903254  
-0.7904267997  -0.133140488  0.5979122718  
0.6810746281  0.7093100126  0.1817048623  
0.3835767984  -0.3348190608  -0.8606770801  
0.05089998182  0.8698333013  0.4907129708  
-0.2597605265  0.8398980529  0.4765456217  
-0.1109582456  -0.9931134034  0.03760366613  
0.6803510924  0.1536959057  0.716589115  
0.2514982689  0.5621909177  -0.7878388115  
0.04323790655  -0.9884483313  0.1452596977  
-0.3435890657  -0.7754987112  -0.5296681062  
0.8567024256  0.4096857208  0.3133984111  
-0.5619404964  0.5964468744  -0.573126517  
0.142161898  -0.7979876568  0.58566688  
-0.4504677385  -0.3293142946  0.8298378829  
0.4101955627  -0.8282304473  -0.3818035181  
-0.9431690928  -0.1990456192  0.2661069407  
0.1304726352  0.9668690814  -0.2194107357  
-0.6839786603  -0.7294948365  0.003236643516  
-0.8458612217  0.3452446399  0.4066016874  
0.6472880258  -0.7613756111  0.03640591144  
0.5297975715  0.1967102775  0.8249967273  
-0.3009654563  0.08650332385  -0.9497036217  
0.08767776715  -0.9717036247  -0.2193277797  
-0.657589729  0.3218575031  -0.6811633401  
-0.9423580763  0.3238421078  0.08418756004  
-0.804894952  -0.3529834089  -0.4770186886  
-0.09596912359  0.4661978683  0.8794597631  
0.8677057391  -0.4377030038  -0.2355903879  
-0.5516378893  -0.8306612674  0.07548177205  
-0.4203422252  -0.4958638845  0.7598890852  
-0.7940867958  -0.3310721263  0.5097228737  
-0.8357903867  -0.4957929847  0.2358892661  
0.9265182408  -0.2728533904  -0.2590655839  
-0.6289331247  -0.3170532502  -0.7098734825  
0.6401675907  0.7430449337  -0.1951145365  
-0.87172395  0.4866314221  0.05733423036  
0.405526367  0.8958722311  0.1815525027  
-0.3112053707  0.8058191616  -0.5037923145  
0.7549437074  -0.08320398074  -0.6504898894  
0.1585878226  0.8216774222  -0.5474450807  
-0.2053214707  0.3316777121  0.920778469  
0.5073370885  0.7310972513  0.4561862425  
-0.01518464297  -0.5841312286  -0.8115171806  
-0.9835443112  0.04687160954  -0.1744810594  
0.7438559291  0.5173043939  0.4231719754  
0.066498272  0.1441417559  0.9873201781  
0.8777472929  -0.2717258917  0.3946197278  
0.2966518429  0.4025423068  0.8660007941  
-0.7149052704  -0.6282347223  0.3069716405  
0.4749668368  -0.1570211321  -0.8658815554  
0.6137467922  0.5861536293  0.5289033919  
0.7859713992  -0.4515416549  0.4223258145  
0.5557347185  0.8246436115  0.1054601191  
0.4633919764  -0.12840857  0.8768004992  
0.4116033937  0.05825122586  0.9094995552  
-0.06495732929  0.9971262697  0.03898394129  
-0.1678674765  0.8915976923  -0.4205639848  
-0.5188884206  0.8483876629  -0.1048483691  
0.9451875749  0.324669679  0.03478574093  
0.01094161175  -0.9452455368  0.3261765724  
0.257956725  0.9631317537  0.07639079168  
0.04497162731  -0.0004676104  -0.9989881551  
-0.7715452429  -0.6239649361  0.1240390931  
-0.1610239999  0.616870875  0.7704165075  
0.2215425254  0.8757394468  0.4289514317  
-0.1426094129  -0.3070289419  0.9409547195  
-0.6533745888  -0.6656162916  -0.3606336078  
0.9262649869  -0.3651682291  0.09319516387  
-0.6869437714  -0.06514800118  0.7237844934  
0.1035355913  0.4406292155  0.8916985342  
-0.9283743709  -0.04277964194  0.3691760144  
0.4592619202  0.861341872  -0.2171834898  
-0.4158299095  -0.9094235345  0.005858429852  
-0.6033123776  0.453162366  0.6562454153  
0.3863802687  -0.922253195  -0.01262268895  
-0.3121239507  0.1815448726  0.9325342346  
-0.6301789016  0.1389338694  0.7639187993  
0.889563187  0.06396668897  0.452311396  
