1  0  0  
0.4339096814  0.8410594189  -0.3230192598  
0.1754055336  -0.4984171188  -0.8490072287  
-0.2750372967  0.1446640899  -0.9504876572  
-0.5220471289  0.1334407308  0.8424134179  
0.9344044042  0.3562122103  -0.001127222091  
-0.5794064644  0.2631837693  -0.7713769848  
0.5686090991  0.7161220133  -0.4047875424  
-0.8640712401  -0.3782558914  -0.3321195155  
-0.6215104859  0.7658849923  -0.1647570769  
0.04897659332  0.9770592757  0.2072594147  
-0.9262997314  0.3761738258  -0.02149559242  
0.0711877339  -0.8499984222  0.5219530523  
-0.7996639496  0.02391056573  -0.5999715431  
-0.2124984332  0.8882309912  -0.4072961112  
0.4842397207  -0.4778900818  -0.7328935547  
0.5786350322  -0.8155227398  -0.01020589527  
-0.8946622901  -0.4130772404  0.1701369456  
-0.777225898  0.08110012694  0.6239732951  
-0.87416133  -0.1049350249  -0.4741630624  
0.5921461039  -0.5429140378  -0.5954891596  
-0.8708571739  -0.0381044473  0.4900569699  
-0.5078974426  0.8055372855  -0.3052046353  
-0.3702707392  0.05943264237  0.9270206798  
0.1481429901  -0.7936766065  -0.5900263544  
-0.7853216165  0.3918521357  -0.479293086  
0.4141510849  -0.5518573034  0.7238317454  
-0.9818390906  0.1070608772  0.1566204606  
-0.8394551414  0.3144027735  0.44324481  
-0.9829368092  0.0805413071  -0.1653732959  
0.9812119986  0.1091748458  0.1590718923  
-0.5331212012  -0.09316710267  -0.8408933796  
-0.2637017353  0.9608668322  0.08483115956  
0.8685067588  -0.1397787919  -0.4755606157  
0.8087751313  0.4870641713  -0.329622936  
-0.98308473  -0.183041198  0.006350858327  
0.1044582709  -0.7342812252  0.6707604281  
-0.3511279298  -0.1723845755  -0.9203220822  
-0.8557837368  -0.5172883229  -0.006854692998  
0.1043795898  0.8795185504  -0.4642758025  
-0.6400336996  -0.7570087542  -0.1315089709  
0.8729776305  0.4562617174  0.17243927  
0.5554623863  -0.4310916922  0.7110706648  
0.5344393204  -0.7100580324  0.4584672327  
-0.4417841937  0.6342553246  0.6344658458  
0.3794742382  -0.8128518651  0.4418949513  
-0.674690968  0.5816539334  -0.4543905803  
-0.7833113912  0.6131020762  0.1026114448  
-0.5468921307  -0.6260625324  0.5558369391  
0.4807133869  0.259732459  0.8375283215  
-0.1723833612  -0.5594637437  0.8107307174  
-0.7699500148  -0.1600288339  -0.6177117022  
0.7474581505  0.66420998  0.01146367184  
-0.7109738819  -0.336729652  -0.6173566884  
-0.6529523327  -0.4540191575  0.6062341593  
0.396999201  -0.7004091327  0.5931430528  
0.7903486833  -0.5096428435  0.3400193096  
-0.6887829684  -0.5552507394  0.4661272775  
-0.006137818574  -0.5732465069  -0.8193599755  
0.6035874866  -0.7288777092  -0.323139956  
0.9825470492  0.0726687429  -0.1712324442  
-0.1269259311  0.4104325591  -0.9030143534  
-0.002934238964  -0.9839239307  0.1785639629  
0.9230062696  0.2057314252  0.3251676599  
0.4971771095  0.2222370324  -0.8387047295  
-0.2931373823  -0.5411754261  -0.7881621871  
-0.6203876318  -0.5066930704  -0.5986495793  
0.2047313225  0.8654636315  0.4572283764  
-0.5879077228  -0.3426217931  0.7327856551  
-0.4162788735  -0.7657003685  0.4903211653  
-0.3480449501  0.895892907  -0.2761170257  
-0.7672270075  0.6117411304  -0.192705756  
0.3345358918  0.6687166028  0.6640059053  
0.1767096984  -0.955245622  0.2372329743  
-0.02858064118  0.4147703969  0.9094771382  
0.034644655  0.6572109273  -0.752910051  
-0.04477465162  0.2350825882  0.9709435655  
0.02554375095  0.4909048072  -0.8708386688  
0.1979717635  0.9752926359  0.09803802965  
0.07165800498  0.7821917223  -0.6189032557  
-0.9822363977  0.1870360455  -0.01513858535  
-0.426457986  0.3808315965  -0.8204272553  
0.3370291737  -0.9115553461  -0.2355380798  
-0.6547343552  -0.6947493067  -0.2977353271  
-0.3350524131  -0.942082857  0.01482467303  
-0.2757823279  -0.8758983162  0.3959119186  
0.2806596584  -0.3175110877  0.90576866  
0.5050381401  0.5181878464  -0.6902302752  
-0.038468885  -0.8391456037  -0.5425447453  
0.7693842251  0.09940396759  -0.6310045685  
0.9486450509  -0.2869102584  -0.1332481559  
0.8222763788  -0.2196512835  0.5249903528  
0.7268301558  -0.4354938075  -0.5310961008  
-0.5400574982  0.5921653036  -0.5980619966  
0.7599630377  -0.2596614729  -0.5958457022  
-0.9484371493  -0.02489799719  -0.3159858599  
0.4300319673  0.4029639946  -0.807893883  
0.4362879162  -0.2050605573  0.8761295692  
-0.2103074666  -0.9345459825  -0.2870445541  
0.5083452339  -0.8388758178  -0.1946085441  
-0.3500157081  0.7775124463  0.5224589935  
-0.9324460984  0.1669723546  -0.3204130246  
0.7822995047  0.3907088868  -0.4851330236  
-0.04249766683  -0.1341106079  0.990054692  
0.03793856955  -0.05834397534  -0.9975753834  
0.3867986623  0.6651382075  -0.638731524  
0.264597507  0.03501628994  0.9637229989  
0.5206182426  -0.7002168527  -0.4885212428  
0.006809309645  0.7301123169  0.6832932299  
0.211520613  0.4085861398  -0.8878718357  
-0.4055225736  -0.4146629764  -0.8146201927  
0.9527585982  0.2478717267  -0.1755296576  
-0.7941255161  0.4844953248  0.3669181719  
-0.1893134701  -0.7664593664  -0.6137592766  
-0.8758819596  0.4396017087  -0.1989500704  
-0.4663763965  -0.5427283908  -0.6985262705  
-0.4254492976  0.9036758681  0.04860885377  
-0.6321501051  0.3754925434  0.6777843274  
-0.7058798231  0.3051255899  -0.6392433416  
0.5196980067  0.04467076521  -0.8531814019  
0.11358661  -0.235955249  0.9651026901  
-0.5163765597  -0.7508513471  -0.4117978912  
0.1353879529  0.1487538962  0.9795623413  
-0.2628094267  0.6533170269  -0.7100056814  
-0.309836376  -0.9264496938  0.2137577719  
0.5101679013  -0.3095955513  -0.802420904  
-0.3586696812  -0.7760041688  -0.5188194193  
-0.1107596825  0.8865997352  0.4490803963  
0.6600118074  -0.01918715377  -0.7510101646  
-0.7719652886  -0.6116958083  -0.1729098936  
-0.349170857  0.4054013409  0.8448251094  
0.8710979104  -0.4711556884  -0.1385667627  
0.2738603183  -0.8740398381  -0.4013164432  
-0.1368209804  0.9887534321  -0.06038766262  
0.6803336514  0.03884516292  0.7318723769  
-0.3381215492  -0.2912579075  0.8948981223  
0.03625685605  -0.933674447  0.3562828475  
0.1548237947  0.6455911444  0.7478246231  
-0.2762649392  0.4921170104  -0.8255292432  
0.6586657913  -0.6830783526  0.3155365897  
-0.04721494387  -0.3258690109  0.9442352126  
-0.3593773603  -0.1159136709  0.9259654064  
-0.4458172441  0.8178088667  0.3639170818  
-0.8838889459  -0.3226357224  0.3385949231  
0.140845107  0.9464491237  -0.290511122  
-0.6024219357  -0.7971399335  0.04069075805  
0.9290877138  -0.2027268825  -0.3093506604  
-0.6680279301  0.5989830173  0.4415405186  
0.5686182016  0.3861262571  0.7263469242  
-0.1116348593  0.04747506025  -0.9926146165  
-0.1473753371  0.9483156929  0.2810299924  
-0.2158561205  -0.6872692952  0.6935899733  
-0.6579459237  0.7380785703  0.1494897505  
0.7533058166  0.4493346576  0.4802381827  
-0.3201524959  0.5624753791  0.7623147823  
0.6666591342  -0.4659857808  0.5817412233  
0.5122766586  0.8230090817  0.2454153145  
-0.3366144246  -0.5427385996  0.7694969406  
0.7275537293  0.2799582377  -0.6263297503  
-0.8096194707  -0.5644683688  0.1609092083  
-0.9436568863  0.02779546403  0.3297561116  
0.309411399  -0.9457610922  0.09899768989  
-0.5743668475  -0.7836068248  0.2367764106  
0.7435646432  -0.6124405001  -0.2683808027  
0.3677484482  0.8586488215  0.3570480082  
-0.2414446571  0.7887222335  -0.565350967  
-0.8424027442  -0.2168990151  0.4932671019  
0.2496615252  0.7934123218  -0.555127022  
0.1992287766  -0.3289182721  -0.9231038213  
0.5001062207  0.6571308539  0.5639794402  
-0.1375831927  0.6494166707  0.7478829139  
0.9463485771  -0.272680209  0.173406673  
0.7733575827  0.5408495094  0.3307564928  
-0.117268947  -0.3132126307  -0.9424148991  
0.8861071772  -0.0761760544  0.4571775139  
0.2810864676  0.3304902367  0.9009809106  
0.7033214823  0.6380733902  -0.3133707727  
0.3662791687  -0.2355705561  -0.9001922482  
0.7089694187  -0.1414749969  0.6909031687  
0.8777759884  -0.3268201  0.3502826522  
-0.3554518505  -0.9173066645  -0.1794504537  
-0.5737198288  0.08769368821  -0.814343524  
0.4213728647  -0.0235428242  0.9065818465  
0.09941690484  -0.9877932714  -0.1199196899  
0.1215775948  -0.5826904645  0.8035488231  
0.7184056164  -0.6946361284  0.03706776854  
0.8300671252  0.2802430196  0.4821331949  
0.1779735314  0.9785962733  -0.1033187113  
-0.04085539442  -0.9991344567  -0.007821397913  
0.202219125  0.03105597435  -0.9788477675  
0.6991369131  0.6989972257  -0.1503677332  
0.2765643844  -0.7008172123  -0.6575464822  
-0.04288573189  -0.9264248007  -0.3740292803  
0.1932269292  0.2178206376  -0.9566700182  
0.6472686666  0.6114709222  0.4551335898  
0.8434882153  -0.535051463  0.0474084652  
-0.6432619507  -0.1613677089  0.7484480779  
0.1533373977  0.4747411766  0.8666651359  
0.9287441709  0.1491125545  -0.3394108294  
0.4611899589  0.8780819685  -0.1275769512  
0.4865029986  0.8709836855  0.06857296748  
-0.8856060235  0.3731410633  0.2765279696  
0.471430515  -0.8717184791  0.1336419199  
-0.2093333156  0.1492413313  0.966388425  
-0.6533092138  0.1987333859  0.7305423414  
-0.9431916316  -0.2881960232  -0.1653257341  
0.6374184831  0.2155830513  0.7397442973  
