1  0  0  
-0.628788547  -0.7031302868  0.3320131969  
-0.217625609  -0.7189292198  0.660136252  
0.2075661733  -0.1104884086  0.9719612108  
0.5050778855  -0.155807017  -0.8488936936  
-0.9431369791  -0.2165130494  -0.2522196226  
-0.5531979001  0.3577668008  -0.7523130994  
0.6204709141  0.617375841  -0.4835937506  
-0.6367587424  0.04237686942  -0.7698977237  
0.6401952  -0.7342352387  0.2259396383  
-0.01841276077  -0.9150395786  -0.4029435939  
-0.8715121824  0.4691055564  -0.1428512967  
-0.05694405439  0.9975903075  0.03963525023  
-0.7662269415  0.05677493464  -0.6400569356  
-0.1071241443  0.982881586  -0.1498939815  
-0.5946667326  0.2800945585  0.7536036859  
0.6273283698  -0.7717614732  -0.1041313832  
-0.9486558668  -0.3083483929  0.07052173482  
0.7322624468  -0.2190758786  -0.6448235948  
-0.8701069782  0.06599499545  -0.4884245153  
-0.4730035442  0.7885504091  0.3930087778  
-0.06907492438  -0.993201726  0.09369624438  
0.4753808701  -0.8513098469  0.2220012903  
-0.3990262823  0.03062834984  0.9164278096  
-0.1575854441  0.9238925505  0.3486966919  
0.5465638846  -0.6539979475  0.5230244781  
-0.416217249  0.6364120319  -0.6494173753  
-0.879673781  -0.2141320039  0.4246428193  
-0.7089902712  0.5074232719  0.4897493425  
-0.9455165676  0.07478095159  -0.3168694204  
0.9823125322  0.1770781631  0.06087210502  
0.6703899893  -0.2125777912  0.7109064249  
-0.3923593541  0.9164683219  -0.0783578474  
0.8868772423  -0.2641819751  -0.3790206341  
-0.8743491263  -0.4445824882  0.1945765054  
-0.9821018887  -0.140913398  0.124977176  
-0.1127691571  0.685616868  -0.7191749631  
-0.5778215672  -0.1273829145  -0.8061611685  
0.8874889552  0.460690985  -0.01127699598  
-0.0658945607  -0.6249102369  0.7779107293  
-0.8493201296  -0.4963273027  -0.1797624158  
-0.3831057268  -0.6847581899  -0.6199485652  
0.5177197207  0.7024280283  0.4884272268  
-0.1514576959  -0.3817550878  -0.911769499  
0.5692083158  -0.562558095  -0.5996084414  
-0.4925316932  -0.8041380952  -0.3328279662  
-0.6811172094  0.5243454482  -0.5110197628  
-0.7171951575  0.6956337189  -0.0415311348  
0.5278310919  0.5676514592  -0.6317959792  
-0.2545591176  -0.2357600824  -0.9378789043  
0.2400888614  0.5838119169  -0.775577839  
0.4839566904  -0.01359854857  0.8749862863  
-0.9318819203  -0.3415515894  -0.1222235589  
0.8321412862  0.1012911148  0.5452348026  
-0.6610980994  -0.4520438843  0.5988368974  
-0.5206625935  0.7675125264  -0.3739451637  
0.5591341502  -0.5144446143  0.6501659334  
-0.7420117978  -0.4990625232  0.447610422  
-0.06343621093  0.6295005394  0.7744061712  
0.828513445  -0.5599582757  -0.00349297319  
-0.9783561471  0.2014183379  0.0474331387  
-0.07681683393  0.394305447  -0.9157632819  
0.04486029187  0.7514159298  -0.6583020999  
0.9806022568  0.04955242531  0.1896411638  
0.4289626582  0.1604469291  -0.8889588409  
0.7695828859  -0.6097920393  0.1894620028  
0.5263841523  0.4340498704  0.731109044  
-0.7800123502  -0.4156211831  -0.4678031271  
-0.6828021266  -0.09588998751  0.7242833466  
-0.4786353643  -0.7204103255  0.5019134895  
-0.3544119787  0.8658137512  -0.3532119725  
-0.3731113326  0.1562016056  -0.9145430509  
-0.2339289532  -0.6466508431  -0.7260302556  
-0.1528320532  0.9311837445  -0.3309670641  
0.01772402085  -0.8952832819  0.445144588  
0.08436984722  0.4784872921  -0.8740318302  
0.1342977548  -0.2452049472  -0.9601242872  
-0.1019050281  -0.3128662045  0.9443146209  
-0.2889567  -0.9473485363  -0.1379665765  
0.1362353385  0.8339953816  -0.5346883541  
0.9844329133  -0.03233958987  -0.1727599207  
-0.4174380859  0.4880618669  -0.766512269  
0.3277650784  -0.8973494567  -0.2955232747  
-0.6358030893  -0.6885294231  -0.3488289912  
-0.380285095  -0.9049909915  0.1907211363  
0.4846769925  0.803486453  -0.345684441  
-0.2688457236  0.5985317095  -0.754640159  
0.685332904  0.280343651  -0.6721058309  
-0.280175994  0.743043524  0.607772765  
0.8757398001  0.03608425999  -0.481432995  
-0.3634672934  -0.8024029093  -0.4733297982  
0.3800970036  0.6601050923  -0.6479101288  
0.6032237026  -0.6590152643  -0.4492438603  
0.3962717326  -0.765160417  0.5074428541  
0.787849579  -0.3365458852  -0.5157808721  
-0.8783800931  0.2320552553  -0.4178501772  
-0.565539084  -0.2238313661  0.7937663787  
0.4005258935  -0.3281648486  0.855503852  
-0.6851744247  0.3761065198  -0.62376269  
0.4909426806  -0.8694802992  -0.05458290732  
-0.4103812564  0.6033445313  0.6837854934  
0.9392274115  -0.2354708214  0.2498106516  
0.8474791361  0.3913241178  -0.3586705295  
0.04320286509  -0.09099578113  -0.9949137049  
-0.04443809179  0.05235760673  -0.9976391818  
0.5503227171  0.4015046451  -0.7320784979  
-0.2108660016  0.06772527137  0.9751660459  
0.4484335551  -0.7076409826  -0.5460325873  
0.07628902957  0.7077205984  0.7023614017  
0.2691174322  0.2632070621  -0.9264436573  
0.7176207067  0.1133732249  0.6871441138  
0.9472608036  0.09266744322  -0.3067730675  
0.3076021872  -0.8333593289  -0.459231013  
-0.3916932436  -0.5413501495  -0.7439868403  
-0.8726100084  0.3866804344  -0.2983789786  
0.3503681521  0.3753600046  0.8581066512  
-0.3422376189  0.9321192575  0.1184360668  
-0.6620683917  0.4000860039  0.6337165251  
0.2539562208  -0.4490393853  0.8566620503  
0.5511272937  0.03325358455  -0.8337583014  
0.05545427401  -0.2283353733  0.9720019448  
-0.3320529395  -0.890131902  -0.3120994111  
0.1556755487  0.0907726439  0.9836287159  
-0.232392976  0.2859833613  -0.9296273564  
-0.1596091828  -0.9094233796  0.3840234699  
0.5113509954  -0.4487471484  -0.7329025558  
0.8385632194  -0.5118970854  -0.1864754704  
-0.06688170317  -0.5415296081  -0.8380170174  
0.7761976338  -0.02993346071  -0.6297787082  
-0.4052895641  -0.9140757184  0.01435096592  
-0.4305213845  0.3249730698  0.8420474105  
0.7878447519  -0.2253148001  0.5731787572  
-0.1325475883  0.8507282099  0.5086183734  
0.1163130623  0.9887440836  0.09410849464  
-0.642803979  -0.2809425433  -0.7126530235  
-0.2571225205  -0.4302739237  0.8653047787  
-0.02445377322  -0.9617549059  0.2728177304  
0.2212850894  0.7743661342  0.5927815781  
0.261264266  -0.7367079052  0.6237006059  
-0.5803293018  0.8102453089  -0.08197829492  
0.09604914927  -0.5476802135  0.83115639  
-0.4185843438  -0.33978373  0.8422197836  
-0.4877190463  0.8427087983  0.2279737115  
0.9298535116  0.2696490695  -0.2503234434  
0.32790401  0.8731205394  -0.3607485051  
-0.6867280897  -0.7267393161  -0.01595297211  
-0.8238472103  0.4369968872  0.3609840643  
-0.6226878454  0.7294996497  0.2830019582  
-0.4950877539  -0.2905846657  -0.8188092989  
-0.3175991653  -0.02733145268  -0.947831083  
0.01130879036  -0.9733576351  -0.2290131556  
-0.04724203739  -0.8264854173  -0.5609724102  
-0.9152925287  0.400069063  0.0467368346  
0.8726720453  0.3787661272  0.3081878034  
0.1551042291  -0.5021559125  -0.8507538526  
-0.8445822581  0.1503134724  0.5138936362  
0.7300667541  0.653415276  0.2001274884  
-0.4030583359  -0.5085682052  0.7608563324  
0.7839880434  0.3312615091  -0.5250033908  
0.7949757907  0.5931412544  -0.1272672166  
0.9102683853  -0.3544623375  -0.2139343778  
0.1030651945  -0.7518466659  -0.6512327976  
-0.6758273668  -0.7189629096  0.1623259219  
-0.7438688653  0.6519516834  0.1470309961  
0.4527465955  0.876449658  0.1638795814  
-0.2275040459  0.8509987447  -0.4733318558  
-0.9299826865  0.08161043296  0.3584298258  
-0.3162697517  -0.7950948236  0.5174917059  
-0.03389895533  0.3980000013  0.9167588886  
0.8667522422  0.2497740987  0.4316867502  
-0.3413980745  0.48539505  0.8048844639  
-0.9850683203  0.122355372  -0.1211179895  
0.7681807591  0.5426325004  0.3397768252  
0.05599104262  0.2422367096  0.9686002166  
0.7932190328  -0.3854229712  0.4714368455  
0.2381754936  0.507798871  0.8278965762  
0.7598571839  0.5783393839  -0.296884855  
0.3260698098  -0.1979802153  -0.9243821253  
0.5337761236  0.5763428318  0.6187988284  
0.9456255886  -0.3109720975  0.09533415299  
0.6019466543  0.7779599908  0.1801068518  
0.5300248075  -0.1895078416  0.826535227  
0.4106636982  0.1640764179  0.8969025901  
0.1806030983  -0.9681605228  -0.1733427902  
0.09402608827  -0.8112989994  0.5770208213  
-0.6613898439  0.6487376298  -0.376434539  
0.9210870854  0.08703705253  0.379503798  
0.2079928727  0.95356162  -0.2178513295  
0.242251467  0.9692626626  -0.04294319079  
0.2769499189  0.09145698825  -0.9565220132  
-0.7981341385  -0.600707933  -0.04617224541  
0.2398494894  -0.6294553133  -0.7390928432  
0.1611929844  0.9475843113  0.275863725  
-0.1128137428  -0.1259803917  0.985597281  
-0.6616278673  -0.5705038151  -0.4865942479  
0.7793592273  -0.5240805883  0.3434220898  
-0.7938039101  -0.1556718967  0.5879129296  
0.193768672  0.875441052  0.4427828658  
-0.9562555843  0.1939279674  0.2190141571  
0.5372824982  0.8250190536  -0.1751316031  
0.5544595842  0.8322072069  0.00239465335  
0.7354025145  -0.5936542661  -0.3267380512  
0.2789085227  -0.9376736098  0.2073119328  
-0.2491842838  0.360353966  0.8989172442  
-0.6524684377  0.09480010016  0.7518629389  
-0.766022806  -0.2705166934  -0.5831207244  
0.6645846815  0.4334472781  0.6086465791  
0.2285853324  -0.9733556464  0.01809782841  
