1  0  0  
0.6315736881  0.7095174244  -0.3125695138  
-0.5174560868  -0.7217307197  -0.4597216185  
0.4896370218  -0.3411307749  0.8024246889  
-0.7420246841  -0.1478838822  0.6538575729  
-0.871007989  -0.4337089457  -0.2307414865  
-0.5886847669  0.1919293328  -0.7852473346  
0.5518653253  0.6941260821  -0.4622051978  
-0.8317883121  -0.1071273537  -0.54465763  
0.7258974413  -0.6776676953  0.117640977  
0.04468042138  0.9681513603  0.2463465112  
0.9503310092  -0.2915591717  -0.1089230108  
-0.1596154734  0.9718399957  -0.1733491375  
-0.7898273195  0.04902313247  -0.6113669421  
-0.1811470594  0.9173975007  -0.3543551446  
-0.2085234782  0.04271942085  0.977083932  
-0.5208595962  0.8531783495  0.02814222681  
0.8771511298  0.2878668729  -0.3843677392  
0.471583528  -0.1983888284  -0.8592152518  
-0.8441310015  0.184432428  -0.5034158637  
-0.4446654543  0.7622310855  0.4704002615  
-0.932728759  0.1408041731  -0.3319506696  
0.5863948027  -0.8001143452  0.1263256502  
-0.008653959406  0.03449270287  0.9993674812  
-0.1156993865  0.933325248  0.3398788511  
-0.6630843595  0.6160871177  -0.4251538494  
0.5250749975  -0.4960193957  0.6915641735  
-0.8962174196  0.006662432645  0.4435650445  
-0.7023099862  0.4814960423  0.5243302819  
-0.8695498171  0.4290242033  -0.2445840315  
-0.9833780378  -0.1298211072  -0.1269413836  
0.7238926283  -0.2041819176  0.659006227  
-0.2754564332  0.9612900824  0.006717955665  
0.795843211  -0.3221855564  -0.5126695336  
-0.7903436001  -0.440125676  0.4261999332  
0.9804227721  0.1924031869  -0.04185930661  
-0.1545360315  0.4765587005  -0.8654538809  
-0.5960592431  -0.1416866525  -0.7903406046  
0.9231233549  0.3759452079  -0.08067510389  
-0.2263430448  -0.587178481  0.7771681012  
-0.7660593897  -0.6418608324  -0.03417138118  
-0.498729083  -0.6120364311  -0.6137431945  
-0.5249725951  -0.7983044695  -0.2951503826  
-0.1147777732  -0.4579963449  -0.8815131371  
0.6736729887  -0.3461937189  -0.6529277244  
0.5182579517  -0.7470855078  0.4162594619  
-0.6628859734  0.4936569287  -0.5629254151  
0.6629609332  -0.7474263949  -0.04285539979  
-0.5462530759  -0.5831979109  0.6012385332  
-0.377306777  -0.3195209641  -0.8692214617  
0.3691967697  0.4499806707  -0.8131489047  
0.6674034188  -0.03356775742  0.7439394345  
-0.9431024376  -0.3208179638  -0.08737062568  
0.8957645402  0.1860774995  0.4037091188  
0.6715372466  0.4528245794  -0.5865045838  
0.53755413  -0.6318599689  0.5583802799  
0.7660789863  -0.583317329  0.2699331038  
-0.6808595702  -0.5765540993  0.4516808788  
0.1422916116  -0.6228677544  -0.7692781407  
-0.7834687963  0.6189573652  0.05539336917  
0.8896586063  -0.3927694706  -0.2328941974  
-0.1498140665  0.3109856243  -0.9385327309  
0.06561462773  -0.778760608  0.6238803058  
0.8958247556  -0.01681878686  0.4440891079  
0.2926104366  0.122726656  -0.9483234155  
0.3677318281  0.7415446322  0.5611460246  
0.5964298591  0.4635593386  0.6552741127  
-0.7265543368  -0.4358478414  -0.531183071  
-0.4601902156  -0.1313293439  0.8780532836  
0.4067160499  0.7130530476  -0.5710844124  
-0.4787305805  0.838391522  -0.2606083023  
-0.7800942978  0.470650909  -0.4122385334  
0.1884692597  0.6097543699  0.7698564454  
0.3135060711  -0.921934242  0.2274888936  
-0.0126350882  0.9551678124  -0.2957952073  
0.04884632107  0.5618902102  -0.8257683868  
0.1051418652  -0.188599006  -0.9764095468  
-0.01304512312  -0.4200463165  0.9074089028  
-0.2104439832  -0.9653095092  -0.1545667541  
-0.1059154414  -0.8167169575  0.5672348108  
-0.9825311197  0.1257109333  0.1372201157  
-0.3716283612  0.474382209  -0.7980312532  
-0.2823650544  0.8646880702  0.4154329276  
0.7784942372  0.5927210436  0.206466673  
-0.3344789574  -0.9312704811  0.1444268609  
-0.4347360539  -0.8029735263  0.4077230428  
0.2472181694  -0.5856529705  0.7719415618  
0.5096516544  0.2970373217  -0.8074800435  
-0.03261775402  -0.7140697461  -0.6993142926  
0.6882804078  -0.02378244418  -0.7250548087  
0.8043343913  -0.5492234573  -0.226715198  
0.08147448322  0.6999268128  -0.7095522288  
0.5886088694  -0.6292730653  -0.5074987765  
0.212882809  -0.8316311833  0.5129039721  
-0.7550752986  0.1823398137  0.6297725667  
0.3137638335  -0.3386335887  0.8870623143  
0.6113561122  0.1393437694  -0.7789910257  
-0.6351674943  0.3546025199  -0.6861627409  
0.1878749868  0.01592169135  0.9820638926  
0.5549406717  -0.8086689339  -0.1951804454  
0.4239315558  -0.5084544795  -0.7495038881  
0.943013289  -0.2603255165  0.2072596494  
0.774465761  0.3082028208  -0.5524615881  
-0.3542292523  -0.9338296363  -0.04983821086  
-0.08694239051  0.1254051469  -0.9882887078  
0.3928747923  0.5906778939  -0.7048042446  
0.3632006859  -0.01227371003  0.9316300864  
0.450257852  -0.6469577528  -0.615397053  
-0.02074963995  -0.5840570125  -0.811447385  
0.1880781987  0.2800596317  -0.9413783479  
-0.7908805852  -0.2757157477  -0.546341218  
0.9358826  0.1213979517  -0.3307359918  
0.295432173  -0.767727306  -0.5686076106  
-0.349008665  -0.6187505273  -0.7038044734  
-0.9813549327  0.188204645  -0.03900650922  
0.4510196568  0.4742696882  0.7560750836  
0.3929904545  -0.9106043772  -0.1278990655  
-0.5712244384  0.5028624045  0.6487156874  
-0.05137878114  -0.908502474  -0.4147089046  
-0.09610607746  -0.1771553859  -0.9794792449  
-0.01858544816  -0.2602668833  0.9653578252  
-0.3754031271  -0.835435837  -0.4013968791  
-0.2856690735  -0.1613145138  -0.9446538033  
-0.3837634017  0.7476667844  -0.5419594367  
-0.1306779604  -0.9057479105  0.4031674506  
0.5323462609  -0.356696854  -0.7677075048  
-0.7661861858  -0.5238955137  -0.3721454279  
0.04461227978  0.8227938895  0.5665862334  
-0.6231695491  0.1940540701  0.7576296793  
-0.6585440246  -0.731353674  -0.1773177125  
-0.3736506337  0.3544547336  0.8571738714  
-0.9835058211  -0.06167071863  0.1700382968  
-0.3005299666  0.6436972715  0.703800797  
0.05040423662  0.9962663872  0.07009064649  
0.7243423178  0.1295705566  0.6771555785  
-0.3532845885  -0.291108039  0.8890703623  
-0.0280937886  -0.9922364209  0.1211512445  
-0.2161504679  -0.8426164019  -0.4932307518  
-0.3968568441  0.6227556488  -0.6742996716  
-0.6358815766  0.719451256  -0.2793644768  
0.08743232863  -0.6458617145  0.7584314297  
0.1129676265  0.1094932954  -0.9875472311  
-0.4272810501  0.8495486505  0.3093509247  
-0.8493254101  -0.153854679  0.5049505773  
0.300123173  0.8963824287  -0.3262278692  
-0.5977575264  -0.7849136039  0.163084561  
-0.8166774955  0.4313112897  0.3834167963  
0.5813969468  -0.7309504623  -0.3573359931  
-0.5326674503  -0.3140172418  -0.7859125646  
0.4294188504  -0.186219811  0.8836977045  
0.2703232398  -0.9320056029  -0.241435089  
-0.08928493727  0.4669629502  0.8797578093  
-0.8808015002  0.4684137683  0.06911771812  
0.84521817  0.3619380549  0.3932010804  
-0.2619930674  0.1644850217  -0.9509491628  
0.864881301  -0.173485397  -0.4710447455  
0.6381310707  0.7698904932  0.007573971383  
-0.196867211  -0.4409919381  0.8756537054  
-0.6520254715  -0.3049504845  0.6941671171  
-0.8696945495  -0.4216637059  0.2565757385  
-0.9140667652  0.2499287639  0.3194018812  
-0.2487198111  -0.7176105189  0.6505179465  
-0.7282682532  -0.6703220749  0.1424558434  
-0.6925416325  0.6886738918  0.214742539  
0.3731417718  0.898610772  0.2307897283  
0.3542374414  -0.8482390803  0.3937083918  
0.8056580643  -0.0156547992  -0.59217397  
0.2727719389  0.8240116439  -0.4965886427  
0.1978147961  -0.3366331982  -0.9206233737  
0.8682750337  0.4921917277  0.06201426528  
-0.135006655  0.7523102268  0.6448275162  
0.9831337681  -0.06718885992  0.1700989452  
-0.2352543207  0.72039095  -0.6524509819  
0.2036023963  0.3172496577  0.9262282218  
0.7656979946  -0.343868906  0.5435630198  
0.2901065506  0.4727704954  0.8320614448  
0.7662596778  0.5731851857  -0.2903529734  
-0.9442397418  -0.2533269149  0.2103254245  
0.6366790203  0.5852604603  0.5021055852  
0.870380135  -0.3121564479  0.3807844175  
0.5140746462  0.848944932  0.1225551327  
-0.5231410889  0.02518300441  -0.8518739445  
0.4496436039  0.1503455806  0.880463989  
0.1262110315  -0.9790241651  -0.159945177  
-0.03930912079  0.8819890394  -0.4696276476  
-0.8396100702  0.5335973924  -0.1016304725  
-0.9550745548  -0.05983502074  -0.2902625794  
-0.1664439157  -0.9597576842  0.2261893247  
0.1964901943  0.9797895562  -0.03747037577  
-0.529281747  -0.4503656428  0.7190491083  
0.8379078237  0.533800731  -0.1138738713  
-0.2626284861  0.4958257303  0.8277578894  
0.2158496977  0.919380529  0.3288591659  
0.00386963353  0.3272296951  0.944936904  
0.6579304292  0.6703407585  0.3431775312  
0.9274254066  -0.3677290017  0.06824585313  
-0.5483821414  0.03176071996  0.8356244872  
0.205926476  0.738940196  0.6415307266  
0.9516035238  -0.07857787256  -0.2971131963  
0.4660558472  0.8492166431  -0.2482398846  
0.4843462602  0.8731071525  -0.05561115463  
-0.7123112578  0.5920994165  0.3768699417  
0.4114298005  -0.9068241375  0.09162697674  
-0.301499981  0.1946267455  0.933390696  
0.3882656632  -0.0355661503  -0.9208609144  
0.9332756002  0.2577962045  0.2500755308  
0.6706602475  0.3021120162  0.6774534391  
0.1102801265  -0.9938534515  0.009675257612  
0.1230114763  -0.856269024  -0.5016687506  
