1  0  0  
0.3648123274  0.8036931901  -0.4700949075  
-0.8795771015  0.4688323146  0.08087263697  
0.3400622234  -0.2089485615  0.9168959498  
0.6581562438  -0.1902829768  -0.7284385681  
0.878542539  0.4379464707  0.1906984425  
-0.4297882053  0.3289327644  -0.8408836632  
-0.3909267379  -0.6902225132  0.608908177  
-0.6868255381  -0.07332719387  -0.7231139626  
-0.3788251047  0.8923934583  -0.2452049258  
-0.07092984991  0.9893463003  0.1271332155  
0.945602534  -0.3038743512  -0.1161732602  
-0.22492745  0.9128388947  -0.3407826206  
0.8055947984  0.1317670786  0.5776283042  
0.3798041576  -0.6110641397  0.6945138005  
0.2161846441  -0.2395805516  -0.9465016423  
-0.7876258981  0.5784216103  0.2123061123  
0.8454974544  0.5027786719  -0.1798545569  
-0.3014895458  0.5086124315  0.8064846237  
-0.8840096004  -0.01385716697  -0.4672633147  
-0.5759433037  0.5237995162  0.6276331553  
-0.69975293  -0.2441251809  -0.671378234  
-0.6510789915  0.7579625255  -0.03986172078  
0.4027124907  0.0270770322  -0.9149259446  
-0.2098502017  0.8052677661  0.5545328824  
-0.6758969065  0.5264914637  -0.5157229008  
0.5308235475  -0.6996524671  0.4782392568  
0.9422428662  -0.08395693801  -0.3242369716  
0.7596450532  -0.2823703391  -0.5858381899  
0.950209839  -0.2331286056  0.2067663298  
-0.9827395769  -0.13207901  -0.1295301474  
0.5896088031  -0.2833098448  0.7563709349  
0.386602084  -0.8747898134  -0.2920301542  
0.8346721893  -0.3456533746  -0.4287727615  
0.5220850533  0.8321652132  -0.1868910248  
0.9820259802  0.1828636413  -0.04675321236  
-0.2113961396  0.5792230606  -0.7872816004  
-0.5449766469  -0.02556964723  -0.8380612433  
0.8775427016  0.4793659803  0.01127225928  
0.06198651262  -0.6661564543  0.7432316265  
0.6816136484  0.7289969614  0.06297828689  
-0.5366748829  -0.7745322831  -0.3347832322  
0.7943757322  -0.4558440088  0.4014641153  
-0.7808021322  0.3382281141  -0.5253092168  
0.4747507987  -0.4312446367  -0.7672286116  
-0.2135898887  -0.8377907703  -0.502479835  
0.5135328423  -0.4560913681  0.7268181917  
0.7817128895  -0.6220072208  -0.04507744082  
0.5443497719  0.5991197079  -0.5871447023  
-0.418090228  -0.1487889855  -0.8961374889  
0.2649479924  0.5010428942  -0.8238680595  
-0.9466081776  -0.3136487792  -0.07454798044  
0.7925778823  0.5965615371  0.1262324562  
-0.8883652209  -0.1951334375  -0.4156081998  
-0.7951333442  -0.3719634583  0.4789636214  
0.5177513868  -0.7903265229  0.3275934807  
-0.7816628605  0.5620417114  -0.2703928386  
-0.6582725202  -0.6193832789  0.4278336627  
0.08490508455  -0.7438872735  -0.6628897729  
-0.6703664451  0.6767938556  0.3042349524  
-0.9800016198  0.1320191421  0.1488884525  
-0.03482269399  0.3492745528  -0.9363731451  
-0.06670494003  0.796922255  -0.6003876835  
0.9510700589  0.07288234162  0.3002564027  
-0.5548281377  -0.2881049462  0.7804878459  
0.3517356158  -0.717771911  -0.6009039361  
-0.4517276767  -0.4885183609  -0.7465198705  
-0.1775191483  -0.7140107622  -0.6772559217  
-0.6750116901  -0.1732122048  0.7171866914  
-0.2479635608  -0.6504915082  0.7178961417  
-0.5241174589  0.8389288549  -0.1466262793  
-0.8828856501  0.40335979  -0.2404450222  
-0.4486939512  -0.6223301019  -0.6413883242  
0.382458006  -0.9218563628  0.06250375933  
0.07079235198  -0.8994307456  0.4312919855  
0.06001680265  -0.5097373837  0.8582341074  
0.03895480847  -0.3103215632  -0.9498331697  
-0.1156009232  -0.431361436  0.8947422747  
-0.0900555661  -0.9698590673  -0.2264141881  
0.2286656527  0.781166353  -0.5809398835  
-0.9841108019  -0.04451071334  0.1718857935  
-0.1810316734  0.2555265226  -0.9497019161  
0.5258319245  -0.8495845152  -0.0413151134  
0.501631115  0.7082989758  0.4966676809  
-0.4020480402  -0.9132994933  -0.06512609939  
-0.2504509397  -0.9395394509  0.233537892  
0.2210313626  -0.4077215184  0.8859505066  
-0.6890511475  -0.3358176504  0.6422110414  
0.06652716671  -0.872014286  -0.4849383683  
0.7769307058  0.05646200169  -0.6270492172  
-0.7290199263  0.2221160535  -0.6474522421  
0.09641643711  0.5900330936  -0.8016014091  
-0.5366701543  0.8156698323  0.2160274754  
-0.5364974508  0.5847455411  -0.6084760779  
0.7141552569  -0.446655669  -0.5389628766  
0.4191543165  -0.5844488902  -0.6947871284  
0.5588952255  0.4508944154  -0.6959384693  
0.6565217471  -0.4034103224  0.6373690512  
-0.7787010448  -0.5514041361  -0.2992961102  
0.6694456454  -0.7304055536  -0.1354631131  
-0.5066800199  0.6717968683  0.5403372329  
0.9835944853  -0.1780414045  0.02903698874  
-0.882040891  -0.2259673486  0.4134520818  
0.1061602216  0.05353352845  -0.9929069285  
0.07568854426  -0.132475565  -0.9882921982  
0.679902624  0.4886028532  -0.5468086263  
0.06899706212  0.02656385715  0.9972631382  
0.532248991  -0.7552424354  -0.3825178105  
0.03012928118  0.6543118997  0.755624354  
0.2698266193  0.3277499291  -0.9054134854  
0.7979392065  0.3083077615  0.517918282  
0.8792534567  0.3702491545  -0.2997147352  
-0.9216903489  0.2530350245  0.2940411146  
0.3311695518  0.7397636903  0.5857272492  
-0.9354750061  0.3478391167  -0.06240562342  
-0.279236031  -0.2704060181  -0.9213619399  
-0.3817413266  0.9164647461  0.1198579523  
0.6470035228  -0.6038788076  -0.4655285461  
-0.1533323943  -0.55002752  -0.820950001  
0.5465284518  0.1040252752  -0.8309545075  
0.03773578674  -0.1570288592  0.9868728124  
-0.3787019917  -0.8242259093  -0.4209945985  
0.3854544198  -0.02858145718  0.922284116  
-0.3805490133  0.7302385897  -0.5673923252  
-0.0817676962  -0.8553189531  0.5116087688  
-0.6268464429  0.3615790515  0.6901623914  
0.9369091121  0.08542269361  -0.338975337  
-0.07063028283  0.9481860579  0.3097653351  
-0.5321982426  0.08468596633  0.8423736212  
-0.6765925476  -0.6950645459  -0.2431209608  
-0.5140868806  0.263036378  0.8164107686  
0.6665821549  -0.6385819363  0.3845534311  
-0.2264716114  0.8928133827  0.3893518626  
-0.08768874841  -0.9952787128  -0.04160489414  
0.5693479718  0.2014498165  0.7970325328  
0.4169315852  0.3959805912  -0.818148779  
0.09233041986  0.9843303601  -0.1502292776  
0.06109402153  0.8068112447  0.5876420134  
-0.3542015173  0.4769956375  -0.8043733256  
0.7541637143  -0.6449190365  0.1237599629  
0.2228882916  -0.7153222061  0.6622952143  
-0.4144210836  -0.217306584  0.8837607222  
-0.3771201942  0.8075582491  0.4534644787  
-0.7810809595  -0.5069192411  0.3646168094  
-0.242119959  -0.9694190656  0.04005746685  
-0.544908726  -0.8384168141  0.01147720268  
-0.7717138172  0.512127513  0.3770718695  
-0.3512719206  0.3415562545  0.8717495987  
-0.2498109618  -0.09624047641  -0.9635000021  
-0.2138144253  0.07873393834  -0.9736962352  
0.2289622557  -0.9496441937  -0.2138976176  
0.7814824327  -0.04464944482  0.6223275942  
-0.5133549365  -0.7265284431  0.4567528112  
-0.7406692603  -0.4896621013  -0.460043556  
-0.9326490596  0.1098761265  -0.3436465748  
0.2993481853  0.4442431492  0.844416182  
0.5517290216  0.8179141394  0.1631304609  
-0.4119945855  -0.5534454695  0.7238498282  
0.7985630339  0.210856836  -0.5637698782  
-0.928341789  -0.3557227366  0.1079020734  
0.8719078866  -0.4180973253  -0.2548946134  
0.30032156  0.6034316008  0.7386997115  
-0.662524766  -0.739391029  0.1198408976  
-0.4062760029  -0.8588473455  0.3119632136  
-0.2450804117  -0.9131608956  -0.3256881493  
0.3730532967  -0.8277877183  0.419045023  
-0.8731950033  -0.02022129888  0.4869513171  
0.2286486485  0.8854055516  -0.4046934701  
-0.1772595369  0.4131676074  0.8932365783  
-0.5941492049  -0.5552913675  -0.5819263007  
-0.1231901775  0.5773547945  0.8071465922  
-0.983412161  0.05456718612  -0.1729824958  
-0.221246492  0.8287436536  -0.5140369116  
0.1045413791  0.2050497796  0.9731524485  
0.8471227422  -0.1640146067  0.5054525383  
0.4356769085  0.3231924282  0.8400787378  
0.733557294  0.6333738303  -0.2464371875  
0.3822762259  -0.1633906822  -0.9094879725  
0.6820291927  0.4117624091  0.6043905183  
0.8817653174  -0.2856257915  0.3753769202  
0.4027610695  0.8819094419  0.2449882795  
-0.5031632872  0.1532254197  -0.8504990753  
0.6504183094  -0.1021040781  0.7526823899  
-0.06798057987  0.9957364584  -0.06235018906  
-0.07266207783  0.9662509066  -0.2471424851  
-0.6470004197  0.7261276615  -0.2326565626  
0.9326719014  0.2603939338  0.2496359821  
-0.08050591673  -0.9401623124  0.3310794824  
0.2494639723  0.9574059832  0.145401203  
-0.2640241674  -0.1393493337  0.9543966692  
-0.7821444701  -0.6204548297  0.05732217937  
0.2358332884  -0.6608553375  -0.7124976372  
0.08435182966  0.9105895138  0.4046127855  
-0.1175001259  -0.247879124  0.9616390489  
0.6478476373  0.6378833277  0.4164112139  
0.8578378475  -0.5050332114  0.09516135132  
0.6647643748  -0.01330066658  -0.7469346814  
0.1385913477  0.3791836563  0.9148837047  
-0.9487099222  -0.2227599489  0.2243378896  
0.5964318835  0.7415704461  -0.3071518871  
0.387607736  0.914182264  -0.1184526538  
-0.8687888128  0.1688902803  0.4654912157  
0.2286251896  -0.9607989052  0.1568310759  
-0.2470565075  0.05456415554  0.9674636092  
-0.7816991863  0.1130201693  0.6133292945  
-0.8516032209  -0.3807731617  -0.3602551227  
0.573688119  0.3743938468  0.7284992722  
0.2272575166  -0.9734221509  -0.02834320456  
0.00168398303  -0.4792787013  -0.877661148  
0.086947317  0.7337734969  -0.6738075536  
