1  0  0  
-0.6703317448  -0.6169193573  0.41239042  
-0.02661202063  -0.9543646978  -0.2974555831  
-0.240890219  -0.4032998627  0.8827916646  
0.4935266896  -0.252854242  -0.832163529  
-0.881540123  0.2891023933  -0.3732382854  
-0.4201668128  0.224398044  -0.8792641055  
-0.6920680891  -0.4710388615  0.5469590031  
-0.6898488587  0.2770270587  -0.6688531684  
-0.6912217088  0.7005620256  -0.1772721004  
0.1462748343  0.9761941681  0.1601518625  
-0.2663804009  0.8943187839  -0.3594932471  
0.09179871663  0.948141184  -0.304304602  
-0.5011292624  0.7076503123  -0.498096876  
-0.09200852806  -0.5339599745  0.8404886534  
-0.3765779493  0.6166871962  0.6912929554  
-0.3687308338  0.9054253989  -0.2103388202  
0.9298275567  0.3313861094  0.1600123787  
0.6914094529  -0.2707115811  -0.6698269988  
0.9259628545  0.02673022231  0.376667343  
-0.6517106817  0.724831466  0.2233663658  
-0.1432911251  0.4198619747  0.8962050969  
-0.1190845237  0.9926210731  -0.02285347717  
-0.2582600132  0.06455078941  0.96391647  
0.0573903806  0.8056547112  0.5895988726  
-0.4021330526  -0.6423784135  -0.6524101332  
0.3794844425  -0.6742056485  0.6335915888  
0.586312707  0.007261647575  -0.8100522687  
0.7823321976  -0.5988402665  -0.1713086918  
0.09684604471  0.1607006342  0.9822403727  
0.8552762592  -0.4371930678  0.2781451814  
0.41439793  -0.3866312921  0.8238874921  
0.3290132334  -0.8990080934  -0.289023771  
-0.6780936529  -0.3233146227  0.6600429173  
0.8953310474  0.4426650205  -0.04929498208  
0.9465919108  -0.1393818808  0.2907515189  
0.06435485082  -0.649191238  0.7578978755  
-0.5814246814  -0.07014352916  -0.8105709255  
-0.9803188495  -0.007746941829  -0.1972686957  
-0.4361250416  -0.7043531638  0.5600728245  
-0.8004358314  -0.593944663  0.08082213242  
-0.5251997014  -0.7586827222  -0.3854423442  
0.4378300467  -0.8200196026  0.3686091448  
0.5451574823  0.6456258773  0.5347621397  
0.08263076351  -0.5739885451  -0.8146835625  
0.9538803919  -0.3001829797  -0.001541648821  
0.4840157815  -0.6804054663  -0.5502518738  
-0.397388679  0.909626751  0.1210843162  
0.9833378914  -0.153077173  -0.09805085629  
-0.4045907015  -0.05876551249  -0.9126077902  
-0.4086085336  -0.4351511414  0.8022982927  
0.5080871811  -0.07784922923  0.8577802247  
-0.756328183  -0.6078424974  -0.2418577641  
-0.8370891606  -0.03503198417  -0.5459436759  
-0.9266390815  -0.006963526035  0.3758876455  
0.1954458623  -0.9613138966  0.1941043718  
0.3838694543  0.8292486463  -0.406190749  
-0.8766741796  -0.3280152439  0.3519209892  
-0.2002181228  0.6741054122  0.7109814319  
-0.2475555369  0.8586830945  0.4487533837  
0.9364368774  -0.2936076149  0.1920430764  
0.4286269742  0.5789993392  -0.6935695223  
0.2867879391  0.7895630494  -0.5425337492  
0.7769978113  -0.1209116079  0.6177821496  
0.7776916524  -0.1340904793  -0.6141786687  
0.3294837444  -0.7955090677  0.5085329738  
-0.524098136  -0.3613851763  -0.7711821433  
-0.8766744627  0.1276571802  -0.4638378282  
0.2612091365  -0.5292535051  -0.8072549252  
0.793549353  0.3265230301  -0.5134804136  
0.5565281089  -0.8243624043  -0.1034557413  
-0.4946603273  0.8262371409  0.2695242989  
-0.541001043  -0.5138098826  -0.6658207537  
-0.04561665688  0.9889845658  0.1408142369  
-0.1240253455  -0.792861513  0.5966475801  
0.3714827404  0.2749517987  -0.886793145  
0.08115502733  -0.1150106471  -0.9900436418  
0.07129514049  0.3756019098  -0.9240347441  
0.2608571605  0.9651800472  0.01951968782  
0.2113893313  -0.7365796164  0.6424679131  
-0.9840749869  0.1479252076  -0.09856243221  
0.5713763219  0.5969120881  -0.5632273589  
-0.2938591627  0.9550974645  -0.03788965282  
0.775426361  0.4918929263  0.3959233608  
0.5390928042  0.8365163496  -0.09807826126  
0.8520755663  0.4728356623  -0.2244853351  
-0.0351500875  0.02195042709  -0.9991409561  
0.7717902488  0.1702395762  -0.6126649154  
0.09894029164  0.8898747189  0.4453468349  
0.8782810224  -0.3108446921  -0.3633153218  
0.5782288925  -0.7158814956  -0.391363044  
0.5624213585  0.4581240966  -0.6883346044  
0.7024766662  -0.7103077204  -0.04460354052  
0.1073341909  0.6736281208  -0.7312349323  
0.7225842597  -0.6015483022  -0.3406047969  
-0.8452821187  -0.5270250103  -0.0879930587  
0.6427652267  0.1681564636  -0.7473796004  
-0.0176733041  -0.880142993  0.4743795592  
0.01639263171  -0.2978020111  -0.9544869008  
-0.6054529431  0.7161066412  -0.3473010397  
-0.4163643612  0.800480516  0.4311283593  
-0.7793122215  0.4460343788  -0.4401429249  
-0.8411030604  -0.01745430142  0.5405931826  
-0.1514724587  0.1569911481  -0.9759148906  
-0.2209129698  -0.4718079922  -0.853577576  
-0.4866596351  -0.1410799764  0.862124608  
-0.2644647004  0.2885592094  -0.9202130215  
0.8447510767  -0.4619326251  -0.2702107848  
-0.2073500889  -0.7318998419  -0.6490982685  
0.1430854354  0.0678379164  -0.9873826894  
0.8770489125  0.3262859345  0.3525942342  
0.874465187  0.1725681846  -0.4533551128  
-0.6044607776  0.7939740433  -0.06505679691  
-0.784886298  -0.3523495136  -0.5097090538  
-0.3526183829  -0.3443930768  -0.87008832  
0.4739898943  0.2114611915  0.8547618057  
0.2268484146  -0.9646538651  -0.1340996546  
-0.638397921  0.584468893  0.5008434961  
0.2498604442  -0.4551921012  0.8546168202  
0.3578417261  -0.1962788549  -0.9129205388  
-0.7213006445  -0.00822158677  0.6925733071  
-0.4892408285  -0.8442120963  -0.2189733962  
0.2125067796  0.02992679938  0.9767012109  
-0.1567751669  0.851468675  -0.500422464  
0.2857007379  0.9169237699  -0.2786142288  
0.6796104093  -0.4343725341  -0.5911431241  
-0.6467246757  0.5888679702  -0.4847491181  
0.07357545086  -0.8879738185  -0.4539704293  
-0.7970231408  0.3001453898  0.5240866893  
-0.8546858537  -0.4591895042  -0.2421922598  
-0.5692875169  0.3723450177  0.7329876608  
0.3980312853  0.4908586591  0.7750024985  
0.1337765506  -0.7943691721  -0.5925212679  
-0.2165000285  -0.92175995  -0.3216929161  
0.7225861005  0.05199509758  0.689322738  
-0.2033332572  -0.2355763766  0.9503469668  
-0.1800139001  -0.9730375835  0.1441972845  
-0.2466693836  -0.8275030447  -0.5043737961  
-0.04279320516  0.7757289563  -0.6296136339  
-0.2350777167  0.6049204431  -0.7607954552  
0.2636088836  0.5522250845  -0.790922128  
0.3300114697  0.09627264346  -0.9390548482  
0.01392956841  -0.707276842  -0.7067994312  
-0.9804087301  0.001594379336  0.196967459  
0.7457994093  0.617267692  -0.2505271195  
-0.9321940051  -0.3123936286  0.1828238431  
-0.8850901618  0.4563091859  0.09163696006  
0.4563086501  -0.8883210539  0.05165385734  
-0.654207376  0.1019168428  -0.7494168842  
-0.0799538406  0.503642883  -0.8602041791  
-0.1543469985  0.9418793704  0.2983961389  
-0.5576529618  0.420369005  -0.7157604864  
-0.945641835  0.1566805635  0.284978457  
0.870807538  0.1844300508  0.4557189794  
-0.08920225804  0.9364997947  -0.3391328525  
-0.7667304559  -0.2052924754  -0.6082593259  
0.7327592295  0.6761481258  0.07673085141  
-0.533734221  -0.3053980011  0.7885809041  
0.8769138507  -0.148231579  -0.45721931  
0.9833073329  0.1531746488  0.09820496951  
-0.8079523441  0.5891865213  -0.008500166336  
0.5356828985  -0.5715009515  0.621635339  
-0.7849627832  -0.4802280498  0.3914261735  
0.7356755147  -0.5890329068  0.3343976252  
-0.5974497704  -0.7989285802  -0.06904270906  
0.01315256336  -0.9856859673  0.1680779103  
-0.5374482587  0.5371205678  0.6501160396  
0.5371552635  0.7344112771  -0.4148545516  
-0.3220616126  0.3634836177  0.8741601554  
0.166263664  0.3225967661  0.9318195751  
0.5314210103  -0.8179418902  0.2203696307  
-0.9447533459  -0.1786865793  -0.2747948721  
-0.1925153185  -0.8821179154  0.4298904924  
-0.2887428651  -0.1909481632  -0.9381718163  
0.6800458602  -0.4397739214  0.586631508  
0.2655486296  0.6077804498  0.7483895043  
0.9449540107  0.1623255805  -0.2840991439  
-0.1906678296  0.2500302699  0.9492790121  
0.6709683092  0.5104679031  0.5377955448  
0.8019925693  -0.5710666507  0.1751878968  
0.3735071012  0.853285191  0.3638637494  
0.563319651  -0.2548324193  0.7859589104  
0.3214647919  -0.09828792678  0.9418067057  
-0.6616331494  -0.6371598301  -0.3953086472  
-0.2775371431  -0.6815908899  0.6770575995  
-0.3297964597  -0.9256118959  -0.1856795988  
0.7975819956  -0.2876195897  0.5302244166  
-0.4679811998  -0.8454289964  0.257377949  
0.4403146661  0.8966728161  0.04583509219  
-0.02294750292  -0.2049958476  0.978493799  
0.6812634379  0.7263179474  -0.09133656138  
0.3139096259  -0.7501476321  -0.5820131242  
0.6336311634  0.736840462  0.2357491935  
0.0999832461  -0.3405993737  0.9348772203  
0.6657006666  0.3691525621  0.6485129208  
-0.4002295102  0.5370994712  -0.7425230617  
-0.4480101267  0.05118730148  0.8925619231  
0.09913727676  0.6088105314  0.7870969046  
-0.620725975  0.1509175823  0.7693654186  
0.9837532734  0.1481525393  -0.1013919239  
-0.6182037583  -0.7425942849  0.2576389745  
-0.8937806204  0.4391092612  -0.09131954546  
-0.07035901975  -0.9975163958  0.003263183241  
0.4281983561  -0.4580784498  -0.778980296  
-0.7739638886  0.4583814965  0.4368824816  
-0.9319921698  0.3105686021  0.1869163954  
0.6367254535  0.2188014546  0.7393961187  
-0.368455514  -0.9219116528  0.1196638568  
0.04114631709  0.459650943  0.8871459807  
-0.9560034008  -0.2933397651  0.003046278654  
0.396752519  0.7541371053  0.5233208052  
