1  0  0  
0.5744619238  0.6583481873  -0.4863858165  
0.7866219646  -0.5790811887  -0.2142215249  
0.5704170441  -0.05169325161  0.8197269079  
0.02647476808  0.07016601418  -0.9971839435  
-0.6821871075  -0.6531277754  -0.3287017789  
-0.5333267057  0.2315022359  -0.8136149825  
-0.710668751  -0.5845183047  0.3915204691  
-0.7574788087  -0.2986316769  -0.5805557474  
0.6200354637  -0.7526769095  0.2214350776  
0.08663006479  0.9457278732  0.3131996515  
-0.9836732791  0.1799633525  0.000267771493  
0.2010739515  -0.950615206  0.2364318004  
-0.6458182087  -0.2845322319  -0.7084915316  
0.4023340502  -0.9153304536  -0.01724739767  
0.3954321184  -0.5279082396  -0.7516291175  
-0.6564798699  0.7537774305  -0.02921926762  
0.886919639  0.4364781817  -0.1511963983  
0.6914991084  -0.1424401018  -0.7081947476  
0.7734568559  0.1341157537  0.6194977454  
-0.2498661284  0.9590270024  0.1335444737  
0.3555258584  0.8880860763  -0.2913837421  
-0.5205999137  0.8475089536  -0.1034616037  
0.2853722787  -0.1230674739  -0.9504825403  
-0.05602084276  0.8248884354  0.5625128748  
-0.7168466997  0.4123151252  -0.5622517645  
-0.4956687172  0.6513563723  -0.5744975188  
0.7807971829  0.1447873822  -0.6077765816  
-0.749305618  0.4089237999  0.5208861841  
-0.8740794159  0.4747912294  0.1027543826  
-0.8756286392  -0.05844693193  -0.4794355456  
0.7998934503  -0.06060832499  0.5970737803  
-0.4046604001  0.8926794547  0.1984271951  
0.8799637491  0.06248782333  -0.4709130197  
0.8169033952  0.4964110014  -0.2936749233  
-0.9835330428  -0.1807247236  -0.00115240889  
-0.1498433571  0.02148318055  -0.9884763231  
-0.467275194  -0.08741199699  -0.8797801065  
0.9515655531  0.2629634305  -0.1592897747  
-0.05139322912  -0.7485761078  0.6610541179  
-0.6207853656  -0.7838283922  -0.01544608316  
0.4048716855  0.698204254  0.5904148864  
0.6322766885  -0.3361342878  0.6980257372  
0.1413692532  0.8373963661  -0.5279981631  
-0.3538013563  0.663460243  0.6592761988  
0.8438096586  -0.3148812626  0.434551551  
-0.5714022119  0.5011470334  -0.6498855  
-0.7839332158  0.6199876006  0.03262036636  
-0.8888297108  -0.3329325506  0.3148613376  
-0.5283094771  -0.4326443665  -0.7305531798  
0.2512719923  0.2359082471  -0.9387276947  
-0.6996523299  -0.01135748479  -0.7143931864  
-0.9340298592  -0.3571694044  -0.004270669671  
0.8581117855  0.2333756104  0.4573619881  
0.6648692898  0.5036479104  -0.551622706  
0.4079087248  -0.7793371472  0.4756512202  
0.8093425692  -0.5320650389  0.2487396231  
0.7886333702  0.4166462104  -0.4521762298  
0.2083229757  -0.7558403754  -0.6207309117  
0.3981542694  -0.8405247187  -0.3674117241  
0.9458310673  -0.2901679644  -0.1456232966  
-0.02142960209  0.37140801  -0.9282224207  
0.1957208169  0.9142190401  -0.3548195435  
0.9448181795  -0.01566762368  0.3272203131  
0.5545595037  0.1097911591  -0.8248694795  
-0.8821906888  0.1230345303  0.4545350294  
-0.5505454061  -0.6902510878  -0.4695244314  
0.1087565095  -0.2323895558  -0.9665232103  
0.4303883881  -0.1872136729  -0.8830157847  
0.2335517677  -0.6091807248  0.7578604201  
0.6464276417  -0.5754250424  0.5010162918  
-0.8624751408  0.4981773165  -0.08919637283  
0.2422160456  0.5276650652  0.8141873042  
-0.3166711689  0.8787619689  -0.3570669023  
0.9477794563  -0.0201144086  -0.3182915531  
-0.04316800169  0.6380842625  -0.7687554862  
0.03620063895  0.1174605543  0.992417519  
-0.06144255606  -0.5216577054  0.8509395106  
-0.2383738876  -0.9493575827  -0.2046901803  
0.1573082891  0.6397337631  -0.7523262687  
-0.9819452452  0.1007171997  0.1601236429  
-0.3275803326  0.7053795288  -0.6285943414  
-0.2483677944  0.9674842314  -0.04782991458  
0.6652023542  0.7262497292  0.1733988434  
-0.3449041042  -0.9311076207  0.1186581546  
-0.4182859956  -0.7131712154  0.5625154606  
-0.311015131  0.4595703879  -0.8319042294  
-0.5177581364  -0.5721918777  0.6360212004  
0.07156196143  -0.911666529  -0.4046517337  
0.5993998753  0.406005373  -0.6898401457  
-0.6962203096  0.6352666715  -0.3342357501  
-0.1370968229  0.9104617417  -0.3902100436  
0.654833104  -0.5885452553  -0.4741393133  
0.2357594642  -0.8218788782  0.5185871041  
0.7905143123  -0.2247532655  -0.5697131661  
-0.3753738959  0.2890405928  -0.8806531519  
0.3515957743  0.3595809252  -0.8643390363  
0.4787160692  -0.4054512112  0.7787427305  
0.7741216936  -0.2437889127  0.5842110659  
0.7783891003  -0.5036717179  -0.3747335174  
0.5078391552  -0.6197201086  -0.5983697681  
0.8821912276  0.4441968077  0.1562940622  
-0.7340328467  -0.3263084601  0.5955825457  
-0.05983110206  -0.3006809966  -0.9518461943  
-0.06623408112  0.558286032  0.8270004553  
0.6558828296  0.2236171847  -0.7209806298  
0.3132687431  0.03434329825  0.9490433249  
0.5305427886  -0.424786486  -0.733539904  
-0.09791308172  -0.8706124102  -0.4821276384  
-0.2463548096  -0.06889901963  0.9667275898  
0.7877927701  0.4160333103  0.4542013168  
0.9831567929  0.0834497171  -0.1626003237  
-0.5344383882  0.7218424167  0.439680719  
0.2545121278  0.6749772883  0.6925526963  
0.9828203406  0.08731380196  0.1626052831  
-0.3972038175  -0.5637464188  -0.7241678691  
-0.08751593131  0.989320637  -0.1165574495  
-0.6211948384  0.4907039207  0.6110046112  
-0.8769959927  0.1318388328  -0.4620568698  
-0.4153458309  0.001004277533  0.9096630322  
0.2653870174  -0.1584977705  0.9510248092  
-0.2561893974  -0.7971905029  -0.546675676  
-0.3539686267  -0.2271689698  -0.9072488471  
0.05454457436  -0.8357651375  0.546371233  
-0.3134649772  -0.8267679467  0.4671129097  
-0.6744865243  0.3209797202  0.6648608484  
-0.2245219603  -0.3577093272  -0.9064402499  
0.2431534792  -0.9198928711  -0.3076905771  
-0.687700772  -0.0387087202  0.7249615736  
-0.8498408028  -0.5269329618  0.01059545068  
-0.4051030518  0.3616421495  0.8397061826  
-0.7980625732  -0.5160119247  -0.3111716934  
-0.2299222574  0.8516373413  0.4710091236  
0.2266368779  0.973876719  0.01413724764  
0.6595837044  0.444013472  0.6064663004  
0.1623322716  0.3883629043  -0.9070956334  
0.0142689508  0.9675512582  -0.2522715993  
-0.102484789  -0.7631015018  -0.6381010626  
0.4097818305  -0.5654086026  0.7158155933  
0.561669879  -0.7182178327  0.4107189936  
0.1281902644  -0.4992117176  0.8569451074  
-0.4073155021  -0.1749927125  0.8963657916  
-0.547661928  0.7924597867  0.2684658248  
-0.9331906231  -0.1602128138  0.3216941329  
-0.2461100525  -0.7390496769  0.6270848564  
0.648406721  0.7464053879  -0.1498256354  
0.8525033353  -0.312336576  -0.4191466648  
0.5451474955  -0.8335120922  -0.08984319825  
0.5003019476  0.273277918  0.8215942677  
-0.4235917262  0.1041468645  -0.8998463647  
0.08769157006  -0.994305479  -0.06055413179  
0.2045456491  -0.3395754379  0.9180684067  
-0.8758862359  0.4020355597  0.2668158739  
0.9493968966  0.2683536499  0.1631926813  
0.2143223509  -0.6189987496  -0.7555835347  
-0.7766208296  0.4773134136  -0.4111350049  
-0.7859900179  -0.5983946612  -0.1553818559  
-0.5127998631  -0.2959042409  0.8059013467  
-0.4434065149  -0.470173994  0.7631035827  
-0.7671416893  -0.6148543012  0.1828874432  
-0.9308808949  0.2075616287  0.3006308862  
-0.08185231068  0.9683582395  0.2357594522  
-0.5074225265  -0.8328276813  0.2211796392  
0.6785220838  -0.7195266417  -0.1479499699  
-0.4055306675  -0.8023160128  -0.4379884626  
-0.1473942621  0.7360579448  -0.6606766482  
-0.7994381287  0.04033399192  0.5993928992  
0.3491312319  0.6167060374  -0.7055359994  
-0.2478601073  0.469807858  0.8472578968  
0.0818881732  0.469852917  0.8789383161  
-0.476610678  0.8282310197  -0.2947467382  
-0.9820862806  0.0909980484  -0.1650027052  
0.3917212652  0.8791920995  0.2712484148  
0.1980896221  0.1743926837  0.9645453299  
-0.9284213904  0.2007022791  -0.3126536694  
0.3782398577  0.4079130675  0.8309882908  
-0.6273943729  -0.7123634476  0.3145069464  
-0.1326029958  0.05887444658  0.9894191453  
0.5405225234  0.5784548328  0.6109217692  
0.9501743572  -0.2706688445  0.1546191049  
-0.518532662  -0.8421395652  -0.1480703587  
-0.6792161888  0.1663756455  -0.7148318078  
0.6100057796  0.1354065679  0.7807419613  
0.07814519332  0.9880002674  0.1332246238  
-0.03342794698  -0.910937141  0.4111886399  
-0.8851456723  0.382143786  -0.2654868465  
-0.9341962804  -0.1632028426  -0.3172414567  
-0.1864800326  -0.964545786  0.1867528422  
-0.3764522738  -0.9227278137  -0.0828074108  
-0.08582797335  -0.2264276836  0.9702391783  
0.7470493232  0.6647125017  -0.008637057138  
0.3817819377  -0.7624686751  -0.5223830697  
0.2490543304  0.8892816005  0.3836015843  
-0.09591334708  0.2054122251  -0.9739642948  
0.5445244741  0.7776705586  0.3141999355  
0.7461652891  -0.6508703346  0.1400184592  
0.5643717463  -0.07017961443  -0.8225322813  
-0.05564678311  0.7040841763  0.7079328416  
-0.8485501638  -0.2428534573  0.470090223  
0.4761565467  0.7851733297  -0.3959517463  
0.4899638157  0.8702966196  -0.0501921626  
-0.6716044109  0.6681906719  0.3201073901  
0.3687828698  -0.9129555948  0.1746747743  
-0.2620482345  0.3000695727  0.9172180626  
-0.5623803653  0.25241021  0.7874118431  
-0.8838775521  -0.3474340675  -0.3131294327  
0.6796148774  0.5595472374  0.4743738058  
-0.07102734015  -0.9960114197  0.054003414  
0.09276286024  -0.4022116768  -0.9108352314  
-0.2599366  -0.5106471144  0.8195562754  
-0.09663094651  -0.6278957115  -0.7722754921  
0.9323176939  -0.3612694006  0.01637491551  
