1  0  0  
-0.5732054978  -0.6477787337  0.5018148758  
0.7913691461  -0.2168921195  0.5715703658  
0.438938754  -0.162398866  0.8837190609  
0.1789145325  -0.03163529582  -0.9833558858  
-0.9342491024  -0.3214437183  -0.1544427099  
-0.6783466642  0.3213883384  -0.6607233454  
0.4327151431  0.646712053  -0.6281091668  
-0.7738684083  -0.1594558126  -0.6129449652  
-0.5186778033  0.8225856186  -0.2330798928  
0.2434604507  0.962742458  0.117702882  
-0.9375303589  0.3264277426  0.1203401634  
0.01392366591  -0.8943926997  0.4470658008  
0.6841634797  0.05354714779  0.7273603206  
-0.1891147187  0.9106680885  -0.3673135661  
-0.2857480946  0.6199805906  0.7307339418  
0.5374223939  -0.8414603895  0.05587113129  
-0.9301633122  -0.3045900482  0.2049905246  
-0.6526198926  0.2638246426  0.7102702541  
-0.8794942261  0.1080412275  -0.4634835481  
0.3879040007  -0.8180883804  -0.4245725946  
-0.2019798643  0.5873854135  -0.7836979715  
-0.3848533971  0.9136094748  -0.1311700817  
-0.3438080079  0.00316208017  0.9390346399  
0.1216104349  0.7915387378  0.5988967597  
-0.575446372  0.6456476254  -0.5019966302  
0.5002219976  -0.5702948683  0.6515686582  
-0.7739004943  -0.08352718448  0.6277748277  
0.5948686945  -0.563395176  -0.5733385667  
-0.9186118497  0.3199204954  -0.231955052  
-0.9826368706  -0.1631637068  -0.08833111185  
-0.5727562074  0.05465792311  -0.8179014845  
0.2619918407  -0.9062547505  -0.3317568426  
-0.8865352551  0.1858422937  0.4236955078  
0.8473749799  0.4428449622  -0.2929914381  
-0.9823246727  -0.1587192105  0.09922927858  
0.237680288  -0.4331092342  0.8694391709  
-0.5538251577  -0.137552066  -0.8211925011  
0.9483270568  0.3165435984  -0.0218161337  
-0.1125047781  -0.5863652876  0.8021960012  
0.7947277108  0.6068600263  -0.01134787078  
0.4575409417  0.7284537933  0.5099130883  
0.5405239771  -0.4139691174  0.7324366184  
-0.08716444487  0.208661667  0.9740958209  
-0.1108556813  0.6109255812  0.7838883544  
0.7802945925  -0.2177602712  -0.5862770789  
-0.6440179586  0.4888145089  -0.5884736569  
-0.7789796227  0.6220352632  -0.07913835232  
0.6772992028  0.516688715  -0.5237352019  
-0.4042355891  -0.2149887116  -0.8890294947  
-0.09563140259  -0.4326371954  0.8964818414  
0.7951833004  -0.02822107648  0.6057120518  
-0.8783884894  -0.4726694147  -0.07083280392  
-0.9392975439  -0.0110672971  -0.3429251214  
0.1592464682  -0.8353572965  0.5261356759  
0.483042818  -0.7774149558  0.4028593086  
0.7578249864  -0.5995209855  0.2574410184  
-0.5564525327  -0.51799949  0.6496438311  
0.1645949241  -0.7390348123  -0.6532503787  
-0.2287300848  0.8283360001  0.5114117902  
0.9015804746  -0.3156405028  -0.295844082  
-0.08712266997  0.3601816036  -0.9288050672  
0.1361233488  0.8376033263  -0.529047353  
0.9443922787  -0.1559822231  0.2894698084  
0.3822196994  0.1742865751  -0.9074867994  
0.7127352255  -0.5544311585  0.4296679983  
0.607340405  0.4257983876  0.6706961798  
0.3785223697  0.6438666374  0.664948546  
0.5861464892  -0.1239390185  -0.800669353  
-0.41809171  -0.5028742602  0.7565162262  
-0.2174462195  0.9554202453  -0.1997230495  
-0.8624534518  0.4774293061  -0.1680336311  
-0.455368674  -0.4955522824  -0.7396399841  
0.3594903423  -0.8814205576  0.3063731293  
0.9318070927  -0.02434437945  -0.3621365671  
-0.05548381878  0.5189275596  -0.8530156703  
0.00848165294  -0.05930653352  -0.9982037851  
0.06877243966  0.2730278895  -0.9595447478  
-0.2208465419  -0.9303490308  -0.2927071675  
0.1302558961  0.7187474634  -0.6829608227  
-0.9563726454  0.1633598599  0.242208421  
-0.4148449482  0.3356722009  -0.8457114417  
-0.2540932532  0.9548914735  0.1536843923  
-0.7738641005  -0.6106455519  -0.1680665459  
-0.4053175506  -0.9126001258  -0.05365345785  
-0.4220883736  -0.7645872761  0.4870807963  
0.3802642462  -0.4952838279  0.7810845235  
0.555072409  0.3646184028  -0.7476282773  
-0.05015714005  -0.9310384718  -0.3614576398  
0.7961516379  0.2460920434  -0.5527940626  
-0.2372618563  -0.2880950017  -0.927743543  
0.2813112875  0.6235974934  -0.7293765322  
0.6327518229  -0.6633603374  -0.3994723938  
0.4159688966  -0.7150289683  0.561874943  
0.6965747983  -0.3962684456  -0.5981261316  
-0.6494478122  -0.7133230888  -0.2634154707  
-0.6872025774  -0.3734884052  0.6231043482  
0.568611664  -0.2413955663  0.7863898246  
-0.979584965  0.1653580054  -0.1143242162  
-0.6692210561  0.7427525946  0.02148863272  
-0.4513160443  0.5953966948  0.6646928644  
0.9845237437  0.004042105537  0.1752046217  
0.4144734539  0.9010484326  -0.1277633675  
-0.1622322153  -0.444972176  -0.8807272398  
0.08388392404  0.5861343195  0.8058598183  
-0.4062833787  -0.3443205477  0.8463906762  
-0.1452511063  0.01727126228  -0.9892440647  
-0.4990616673  0.7033392041  0.506212817  
-0.2018230877  -0.678220605  -0.7066004898  
-0.2157918598  -0.1439280228  0.9657735747  
0.8734159115  0.08110422264  0.4801736672  
0.9839144275  -0.004086261296  -0.1785936778  
-0.5293670737  0.7849962731  0.3217939597  
-0.5382397582  -0.5897082924  -0.6021146839  
0.9425278471  -0.3293975968  0.05602214395  
0.5141341825  0.3244636537  0.7939706417  
-0.08233522378  0.9938833684  0.07359864781  
-0.5596309646  0.4375672744  0.7038096788  
-0.2710163004  0.2672401653  -0.9247339396  
0.4997381467  0.02538381201  -0.8658045084  
0.1187580694  -0.192895403  0.9740061008  
-0.5058222437  -0.7917566452  -0.3424401739  
0.2799752653  0.1017399045  0.9546008814  
-0.2025334363  0.7312512843  -0.6513461187  
0.130580476  0.9269153006  -0.3518192219  
0.4033174543  -0.4701363635  -0.7850521198  
-0.7963878025  -0.426146763  -0.429144969  
0.09899699679  -0.9640963309  -0.2464099419  
-0.7239897938  0.08486928471  0.6845699255  
0.6754143744  0.7328120897  0.08247341374  
0.3422445068  -0.3306894403  -0.8794959873  
-0.7680218962  0.3897173116  -0.5081956159  
-0.1068644638  0.9038681941  0.4142490483  
-0.2585795785  -0.9640352314  0.06142209807  
0.7386803948  0.3415060168  0.5811410456  
0.244574982  0.313532597  -0.9175404017  
0.03970104416  -0.9599560244  0.2773233823  
-0.295597344  -0.7700944192  -0.5653112379  
-0.3388931907  0.6394884892  -0.6900767186  
-0.6306226622  0.699960435  -0.3352170153  
0.04519812344  -0.66849775  0.7423394694  
0.6761198885  0.2186011143  -0.7036159813  
-0.4069552041  0.8827002272  0.2350058952  
-0.9485696907  -0.1388539908  0.2844909684  
-0.4178029311  -0.8535260586  0.3113422201  
-0.7888338878  -0.5842772119  0.1906862267  
-0.7178024948  0.5187142312  0.4644298921  
0.5401691155  -0.8319052357  -0.1270866065  
-0.6544613727  -0.2458129198  -0.7150219018  
-0.2955992572  0.09058235596  -0.9510078422  
-0.09069256074  -0.9958547374  -0.006942724492  
0.03913552384  -0.4772169765  -0.877913645  
-0.8608623093  0.4773833887  0.1761283189  
0.8911275014  0.3189419879  0.3227503441  
0.03437304267  -0.8343774046  -0.5501207509  
-0.792086468  -0.4021503039  0.4592103661  
-0.553566449  -0.8326635013  0.01535188021  
0.2621001481  0.476356051  -0.8392785146  
0.8830781838  0.2742641286  -0.3807257661  
0.8819679641  0.458393343  -0.1095812641  
-0.8124746927  0.3431245128  0.4713283807  
-0.748432055  0.6015830426  0.27919044  
-0.6721511997  -0.6890825515  0.2708837426  
0.6550435375  -0.7267960534  -0.2066046  
-0.3461639281  -0.8457162277  -0.4061214068  
-0.3184584375  0.8200981766  -0.4754189776  
0.8433355601  -0.05242057407  -0.5348244726  
0.2805017787  0.8596786899  -0.426932433  
-0.2329849406  0.4880544262  0.8411426125  
0.03858723466  0.3332971632  0.9420318606  
-0.3990343526  0.9156186732  0.04913278777  
0.984027336  -0.1664482214  -0.06312837455  
0.8462516926  0.4714883476  0.2481064507  
0.1155500663  0.1768070997  0.9774392215  
0.8695902307  -0.2793121168  0.40718248  
0.3532623312  0.3926505608  0.8491355972  
0.7324025577  0.5695096614  -0.373155784  
0.4327559376  -0.1557287499  -0.8879588137  
0.6063003891  0.6632592623  0.438733392  
0.8276184013  -0.4450595433  0.3420084571  
0.538311479  0.8265053232  0.1646502424  
-0.6937684148  0.1370749438  -0.7070331296  
0.433518258  0.02591189651  0.9007721652  
0.1094316433  0.9788214965  -0.1730121191  
0.01677175326  -0.7890121678  0.6141486037  
0.6598388475  -0.7342487565  0.1596604487  
0.9463122188  0.1664224709  0.2771222579  
-0.2724507102  -0.930928771  0.2431917637  
0.3856830754  0.8928188472  0.2326436577  
-0.53590737  -0.2005362641  0.8201149295  
-0.6853166857  -0.7220031903  0.09514427734  
0.3454922328  -0.7262844074  -0.59426095  
0.1720295756  0.8711200089  0.4599519053  
-0.03854195635  -0.1086715176  0.9933302668  
0.7369115925  0.5781352008  0.350315564  
0.8746312481  -0.4847602977  -0.005256761741  
-0.6434315485  -0.05345433883  0.7636350412  
-0.006294924999  -0.7127861885  -0.7013531374  
-0.8781197787  -0.1123426565  0.465064277  
0.5513584952  0.7484701615  -0.3685053963  
0.5542240303  0.809625667  -0.1932407916  
0.8202370824  -0.4584052757  -0.3421633118  
0.2374609719  -0.971080778  0.0247872818  
-0.2659277185  0.1845412409  0.9461643509  
-0.5051900092  0.3016154566  0.8085859082  
-0.8487806721  -0.2462262402  -0.467914532  
-0.6782255327  -0.5150641271  -0.5241365011  
0.06370280747  -0.9926656617  0.1027464669  
0.163699914  -0.3514114775  -0.9217984116  
-0.2824125258  -0.7531641725  0.594127002  
0.2801731914  0.5448742401  0.7903259108  
0.7770279667  -0.6214144832  -0.1003572568  
0.07323103795  0.97990341  0.1855438548  
