1  0  0  
-0.7814230616  -0.6034236253  0.1589274278  
-0.7958131761  0.2543823249  0.5495189001  
0.4317620044  -0.2641386606  0.8624455574  
-0.3879837286  -0.07539618469  0.9185771833  
-0.7966695366  -0.5813180384  -0.1654901439  
-0.5712852552  0.1408247764  -0.8085799525  
-0.7111610666  -0.6297460147  0.3125218301  
-0.7909810089  -0.1089412267  -0.6020638278  
-0.4087263069  0.8217407457  -0.3970956471  
-0.1192740753  -0.9147595279  -0.3859905453  
0.7814000921  -0.6239402877  0.01060252043  
0.07070272742  0.9822008427  -0.1740190475  
0.6948809955  -0.009991353286  0.7190553351  
0.04135672238  0.4016458456  -0.9148607742  
0.4315583415  -0.4488244109  -0.7825049815  
-0.6648617996  0.7458007254  0.04171409119  
0.7263816181  0.2808879955  -0.627273209  
0.4318638708  -0.2817396858  -0.8568058978  
-0.8077955235  0.06908990252  -0.5853998442  
-0.5643754649  0.4969741404  0.6591638934  
-0.1261115459  0.3238540691  0.9376643429  
0.5620661474  -0.7829310568  0.2666469693  
-0.5413129874  -0.02392559909  0.8404807049  
0.0379833012  -0.8773695799  -0.4783094074  
-0.5754071008  0.4841257281  -0.6591880974  
-0.4395413688  0.4386987264  -0.7838027894  
0.8720014573  0.05895906751  -0.4859395918  
-0.6915543295  0.2086993531  0.6915180325  
-0.9819013842  0.1885112287  0.01825344889  
0.9526165586  0.2563275213  0.1637616994  
0.566726375  -0.3151883837  0.7612341943  
0.3186538138  -0.9052996498  -0.2808777155  
0.9382643973  -0.155346214  -0.3090751925  
-0.8791247993  -0.3403220088  0.3336472951  
-0.9839584735  -0.07748670017  -0.1606908017  
-0.1416654276  0.4592846206  -0.8769199188  
0.6685860705  0.1645609734  0.725198147  
-0.9840300088  -0.1779965535  0.001472665007  
0.004972916153  -0.5498392989  0.8352556588  
-0.5140206332  -0.8481375539  0.1282399246  
-0.4037528878  -0.6504673922  -0.6433317785  
-0.7504320383  0.4241454623  -0.5069047077  
-0.699148466  0.1834078774  -0.6910520769  
0.2757796286  -0.5563602892  -0.7838423471  
0.5512418285  -0.7163208056  0.4278048036  
0.8571809187  -0.3281901027  0.3969031735  
-0.7927378162  0.5785133915  -0.1920651209  
-0.6515762005  -0.4473543219  0.6126357528  
0.4749265515  0.3756317955  0.7958300854  
0.01259578091  -0.856087889  0.5166767583  
0.2596559112  -0.01862001648  0.9655216739  
-0.6724166415  -0.7288425546  -0.1290131422  
-0.8554824539  -0.2231071591  -0.4673039338  
0.3677114192  0.9055568805  -0.2115538899  
0.5282903288  -0.6252194446  0.5744649464  
0.7858545157  -0.5061564177  0.3553003813  
-0.6909563297  -0.5488010642  0.4705281526  
0.2547285359  -0.6988383618  -0.668384857  
-0.3626929788  0.828735925  0.4262048449  
0.8749281478  -0.4789676816  0.07134911456  
0.1198243013  -0.2993469104  0.9465904944  
0.1612398751  0.5486973693  -0.8203248744  
0.8871323449  0.04211560185  0.4595894677  
0.3443801824  0.2508267451  -0.9047033956  
-0.03589638079  -0.2368925338  -0.9708724825  
-0.6930935721  -0.5685160669  -0.4431825605  
-0.9348443428  0.222098862  -0.2770165162  
0.5643890052  -0.158477379  -0.8101542885  
0.7797996578  0.3948965367  -0.4857666301  
-0.2566655579  0.9546190162  -0.1510805258  
-0.8806934742  0.4092100095  -0.238592063  
-0.3157037648  -0.4022774728  -0.8593625357  
0.2762543269  -0.9045720609  0.3247043786  
0.9805305852  0.1044261471  -0.1662977787  
0.1732221432  0.296246107  -0.9392722359  
-0.1098139191  0.1427671025  0.9836454939  
0.07076683143  0.03302685983  -0.9969459775  
-0.2701782626  -0.9208640287  -0.2810927731  
-0.4414227445  -0.7500539211  0.4925089603  
0.9254489585  0.1792961114  -0.3337620853  
-0.2931065024  0.3705264918  -0.8813618423  
-0.3652955942  0.9234571805  0.1174136474  
-0.5662060171  -0.7195149421  -0.4021305687  
-0.3937026835  -0.9190753342  0.01728372304  
0.5526993007  0.6093860477  -0.5684823022  
0.2811811589  -0.5368433904  0.7954472516  
0.4335026137  0.380868152  -0.8167098228  
-0.03153212255  0.9537029215  0.2990927327  
0.6475817582  0.1548812632  -0.7460895796  
0.8059214908  0.498650795  0.3191205656  
0.3314114102  0.8572728762  -0.3940173763  
-0.6761256204  0.5359092029  0.5056238441  
0.395600495  -0.7363862196  0.5488493272  
0.8766937433  -0.1163416737  -0.4667683531  
-0.1325661784  0.9018881787  -0.4111251896  
-0.5035029884  -0.2040640176  0.839549056  
0.6823596663  -0.3530221897  0.6401254716  
-0.419710626  -0.8386804212  -0.3470708019  
-0.9272068976  0.3708608915  0.05243632526  
-0.4179937969  0.5999453265  0.6821633169  
0.9520376456  -0.03198201085  0.3043049003  
-0.1110194213  0.6505179937  0.7513328344  
-0.03171146591  -0.2098980296  0.9772088825  
0.03439298337  0.5842564049  0.8108400434  
0.1648710506  0.8731457073  -0.4587309784  
-0.4035029317  -0.07932566315  -0.9115332267  
0.5447447607  -0.6388723752  -0.5432266874  
0.2700961182  0.8484916695  0.4550933682  
0.2232939492  0.6721372896  -0.7059541601  
-0.7904914054  -0.3990165355  -0.4646602441  
0.7657187016  0.643156769  0.004923457205  
0.6624290154  -0.6516734202  -0.3694719922  
0.3646912858  0.2443648351  0.8984910091  
-0.9845907464  0.07409841437  0.15839977  
-0.5272854672  -0.5065123653  -0.6822135002  
0.4007467223  -0.9148003692  0.05042171286  
0.7867038921  -0.4196606229  -0.4527493211  
0.126228428  -0.4960292193  -0.8590817176  
0.4178139877  -0.1046563503  -0.902484637  
-0.1123148208  0.1131272187  -0.9872120408  
-0.07506001547  -0.7161872712  -0.6938600628  
-0.5265723695  -0.207037656  -0.824534383  
0.2682446146  -0.6990429876  0.6628602629  
-0.207283734  -0.93590853  0.2847958514  
0.6911062122  -0.3819399312  -0.6135911443  
-0.7994647723  0.2457313864  -0.5481534125  
-0.03949843811  0.9933386569  0.1082505713  
-0.7717096452  -0.1061002269  0.6270621702  
-0.6549805893  -0.7533691013  0.05861249752  
-0.5719306525  0.3344227831  0.7490372026  
0.5050263009  0.5010464693  -0.7027808129  
0.1814577847  -0.9044906899  -0.3859658848  
0.1027781671  0.9946717411  0.00804834645  
0.7479089939  0.2854794543  0.5992775801  
-0.2816306649  -0.7772024583  0.5627081904  
0.07473111165  -0.9947875653  0.06937550639  
0.1778568755  0.5014282616  0.8467211054  
-0.41019037  0.592442985  -0.6933651058  
-0.6632327893  0.5680906429  -0.4872322738  
-0.1391516209  0.6345977083  -0.7602121908  
-0.342090076  -0.5417021233  0.767810647  
-0.4765658307  0.8398866469  0.2597603306  
-0.9452309629  -0.01311253073  0.3261387564  
-0.4866685078  -0.8148850044  0.3148272432  
0.8642180273  0.5031170064  -0.0006921645189  
0.8768271638  -0.4083011747  -0.2538981599  
0.5251931632  -0.8466944947  -0.08532628011  
-0.6196309499  -0.3380207646  -0.7083780408  
0.2723073815  -0.1993806512  0.9413267477  
0.2230709912  -0.9745452716  -0.02237960065  
-0.2189828557  0.8151566278  0.5362519753  
-0.2227857982  -0.6360016814  -0.7388290393  
0.8899786244  0.4252464105  0.1646315231  
-0.1025288735  0.767458153  -0.6328473857  
-0.03757394045  -0.9360515832  0.3498508719  
0.4125462757  0.894957248  0.1698737609  
0.1093306422  0.7831587744  -0.6121349073  
-0.5885567494  -0.3312457067  0.7374803282  
0.9455721841  0.2777431646  -0.1695640859  
-0.8480392645  0.5164022436  0.1189879353  
0.8899100954  -0.1413811766  0.4336719786  
-0.8800793006  -0.4444067312  0.1672216549  
0.619786151  -0.7517595038  -0.225217174  
-0.2582738144  -0.7504116629  -0.6084217066  
-0.242012168  0.8214212022  -0.5164274577  
-0.8747809946  0.2927838761  0.3860515683  
0.5855210841  0.6980399948  -0.4121956158  
-0.282969675  0.3951729055  0.8739373764  
0.179255053  0.3230181774  0.9292614718  
0.6849508892  -0.7144020069  0.1430805783  
-0.9832100434  0.1113245855  -0.1445850861  
0.6928688319  0.6593448706  0.2918854628  
0.07607277906  0.06320598084  0.9950969482  
0.9466802264  -0.3007839505  0.1154364072  
-0.2231196778  -0.1541411889  -0.9625269364  
0.8073323405  0.4922366358  -0.3254498216  
0.2549465412  -0.04425034669  -0.9659421142  
0.5583679269  0.6214345829  0.549585587  
0.9472824656  -0.2640288756  -0.1815067027  
0.5552926254  0.7961595483  0.2403748609  
-0.4218391935  0.09305017946  -0.9018832291  
0.5585956687  0.03322818846  0.8287742554  
-0.1168975641  -0.9725933755  -0.2009902618  
-0.03680018428  -0.6835206654  0.7290029125  
-0.5546653021  0.827084117  -0.09098497718  
0.9353475468  0.1531881837  0.3188390614  
-0.2402292266  -0.9655486332  0.1000287739  
0.2599441726  0.9610452022  0.0939209585  
-0.216465658  -0.128058964  0.9678551135  
-0.9380135166  -0.3465937568  0.001846710109  
0.3935723506  -0.7285783847  -0.5606017679  
0.1090921779  0.8254785991  0.5537905553  
-0.2611062307  -0.4197943128  0.8692504077  
0.4207079062  0.7541909685  0.5041833403  
-0.68451528  0.6543667756  -0.3213144168  
-0.7884457762  0.07304771652  0.6107514135  
-0.07313966966  0.7764260332  0.6259498411  
-0.8400075202  -0.2303955892  0.4912282958  
0.6280382414  0.7449105058  -0.2251139838  
0.5418173981  0.8385277432  0.05749026806  
-0.7811126297  0.5370386893  0.3185161  
-0.4215513794  0.8792874255  -0.2216936125  
-0.2764898264  0.2219140996  0.9350441211  
0.6757510168  -0.02587338512  -0.73667573  
-0.8871533254  -0.3310802076  -0.3214729746  
0.6691158777  0.4609162259  0.5829581246  
0.1058871368  -0.964330043  0.2426014889  
-0.02614521287  -0.4179149916  -0.9081098434  
-0.396873524  -0.6549963662  0.6430172364  
0.3654520611  0.5339082261  0.7624872439  
-0.5229121464  0.7494081524  0.4061407493  
-0.1820111132  0.9634233077  0.1966913442  
0.7446413356  -0.6430908377  -0.1787273225  
