1  0  0  
-0.5577045652  -0.7447058996  0.3665770602  
0.8000722387  -0.4984511216  0.3338126605  
-0.3913594483  0.1288692089  -0.9111698575  
0.1943866323  -0.08096048786  -0.9775782509  
0.9453889567  0.2877253846  0.1531464122  
-0.5069831781  0.2452712593  -0.8263232216  
-0.4800933632  -0.7070952909  0.5191595249  
-0.7906527895  -0.1821853211  -0.5845311584  
0.615582875  -0.7479346938  0.2482970354  
-0.003720659167  -0.9716016305  -0.2365933817  
-0.949683385  0.3092731779  0.04951332849  
0.006373874378  0.9848681789  -0.1731878864  
0.7502187432  0.03180992955  0.6604240802  
-0.1854807628  0.8724617367  -0.4521143711  
0.2984292828  -0.5950133667  -0.7462566962  
0.8133764195  -0.5613872063  -0.1525228006  
0.9095141035  0.3701371777  -0.1891628011  
-0.7200256482  0.2328687995  0.6537087946  
-0.9327803973  0.01870567764  -0.3599594812  
0.4742105123  -0.7008215113  -0.5328917332  
-0.3609513496  -0.9261130161  0.109675907  
-0.5321351209  0.8395182749  -0.1097327628  
-0.2434667161  -0.09339493465  0.9654021671  
0.1539809751  -0.780724362  -0.6056065802  
0.7213210504  -0.4871595527  0.4923124135  
0.5883709965  -0.6057846114  0.5355787291  
-0.6778581504  -0.08462062931  0.7303065637  
-0.5935975371  0.5605920309  0.577389417  
0.8923257883  -0.3453402079  0.2906799414  
-0.986261058  -0.1457927386  -0.07767626983  
-0.6212313684  -0.0646860577  -0.780952816  
0.3270853041  -0.8850674048  -0.3311659597  
0.9351955038  0.05654408649  -0.3495885238  
0.8146729633  0.5105297979  -0.2750768772  
-0.9716890053  -0.2212428779  0.08289792466  
0.1942571122  -0.5499640987  0.8122829953  
0.8863301484  0.1461897919  0.4393716112  
0.9316624205  0.3632824746  -0.005565784095  
-0.1260415341  -0.5522453236  0.82409868  
0.7706343295  0.6367658821  0.02553314715  
-0.4678483771  -0.7639147953  -0.4444683133  
0.6370692536  -0.2828452667  0.7170364853  
-0.9464719287  0.1803300671  -0.2677161839  
0.2507601093  -0.3514968935  -0.9019807656  
0.372025212  -0.8158332114  0.4427340203  
-0.7409520192  0.3230459816  -0.5887541074  
-0.7906833665  0.6114921589  -0.02995252164  
-0.434987901  -0.4858623064  0.7581051017  
-0.3583696275  -0.1929899575  -0.9134145206  
0.1172956971  0.3875284146  -0.9143650515  
-0.8529209612  0.006207129187  -0.5220031662  
-0.8643688341  -0.4978123336  -0.07105912377  
-0.6954933554  -0.3609907268  -0.6212686116  
-0.7542654075  -0.4870227698  0.44033228  
-0.5355188157  0.7349854262  -0.4159519459  
0.7471788927  -0.6313003369  0.2078066094  
-0.6282318889  -0.6067065189  0.4870645683  
-0.1430990274  0.6624121379  0.73534538  
-0.3276273559  0.8102518161  0.4859550496  
-0.9684143974  0.07393211608  0.23813357  
-0.2066827532  0.3848352748  -0.8995465807  
0.0330554908  0.726750831  -0.6861053593  
-0.9540966132  -0.1386661619  -0.2654644012  
0.4320261555  0.3243582524  -0.8415135917  
-0.7027985005  -0.4983759848  -0.5076373169  
-0.4386395039  -0.5116530202  -0.7387872309  
0.3275084114  0.7644573342  0.5552866149  
0.6422732926  -0.09551976619  -0.7605004877  
0.2843799612  0.5723380219  -0.7691275748  
-0.4632384595  0.8395213436  -0.283926123  
-0.8545399924  0.4923714312  -0.1653232446  
-0.3115124388  -0.6394690929  -0.7028792782  
-0.2901389616  0.9044392516  -0.3127443414  
-0.195465447  0.9641080369  -0.1796912689  
-0.03990227078  0.4695530811  -0.8820021047  
-0.003047921374  -0.1250027785  -0.9921517099  
0.05655183635  -0.3118910887  0.9484333601  
0.1521137258  0.9748946132  0.1626096787  
0.1234112052  0.8151278718  -0.5659825324  
0.9858590015  -0.1451411142  -0.08376208099  
-0.6221301078  0.4540670598  -0.6377909016  
-0.4311506528  0.9017231389  0.0316937769  
-0.7865973258  -0.5800156772  -0.2117698308  
-0.25419984  -0.9668136936  -0.02556800928  
0.3925987765  0.8252483529  -0.4059942816  
-0.3509747154  0.4787587164  -0.8047402318  
0.6722602127  0.4437556577  -0.5925766808  
-0.009620246197  -0.8270654264  -0.562023337  
0.5388768875  0.03589934443  -0.8416192353  
0.5534087269  -0.08546731434  0.8285131979  
0.3883293332  0.6485665895  -0.6546462464  
0.7154076829  -0.5229172383  -0.4634106269  
0.4340559468  -0.6992480091  0.5680208242  
0.8280837396  -0.1867930957  -0.5285694464  
0.01421561806  -0.567927937  -0.8229555119  
0.6911998112  0.2641392653  -0.6726613335  
0.5016082548  -0.4057816485  0.7640225209  
-0.182576021  0.5060519868  0.8429575216  
-0.7083281675  0.6968848905  0.1123505963  
-0.4533142923  0.584968377  0.6725460209  
0.9828723731  -0.01595632423  0.1835954625  
-0.8599234024  -0.3557051981  0.3660676904  
-0.06663307303  0.1515449217  -0.9862018912  
-0.1140488129  -0.4574221  -0.8819058287  
0.5403661224  0.5557239839  -0.6318032189  
0.1323800055  -0.0007875277549  0.9911987258  
-0.6112560347  0.669827714  0.4215410937  
-0.1748038371  -0.7460944531  -0.6424847746  
0.2726578595  0.2651811979  -0.9248441079  
0.8080294635  0.327946833  0.4894274828  
0.9378452625  0.2166157591  -0.2711528655  
0.479961566  -0.792476329  -0.3763218878  
-0.4585297974  -0.6500579968  -0.6059496891  
-0.9337021852  0.3356069146  -0.1247727066  
0.560201005  0.3685984057  0.7418288544  
-0.1241137214  0.9842543176  0.1258539727  
0.6630193216  -0.4042886112  -0.6300445207  
-0.9843768601  -0.07412570588  0.1597109168  
-0.413430339  -0.1532256687  0.8975506945  
0.2311091359  -0.1916828943  0.9538586034  
0.324346365  0.8599280768  0.3941105661  
-0.1913605576  -0.1648653992  -0.9675745641  
0.3209201139  -0.6347505003  0.7029239524  
-0.01622308042  -0.8932597615  0.4492480496  
0.5258853278  -0.435231807  -0.7307652812  
-0.1554615089  0.6986651743  -0.698354275  
-0.1616287171  0.9406200034  0.298513261  
-0.5888488875  0.2709636081  0.7614694417  
0.6825576221  0.7111619868  0.1684153232  
0.4351266127  -0.3025159713  -0.8480264843  
0.09012273409  -0.9433644092  0.3192827654  
0.1637132635  -0.8729762488  -0.4594675575  
0.1793677379  0.9744867875  -0.1349174401  
0.6691132284  0.2145656515  0.7115118191  
-0.2806847915  -0.4264495391  0.8598586153  
0.09710247231  -0.9945235003  0.03865381276  
0.1715440679  0.8513251447  0.495800495  
-0.4777495941  0.5599288234  -0.6769306006  
-0.6792775047  0.6293920981  -0.3774223874  
0.02796440884  -0.6134764819  0.7892177126  
-0.5711410828  -0.3821132038  0.7264897542  
-0.4631658123  0.8618373295  0.2066732876  
-0.8738760009  -0.1900868958  0.4474457588  
-0.2919300852  -0.9165071188  0.2734803951  
-0.6543990935  -0.75590106  0.01937560203  
-0.7790329481  0.3626742167  0.5114441107  
0.6055915816  -0.7552675982  -0.2506585154  
-0.5211051657  -0.2132385623  -0.8264252669  
-0.2974244084  -0.008948703957  -0.9547034314  
0.299516768  -0.93967551  -0.1652260318  
0.3570145463  -0.3106469674  0.8809308006  
0.9405642761  -0.2486447609  -0.2313322837  
-0.8033471772  -0.4646460371  -0.3724746612  
0.06574905386  0.2904625837  0.9546248213  
-0.1250234019  0.2433398718  0.9618497054  
-0.5574474082  -0.8210427251  -0.1230497076  
-0.1996578836  -0.6957635037  0.6899636776  
0.7851798285  0.320536945  -0.5298572485  
-0.8510531582  -0.5149531611  0.1026243821  
0.9112965483  -0.1337383617  -0.3894260543  
0.7660752215  -0.04987264236  -0.6408131355  
0.6157411774  0.7624762007  -0.1987280702  
-0.7240063789  0.6244172735  0.2931174369  
-0.457718858  -0.8476665661  -0.268243993  
-0.2656446981  0.770098588  -0.5799836714  
-0.8641530345  -0.001993012619  0.5032251592  
0.217018574  0.8757551066  -0.4312260797  
-0.368333495  0.4548735061  0.8108147322  
0.2821185546  0.4936032921  0.8226572258  
0.5798763642  -0.8115664208  -0.07143771249  
0.9810633113  -0.170090102  0.09265061467  
-0.5895590367  -0.7439403327  -0.3145996244  
0.2417249152  0.3341196604  0.9110066509  
0.8827098709  -0.1777223952  0.4350149815  
0.4073550689  0.3580006328  0.8401770021  
0.6975769494  0.6376785791  -0.326729903  
0.3752821871  -0.02047992007  -0.9266843329  
0.5898831889  0.6424609897  0.4891642876  
-0.8270455158  0.3421616096  -0.446005771  
0.4141402482  0.9070742258  0.07552617966  
-0.6849410169  0.1183084457  -0.7189290055  
0.4596978185  0.05120708738  0.8865978513  
-0.06297255203  -0.9978452172  -0.01842227465  
0.07766434232  -0.8127515663  0.5774107216  
0.6724076822  -0.7367916647  0.07075275148  
-0.8942418267  -0.2915616152  -0.3395929621  
-0.1107900459  -0.945188694  0.307154519  
0.3103412947  0.9252495581  0.2181777622  
-0.06724670053  -0.03804290486  0.9970108418  
-0.7448993846  -0.6489756437  0.154775711  
-0.3157294913  0.7137344093  0.6252184268  
-0.1648548663  -0.9274002652  -0.3357850818  
-0.1054259442  -0.2172494439  0.970406126  
0.7016913007  0.6165785492  0.3570157016  
0.8841076647  -0.4671646303  -0.01052831799  
-0.5649828723  -0.2107433016  0.7977353037  
0.01571658885  0.7134691772  0.7005103297  
-0.7902445076  -0.1362167296  0.5974601416  
0.4640169012  0.8516579184  -0.2436536588  
0.5170856935  0.8534250512  -0.06548333786  
-0.871985137  0.3116778251  0.3774902041  
0.3727446381  -0.9162237522  0.1469539748  
-0.3202403864  0.1911667305  0.9278477117  
-0.4942231261  0.136997803  0.8584725409  
0.8773728485  0.4242997399  0.2240236937  
0.5797333634  0.5143423769  0.6319502723  
0.2684503436  -0.9632699037  0.006745786111  
0.06024744505  -0.4045748784  -0.9125181714  
-0.3041772472  -0.7728854029  0.5568881003  
0.1516557739  0.612115703  0.7760894874  
-0.8919872536  0.4095537477  0.1913752  
0.001803165445  0.9131486769  0.4076226716  
0.8151767404  -0.473733165  -0.3332623146  
0.7931360352  -0.1588738626  0.5879577582  
