1  0  0  
0.6581440125  0.6968939874  -0.2849302182  
-0.2045210307  -0.6364029773  -0.7437488813  
-0.2991976236  0.1798562968  -0.9370872395  
0.38950012  -0.06071711503  -0.9190228988  
0.9558970613  0.285524528  0.06882261392  
0.4527815284  -0.229258952  0.8616433255  
-0.5404470444  -0.7315386271  0.4156539779  
0.8132887609  0.157565139  0.5601201821  
0.6134834703  -0.7875784197  0.05795053483  
0.002359522275  -0.9947223617  -0.1025760974  
0.887070221  -0.4593623181  -0.04574585981  
-0.07280799522  0.9728902733  -0.2195074304  
0.8012144413  -0.03046173756  0.5976014571  
-0.08269896406  0.8343053442  -0.5450646512  
-0.5361735168  0.6219595026  0.5706876002  
-0.4693216491  0.88250248  -0.03043948691  
0.8757098288  0.3933919656  -0.2799554555  
0.7889662898  -0.1923216972  -0.5835619576  
-0.8886390784  -0.02679524348  -0.4578237688  
0.3279482877  -0.8372524528  -0.4375594254  
0.5613921347  0.7913909406  0.2419488588  
-0.5305782154  0.8200970954  -0.2143070493  
0.2143271831  0.003777186032  -0.9767546219  
-0.03502256487  -0.6553874655  -0.7544804106  
-0.672343543  0.5076249996  -0.5387680577  
0.5330740266  -0.5218917496  0.6659287378  
0.9215895522  0.09789636966  -0.3756181546  
-0.6682909388  0.501033386  0.5498661357  
-0.9309036217  0.3529852949  -0.09391394273  
-0.9839929484  -0.1671162341  0.06188733068  
0.683317066  -0.0679427266  0.7269536252  
-0.2610242197  0.920448198  0.2909320737  
0.7549072023  0.6402688548  -0.1420243274  
-0.9432012308  -0.2190188774  0.2498042624  
-0.9796164511  -0.05195796134  0.1940411784  
-0.07326602058  0.5905030037  -0.8037028635  
-0.6180035278  -0.2191951078  -0.7550000956  
0.9360695869  0.3310646502  -0.1190374975  
0.1343595294  -0.1280493757  0.9826244828  
0.8145616851  0.576174721  0.06717106551  
-0.5139166245  -0.7534075805  -0.4102032676  
0.6507846251  -0.3802269603  0.6571961887  
-0.930173906  0.1091178343  -0.3505278917  
-0.380708332  0.7226102117  0.576971098  
-0.6740374224  -0.461347608  -0.5769158845  
0.5001437913  -0.3841836532  0.7760535476  
0.7391662269  -0.6683039543  0.08368460886  
0.6744094271  0.4739910584  -0.5661310813  
-0.2272964913  -0.1835262666  -0.956375666  
-0.452152513  -0.2178180249  0.8649354964  
-0.7124264426  -0.09569898629  -0.6951908141  
-0.8974073243  -0.4410917617  -0.009907175829  
-0.8863402552  -0.214613048  -0.4102952494  
-0.7708547925  -0.3061849102  0.558599758  
-0.5470278173  0.6439319258  -0.5348946083  
0.775604943  -0.5767351131  0.256541579  
-0.6736526358  -0.5966014827  0.4361866541  
0.12035589  -0.6012004575  -0.7899825755  
0.01891527496  -0.8443464987  -0.5354635398  
0.9382048326  -0.2258283326  -0.2622465564  
-0.04439433309  0.4264078208  -0.9034409298  
-0.08288946647  -0.7963822839  0.5990864665  
0.9496868076  0.08133135046  0.3024569041  
0.9836375915  -0.1693065738  0.06158224234  
0.7760597928  -0.3458831512  0.5273481239  
-0.5263553207  -0.5460971825  -0.6517115494  
0.2819384908  0.7385836912  0.61237637  
-0.6529428525  -0.01442445778  0.7572698108  
-0.2442460727  -0.6036496817  0.758914302  
-0.4011637695  0.8439350956  -0.3561477003  
-0.7872981909  0.4685142895  -0.4008190603  
-0.425457979  -0.4473076973  -0.7867028232  
0.247498709  -0.8454139662  0.4733071041  
0.7566342178  -0.5199839755  -0.3963853247  
0.256583185  -0.6730108108  -0.6937013174  
-0.006118041363  0.24834099  -0.968653355  
-0.9808814232  0.05126774425  -0.1877318622  
0.1156461392  0.9667438185  0.2281060276  
0.2466173118  0.729500487  -0.6379725237  
0.9847113529  -0.113414775  -0.1322143723  
-0.3752752694  0.5120524401  -0.7726388359  
0.3761066441  -0.9147868773  -0.1473389337  
-0.791001541  -0.556968433  -0.2531851628  
0.3319438145  0.9432034142  -0.01343961835  
-0.3929724435  -0.8365248169  0.3818362075  
0.2086369118  -0.4798198703  0.852199232  
-0.3904716165  -0.4817968125  0.7844767352  
0.1426540574  -0.8957401737  -0.4210693068  
0.5018307361  0.3562395881  -0.7882000179  
0.07845655579  -0.9175359838  0.3898362313  
0.3697877205  0.9067142919  -0.2027960418  
-0.7156172839  0.6502036634  0.2552001158  
-0.3990840829  0.6450141508  -0.6516813946  
-0.6801520663  0.3357087755  0.6516845746  
-0.2406559688  0.9169769161  -0.3181792577  
0.6021679913  0.1908977817  -0.775210776  
-0.6091213659  0.242084784  -0.7552258728  
-0.3369080733  0.3596224734  -0.870152071  
-0.5351383161  0.8353932627  0.1254793981  
-0.2110778693  0.8007904153  0.5605183707  
0.9445068594  -0.2366425975  0.2278312392  
-0.6480892672  -0.3380272823  0.682435241  
0.3134407953  0.3089777962  -0.897935181  
-0.004484245935  -0.3864519989  -0.9222986198  
0.5464185332  0.6239324393  -0.5586905206  
0.4130633869  -0.04054659918  0.909799215  
0.1918844104  -0.9720122321  -0.1355455408  
-0.1709472701  -0.3613330052  -0.916632691  
0.179562522  0.1934518551  -0.9645380658  
-0.7960198711  -0.3470391603  -0.4958993709  
-0.9049963719  0.3782192243  0.1947608412  
0.82197434  -0.522144648  -0.2274272431  
-0.4485585304  -0.6913302322  -0.5664430729  
-0.9583760569  0.2773471846  0.06777811421  
0.481429948  0.2729018437  0.8329164357  
0.3854385795  -0.9038565891  0.1856889007  
0.5598319071  -0.2965338131  -0.7737285916  
-0.1378495063  0.4594745799  0.8774284154  
0.5095956557  0.05132266097  -0.858881978  
0.175104242  -0.3091744302  0.9347457816  
-0.3507437007  -0.814234262  -0.4626028783  
-0.0888309302  -0.04864296895  -0.9948582449  
0.08218281346  -0.725130592  0.6836897028  
-0.2452987356  -0.8332498276  0.4955030324  
0.5582444842  -0.4676006686  -0.6853559006  
0.2840300067  -0.3556412565  -0.890419144  
-0.1167759546  0.992813492  -0.02616766213  
-0.8380089585  -0.1314125826  0.5295958068  
-0.6996174778  -0.691480949  -0.1799707805  
-0.4305346973  0.4170991849  0.8004174813  
-0.08371614001  0.1089709178  0.9905134764  
-0.0504994941  -0.9195272662  -0.3897684027  
0.1687250858  0.9846754798  0.04411400014  
0.7168550712  0.2891945926  0.6344172873  
0.5445408683  -0.1223671379  -0.8297599209  
-0.2129611045  -0.9659507805  0.1469239859  
0.1739184755  0.8480192439  0.5006153473  
0.2375295117  -0.6258660866  0.7428804566  
-0.6615292604  0.711049046  -0.2383029414  
-0.1218298925  -0.3570614997  0.9261018101  
-0.0455612661  -0.0752626398  0.9961223349  
-0.43651592  0.8495276809  0.2962373557  
0.8698534629  0.2709499693  -0.4122390899  
0.2414140328  0.9120857044  -0.3313893972  
-0.6220489265  -0.7733832564  0.122202585  
0.7789639142  -0.3617006267  -0.5122381058  
0.4924606304  -0.7506537371  -0.4404560074  
-0.3941131006  -0.1365453025  -0.9088620601  
0.2578836503  0.006860352649  0.9661516229  
-0.3075624086  0.9515215021  -0.003492246099  
-0.08629198058  -0.532655087  0.8419217614  
-0.7917228885  0.606547112  0.07263242224  
0.8527230954  0.3941673919  0.3427760051  
0.1047521584  0.7637174146  0.6369950517  
-0.7424229713  0.2111147839  -0.635797672  
0.5890522045  0.8055032404  0.0646686167  
-0.4016952904  -0.6235975858  0.6706466616  
-0.540151089  -0.4956331939  0.6801356763  
-0.852323571  -0.504564655  0.137691827  
-0.8765228563  0.2132837822  0.4315295015  
0.5462297489  -0.7446965981  0.3834840782  
-0.7783003566  -0.5520891086  0.2990755274  
0.5867394589  -0.7599619054  -0.2796331699  
-0.4067656257  -0.8638296263  -0.2972206294  
-0.2478001898  0.7478653377  -0.6158672768  
-0.9439613161  0.06696040197  0.3231924167  
0.401667488  0.742213519  -0.5364534662  
0.4185705755  -0.5820725914  -0.6971299532  
0.2580321398  0.492695046  0.8310661866  
0.07405160592  0.5224099914  0.8494728722  
-0.9843447353  -0.1211561763  -0.1280102454  
0.7436923232  0.5179950166  0.4226143529  
0.05474363873  0.2226485234  0.9733605545  
-0.8748874551  0.2972527595  -0.3823777424  
0.3309584884  0.3210823671  0.8873401785  
0.7874437987  0.4371825525  -0.4345154539  
-0.2625984219  0.1731411864  0.9492440142  
0.6041164141  0.6160674295  0.5054743124  
0.6746806413  -0.6199857489  0.4005292791  
0.4456967143  0.8871432677  0.1197132467  
-0.5530912148  0.08977725668  -0.8282693718  
0.5524111714  0.0802105948  0.8297036568  
-0.04990020606  -0.9948558023  0.08815839243  
0.08454151492  0.8902625809  -0.4475324226  
-0.844266993  0.5254533819  -0.1054134148  
0.9344840266  0.2581262642  0.2451742968  
-0.08470043606  -0.9567437221  0.2783294564  
-0.2872651867  -0.9420575743  -0.1732230908  
-0.3371979167  -0.1147561688  0.9344134988  
-0.7153020544  -0.6987554615  -0.009152924339  
-0.08790992986  0.7415425657  0.6651213931  
0.2376523537  0.9075199037  0.3463076422  
0.2419660685  0.4562359064  -0.8563300879  
0.6617695315  0.6645005571  0.3471312386  
0.8741017949  -0.4162430622  0.2503752491  
-0.6782480128  0.1619599194  0.716762595  
-0.2881344231  0.5240231004  0.8014850869  
0.7305655952  0.1614792821  -0.6634744551  
0.5163181752  0.8177828996  -0.2542570962  
-0.4838977888  -0.8724219997  0.06872251798  
-0.8543328448  0.3759895221  0.3588136975  
0.4056372976  -0.7570357103  0.5122063218  
-0.4183983657  0.2416081522  0.8755388674  
-0.7737328296  0.01657360454  0.6332952108  
-0.8865544524  -0.4266185035  -0.1789353389  
0.5792302703  0.390139977  0.7157395422  
0.2283125593  -0.9614199068  0.1534442506  
0.1287290196  -0.2800587008  -0.951312758  
0.08293630828  0.6773032052  -0.7310143207  
0.3698116837  0.6006611642  0.7088338906  
0.6737760778  -0.7321721583  -0.09974832067  
-0.07265482781  0.9606817649  0.2679772801  
-0.6362271204  0.6455261048  0.4225057389  
0.8507048548  -0.1674168493  0.4982698552  
0.8711494277  -0.04426962503  -0.4890182766  
