1  0  0  
0.4985179894  0.7753058486  -0.3877894472  
0.5147224642  0.4675605239  0.7186431251  
-0.3947569948  0.164716586  -0.9039000837  
-0.1302549579  0.132896799  0.9825335041  
-0.8752988588  -0.4354814247  -0.210256597  
0.5462672639  -0.1731285816  0.8195233802  
-0.4401746264  -0.7085478103  0.5515489994  
-0.8170234584  -0.1252128088  -0.562844935  
-0.5091356488  0.7919979303  -0.3369275433  
0.1340263539  0.9833176826  0.1229767113  
-0.8739798214  0.478007196  0.08756935688  
-0.05338628319  0.9929152637  -0.1061564128  
-0.894687734  -0.01298145681  -0.4465034607  
0.09818993915  -0.8937393848  0.4377084051  
0.4478714627  -0.4872829912  -0.7496442085  
0.6459521288  -0.7626399308  0.0335586533  
0.9227997861  0.3103809775  -0.2282634523  
0.707210358  -0.08337768093  -0.7020695634  
0.9408474483  -0.1039593555  0.322488033  
0.5579067697  -0.683801654  -0.4702715538  
-0.9491110882  0.04066072846  0.3123056956  
0.4945991428  -0.8686902419  -0.02736697971  
0.204908661  0.03191005469  -0.9782607981  
0.1067314449  -0.8425647241  -0.5279138987  
-0.8079527623  0.3591242986  -0.46716386  
0.5992020383  -0.5754828523  0.5565756049  
0.7305410221  0.1002511659  -0.6754698504  
0.6603585227  -0.5344675333  -0.5275140542  
0.8987466576  -0.2820886807  0.3356790456  
0.9461930731  0.3088831961  0.09648751013  
0.805067136  -0.05785562858  0.5903555139  
0.2772306216  -0.845830156  -0.4557570951  
0.882648685  -0.1220761232  -0.4539038654  
0.7872439033  0.3823099867  -0.4838244628  
-0.9804444181  -0.1852549368  0.06640294707  
-0.2336327533  0.4722526676  -0.8499371474  
-0.6028033981  0.009448316797  -0.7978338126  
0.8628426355  0.4823741314  -0.1510555649  
-0.09560631693  -0.7393358413  0.6665147754  
0.8767562102  0.4794270045  0.03805647455  
-0.548994367  -0.7563590583  -0.3557051587  
-0.4766806259  0.3333480855  -0.8134215603  
-0.08274640386  0.5664987873  0.8198976501  
-0.2761209258  0.5249215542  0.8051177531  
0.4914104916  -0.7106303029  0.5035079953  
0.7621147023  -0.2484416394  0.5978778574  
-0.7489710881  0.6530476498  -0.1121208111  
-0.6730895966  -0.4917590528  0.5523797868  
-0.586833151  -0.3119745997  -0.7471938852  
0.2071568309  0.6202592209  -0.7565477819  
-0.8644387728  0.1734581924  -0.471866362  
-0.9349210529  -0.3486177798  0.06624400663  
0.9541158486  0.08241380542  0.2878730832  
-0.0743738069  0.9581916249  -0.2762921404  
-0.6310478673  0.6678537541  -0.3946516847  
0.637748168  -0.7365118943  0.2254495595  
-0.5953979793  -0.646849471  0.4765364709  
0.1879672101  -0.6585613451  -0.7286736462  
0.4031398686  -0.7350062177  -0.5452009779  
0.9268655837  -0.2205366761  -0.303782429  
0.05247092848  -0.477630524  0.8769925223  
0.0294481215  0.6291453173  -0.7767296685  
0.887283089  0.1972808914  0.4169040296  
0.4862185322  0.1528069314  -0.8603729312  
-0.721239456  -0.2997418199  0.62447457  
0.4449496477  0.319696613  0.8365487951  
0.3208817745  0.7329226362  0.5998827353  
0.3122036283  -0.09014310262  -0.9457288806  
0.530581614  0.5698831782  -0.6274681777  
0.3858862398  -0.8871218384  0.2531929181  
-0.9030126094  0.3866771105  -0.1872138869  
0.2634221461  0.6105797448  0.7468608627  
-0.2433145918  0.9042604992  -0.3508717129  
0.1190390063  0.3119018202  0.942627694  
0.1204874414  0.4936842349  -0.8612541162  
-0.04906841612  -0.1471867916  -0.9878908538  
-0.03112524561  -0.3359019177  0.9413825581  
-0.03868332203  -0.905049501  -0.4235433878  
0.1187816784  -0.7308307858  0.6721437907  
0.9790296733  -0.1336754114  -0.1537263256  
-0.5494350478  0.4607481455  -0.6970166961  
0.3421198076  -0.9335666362  -0.1068053046  
0.7917714124  0.593540866  0.1442472557  
-0.4406640018  -0.8938223084  -0.08304768852  
-0.3932504628  -0.8751494792  0.2818997385  
0.3909452379  -0.4859653691  0.7816645578  
0.6020295179  0.4066508031  -0.6871648884  
0.05275889821  0.8167761897  0.5745373396  
-0.8182047943  -0.1836814006  0.5447954273  
-0.204841862  0.8151138556  -0.5418756444  
0.7765301545  0.5443901851  0.3172384679  
0.7831560555  -0.4660122829  -0.4117027387  
0.3337312902  -0.7283883719  0.5983926851  
-0.7863834788  0.1972426129  0.5854027468  
-0.03539211935  0.7228046655  0.6901455016  
-0.502430763  -0.3190280049  0.8036071556  
0.3213848236  -0.3242638458  0.8896992489  
0.06654048398  0.914695078  -0.3986292491  
-0.6079998407  0.7834992277  0.1283166157  
-0.5171181125  0.592835124  0.617361623  
-0.9836366578  -0.1387863654  -0.1148793726  
-0.8390820759  -0.4384096259  0.3220842589  
-0.04648045233  0.1792436599  -0.9827060995  
-0.08237842256  -0.6108112216  -0.7874791724  
0.4471586537  0.4729782184  -0.7591710896  
-0.1388371678  0.01059958927  -0.9902584963  
-0.6951292363  0.6161151338  0.370401791  
-0.1583213157  -0.725435748  -0.6698338126  
0.2027265145  0.3412768306  -0.9178409912  
0.8468978356  0.377219374  0.3747927426  
0.986068425  0.04215432302  -0.1609101437  
-0.438215348  0.8111957175  0.3872064264  
-0.4250599057  -0.6084643568  -0.6701456581  
0.9349207868  -0.3539218898  0.02573748805  
0.7075052418  0.2241774052  0.6702095373  
-0.2032817091  0.9791201943  0.0004379361712  
0.6635879747  -0.2623389194  -0.7005921005  
-0.1478355712  0.3289078134  -0.9327187648  
-0.3286512455  -0.1354567742  0.9346870177  
0.2261935901  -0.1696709607  0.9591914433  
-0.39654565  -0.7993315813  -0.4514649163  
-0.3952143697  -0.1655199891  -0.9035533937  
-0.2868737204  0.6262570213  -0.7249176586  
0.2319660211  0.9090546734  -0.3461377844  
-0.6019135676  0.4349992904  0.6696832643  
-0.05951054342  0.2944292715  0.9538185883  
0.1803780133  -0.9665207378  -0.1824868096  
-0.6056192934  -0.03431842453  0.7950141616  
-0.6915707182  -0.7195620973  -0.06293115208  
-0.5212616036  0.3238636732  0.7895559903  
0.6295410123  -0.300991124  0.7162977434  
-0.1383919659  0.9206486682  0.3650393041  
-0.2852789663  -0.9584168129  -0.00728863219  
-0.7149455332  -0.05899811288  -0.6966865201  
-0.2947707834  -0.4743407971  0.8295245587  
-0.1182216331  -0.99158279  0.05279409085  
-0.2072802885  -0.8388142125  -0.5034139439  
-0.4530740439  0.6058104538  -0.654001227  
-0.7265051328  0.5241667503  -0.444341659  
0.1348452327  -0.6036337875  0.7857754219  
0.3575671096  0.3014577534  -0.883894216  
-0.3085730698  0.9060551893  0.2895628679  
0.878458487  0.2633600811  -0.3986880414  
0.2646949071  0.9491755273  -0.1703009824  
0.6775014187  0.7245271488  -0.1266974282  
0.7351083779  -0.3716402096  -0.5670090188  
0.5841287358  -0.7512058874  -0.3073814157  
0.5613201951  0.1568000772  0.8126089923  
-0.3059352093  0.001431010968  -0.9520512591  
0.03474745438  -0.9969884837  -0.06932948767  
0.2708541081  0.7383085375  -0.6176880731  
-0.9413899506  0.30770221  0.138218345  
-0.7361916336  -0.4793447928  -0.4777556364  
-0.6814650564  -0.6872588871  -0.2515563536  
-0.9856688983  0.04343438149  -0.1630039184  
-0.5687582029  -0.8222355525  0.02104288147  
-0.3691354814  -0.6149952236  0.6967925598  
0.6267532622  0.2142251103  -0.7491915312  
-0.7654868832  -0.6008670375  0.2301926039  
-0.8449177959  0.300895236  0.4422397259  
-0.2853215756  -0.3268599057  -0.9009740288  
-0.6428680492  -0.7004673121  0.3099455049  
-0.710168397  0.6748290815  0.2006652902  
0.4372047532  0.8586167402  0.267636502  
0.3636149658  -0.8206450936  0.4408239865  
0.8970811866  0.07277564394  -0.4358314471  
-0.3379108148  -0.8216712795  0.4589908383  
0.3550590071  -0.3738414431  -0.8568405201  
-0.01993945151  -0.450515103  -0.892546111  
-0.4659203344  0.8587808028  0.2131050789  
-0.983603415  0.1799662968  -0.01168135513  
-0.5939754073  -0.5550614516  -0.5823229349  
0.2257068406  0.160881051  0.9608192908  
0.9594476752  -0.2194402475  0.1769354016  
-0.3597104923  -0.4744986603  -0.8034048687  
0.7304117632  0.5549842804  -0.3981094129  
0.4229575517  -0.2071814474  -0.8821466756  
0.5003878274  0.6878152491  0.5258537869  
0.8306439086  -0.4585951876  0.3157865594  
0.5730842031  0.8021231652  0.1678479192  
-0.6930631186  0.1318769756  -0.7087114907  
0.4625790898  0.00244407108  0.8865746512  
-0.1456732748  -0.9434925624  -0.2976593382  
-0.009641200663  0.8239940563  -0.5665164097  
-0.5207316547  0.840969608  -0.1469988512  
-0.930199298  -0.2596490105  -0.2594449022  
-0.09682669897  -0.9689577543  0.2274762863  
0.2965728679  0.9371164157  0.1840036885  
-0.03377523063  -0.02364144532  0.9991497965  
-0.7892320725  -0.6125113913  0.04407415612  
-0.3591011903  0.6350487403  0.6839294062  
0.2866485585  0.8877457876  0.3601944204  
-0.1416959748  -0.1899298331  0.9715188671  
0.6506592845  0.6292205545  0.425116442  
0.8497291624  -0.5186970733  0.09441237629  
-0.4548723431  0.01628782932  0.8904076921  
-0.2323841741  0.7607364695  0.6060343387  
-0.9480820604  -0.1512427869  0.2797606588  
0.543816557  0.8131842915  -0.2073520203  
0.4243457087  0.8999344198  -0.100243501  
-0.8781105807  0.3903266708  0.2767072426  
-0.365595073  0.9275989706  -0.07681401091  
-0.2454663841  0.2601371643  0.9338495114  
-0.5707908901  0.142605499  0.8086169869  
-0.791686462  -0.3057952409  -0.5288873382  
0.6713029411  0.4024472618  0.6224054649  
0.224370159  -0.958029631  0.1784299804  
0.1677647283  -0.4194208198  -0.8921553519  
-0.1670807404  -0.8386462778  0.5184172518  
0.1889317186  0.4778779965  0.8578679538  
0.7765143259  -0.6277782066  -0.0540372554  
-0.01615405674  0.9689603826  0.2466877044  
0.8072738462  -0.5401715362  -0.2377470268  
0.6896302594  -0.4191098534  0.5905565478  
-0.8183253541  0.01127743825  0.5746446156  
-0.7533018129  0.598787296  -0.2720113102  
