1  0  0  
-0.5936801801  -0.6843373493  0.4233511971  
-0.6772744606  0.3688220978  -0.6366078583  
-0.3638323507  0.09702612128  -0.9263972973  
-0.182694225  0.09612386686  0.9784595149  
-0.9799505879  0.1520813257  -0.1287171925  
-0.6360789133  0.03581084339  -0.7707925788  
-0.770647753  -0.4346772049  0.4660018974  
-0.8869438336  -0.3620434196  -0.2868016707  
0.6887040266  -0.7192888616  0.09116083213  
-0.1683302092  -0.927397767  -0.3340633509  
0.9471499717  -0.3145143593  0.0631478332  
-0.09123718069  -0.9835875802  0.1556638973  
0.8413707748  0.0381142496  0.5391127186  
0.210365439  -0.9441324485  0.2536933221  
0.4777525208  -0.4816905024  -0.7346610026  
0.7068039748  -0.7013552127  -0.09235262196  
0.8120295185  0.58338166  0.01654991713  
0.7529197088  -0.08783953516  -0.6522239862  
0.8705905095  -0.1235391588  0.4762459878  
0.4545471253  -0.7277953468  -0.5135181049  
-0.6122493153  -0.7446003632  -0.2659343435  
-0.3913914198  0.8980107175  -0.2009714104  
-0.3820860341  0.07753860583  0.9208680835  
0.101945087  -0.7573998882  -0.6449438802  
-0.5127636785  0.6330899716  -0.5798883495  
0.410669154  -0.5683348357  0.7129841236  
0.9185419302  -0.281489436  -0.2775687661  
0.8432647368  -0.3442343308  -0.4128042021  
-0.8673473331  0.2883030511  -0.4056968752  
0.4945342224  0.65450035  -0.5718961398  
0.7253633305  0.0867754478  0.6828748497  
0.3327439324  -0.903694305  -0.2694774176  
0.8769011378  0.1404295813  -0.459699823  
0.6448362897  0.5503898042  -0.5303368957  
0.9223770066  0.3247006913  -0.2092608869  
0.09156500605  -0.6283026385  0.7725617413  
-0.7905728306  -0.2087660883  -0.5756833503  
-0.9451762967  -0.3253328158  0.02829005402  
-0.2054929448  -0.6795608512  0.704251162  
0.6310847431  0.7710398697  0.08502685694  
-0.3137421681  -0.8349403123  -0.4521510001  
0.6655858364  -0.2069644518  0.7170503539  
0.1182626401  -0.5401495288  -0.8332181194  
-0.3107314139  0.5210453113  0.7949577171  
0.3283416674  -0.8717144302  0.3637385073  
-0.5450760789  0.3211670024  -0.7744312912  
-0.8007883509  0.5981743052  -0.03042232034  
-0.8700891428  -0.3061679753  0.3862719955  
-0.4384539616  -0.199638161  -0.8763005924  
0.2772004099  0.2188686588  -0.9355514112  
0.6696275845  0.2692265959  0.6921820123  
0.8215145483  0.521815914  0.2298303698  
-0.9308056289  -0.008125068365  -0.3654242253  
0.7286564353  0.5792781938  -0.3653718291  
0.3543414127  -0.7155196701  0.6020579415  
-0.724934885  0.5733522433  -0.3817546564  
-0.784442528  -0.5929777451  0.1817341853  
-0.2100402997  0.6500503684  0.7302859652  
0.3390920385  -0.8348349494  -0.4336671496  
-0.9659896842  0.1306613057  0.2231402099  
0.06413981868  -0.3332555155  0.9406523508  
0.06599085596  0.894575176  -0.4420186211  
0.9409960325  -0.1511169978  0.3028037645  
-0.426388334  -0.1116380246  0.8976246098  
-0.3559895431  -0.8768856355  0.3230217134  
-0.1537193159  -0.1232410486  -0.9803989065  
-0.1907190913  -0.4102839986  -0.8917921668  
0.4793756534  -0.2006834651  -0.8543565589  
0.02651803709  0.7275042768  -0.6855904907  
-0.6511121893  0.7108469016  -0.2659879684  
-0.5521760464  0.8212511444  -0.1436947166  
-0.5221087694  -0.5961729104  -0.6099018723  
0.5036205741  -0.8059140128  0.3112377249  
-0.01113785618  0.6563744552  0.7543530491  
0.07853121329  0.5926407155  -0.8016294848  
0.0201477344  -0.162175192  -0.986556271  
0.09798520839  0.4435862076  -0.8908592343  
0.3400455731  0.9313874981  0.1299474375  
0.2485814606  0.536913783  -0.8061828869  
0.9860909989  -0.1585764835  -0.04977992381  
-0.4048050781  0.4237140637  -0.8103081148  
0.4373670461  -0.8989236721  0.02542240424  
0.5780558242  0.6826150253  0.4470885721  
0.2672549907  0.9468188839  -0.1791892044  
0.5260990103  0.7948114911  -0.3024806191  
-0.2375353174  0.367185523  -0.8993062686  
0.3787194229  0.6058448192  -0.69965967  
-0.002184582628  0.9366064044  0.3503764701  
0.6767143725  0.3969034257  -0.6201010633  
-0.02296065953  0.4167473062  0.9087323538  
0.5517475609  -0.476160594  0.6847230957  
0.6766831562  -0.5572841728  -0.481180067  
0.2571266321  -0.6437637217  0.7207316877  
0.8114989946  -0.2178173326  -0.5422407134  
-0.9843552422  -0.02603136236  0.1742616576  
0.4273874561  0.2882031902  -0.8569007431  
0.5234764979  -0.1545962316  0.8378975841  
-0.0900051104  0.9873779484  -0.1303221663  
-0.8017241261  0.5764827243  0.1578166473  
-0.3955560949  0.624313128  0.6736234066  
0.9485005295  0.1736694564  0.2649257736  
-0.5376820586  -0.5096762445  0.6716607251  
-1.118690846e-12  -1.703413988e-07  1  
-0.08462465237  -0.5376812848  -0.838890639  
0.7836186194  0.09840669697  -0.6133987132  
0.326677619  0.07447323449  0.9421971506  
-0.5460615078  0.5980524203  0.5866431047  
0.1475908583  0.8584366241  0.4912265271  
-0.1087868734  -0.2829637007  0.9529412155  
-0.890827022  -0.1638275616  -0.4237779453  
0.9788812331  0.1769992537  -0.1022878085  
-0.5923969059  0.6935177751  0.4099987822  
-0.8773348617  -0.4680462754  0.1059066783  
0.835175925  -0.4496656602  0.3166732833  
-0.5280528599  -0.3247205402  -0.7846762058  
-0.3139929187  0.9447565164  0.09404026695  
-0.7444349235  0.3997305562  0.5348197145  
0.04505580709  -0.8342961635  0.5494723704  
0.5359945601  -0.01631610915  -0.8440637512  
-0.04816937503  0.1691372976  -0.984414692  
0.02001033656  -0.8620775981  -0.5063810831  
0.4897684606  0.02100015896  0.8715995917  
-0.1544677804  0.7509037676  -0.6420928567  
-0.1434950878  -0.8009327685  0.5813053071  
0.6224426851  -0.4481539965  -0.6416565274  
-0.7653015048  0.08575402842  -0.637934051  
0.1693804539  -0.9633887421  -0.2078277977  
-0.6277145601  0.1446182126  0.7648921516  
-0.7074556075  -0.6201298504  -0.3390361811  
-0.5611099968  0.3237503639  0.7618013346  
-0.920801196  0.311384359  -0.2348721747  
-0.1744877073  0.9134255235  0.3677062047  
-0.3589783604  -0.9326764502  0.03534368464  
0.8383971886  0.3190933602  0.441893179  
-0.2672734993  -0.382570877  0.8844232022  
0.1961256099  0.9805687922  -0.004425941454  
-0.2788305538  -0.5291505049  -0.8014070536  
-0.2475369759  0.5126990044  -0.8221101973  
0.5922171752  -0.6814717059  0.4299710821  
0.07474797773  -0.4870388134  0.8701758064  
-0.6865888567  -0.2274526541  0.6905512523  
-0.4809489294  0.8100778449  0.3353535635  
-0.9427075345  -0.1691750062  0.2875453384  
0.2551944167  0.8501947566  -0.4604831001  
-0.5914771694  -0.7976920489  0.1176526803  
-0.9013695209  0.1595910073  0.4025713567  
0.4687591353  -0.869115416  -0.1578076892  
-0.7304536382  -0.3851940851  -0.5639707433  
-0.1863190694  0.04369726683  -0.9815170672  
-0.02754760767  -0.9995017343  -0.01540819304  
0.2226154031  -0.2090158006  0.9522367234  
-0.9436083982  0.3117458587  0.1114347807  
0.8875562105  0.4519286484  0.08946770288  
0.01831539186  -0.9560106165  0.2927597096  
0.3908826205  -0.2657996226  0.8812271771  
-0.4891633808  -0.8499810466  -0.1955796699  
-0.7903506763  -0.2726402292  0.5486466202  
0.5647089066  0.1720706169  -0.8071527449  
0.7132428655  0.6988350443  -0.05398329091  
0.8698706793  -0.4383438773  -0.2262291902  
-0.6630753027  -0.5435921066  -0.5146248775  
-0.6671951239  -0.7021883443  0.2485602458  
-0.604521019  0.7653128515  0.2210216662  
-0.2544820934  -0.7555011124  -0.6037026862  
-0.248731689  0.8225400539  -0.511429767  
-0.8554061718  0.03208740916  0.5169629382  
-0.3252468185  -0.7398101104  0.5889783592  
-0.3961684526  0.3613943821  0.8440643682  
0.1755504958  0.6555904655  0.7344270998  
-0.5837181064  0.8112084392  0.03484308272  
0.9857418181  0.1500375764  0.07616950668  
0.7824588783  0.4766945132  0.400650028  
0.08656511551  0.2916544674  0.9525986313  
0.7702584555  -0.4161732758  0.483220153  
-0.4497039299  -0.4919520446  -0.7454861241  
0.8386453502  0.459352679  -0.2926928302  
0.2998689228  -0.2321513189  -0.9253023259  
0.4721635485  0.8002903088  0.3695903206  
-0.6514213912  0.5320491265  -0.5409010059  
0.3344146937  0.8957545682  0.2929002666  
-0.591233421  -0.1450723952  -0.7933454746  
0.2699883999  0.2485100486  0.9302413771  
-0.1721775888  -0.9704990565  -0.1687793212  
-0.1344109142  0.9023338434  -0.4095452859  
-0.8744408982  0.4642480994  -0.1408077331  
-0.9813827854  -0.009710144745  -0.1918164267  
-0.1710577051  -0.9326829468  0.3175559514  
0.5032098721  0.8639091055  0.02099718937  
0.2756571407  0.04465891967  -0.9602180594  
-0.7379323305  -0.6564389194  -0.1566646761  
0.2975653211  -0.7413324275  -0.6015655505  
-0.1865978562  0.8357907872  0.5163671175  
0.1250251253  0.111103989  -0.9859130903  
0.426992416  0.7273269006  0.537283032  
0.7750697017  -0.5958362608  0.2103475882  
-0.6700775553  -0.04304203843  0.7410421397  
-0.07666617301  -0.7685441955  -0.6351866792  
-0.5612053799  -0.3479334073  0.7509932527  
0.4330518728  0.7781699442  -0.4548819774  
0.4469279733  0.8779639608  -0.1715653528  
-0.785080681  0.5034617142  0.3607972099  
0.2711182708  -0.95883333  0.08446021835  
-0.129836659  0.2806135166  0.9509986837  
-0.6979632039  0.273845066  0.6617070695  
-0.9434223689  -0.2986702074  -0.1440497869  
0.6006242979  0.442621116  0.6658355656  
-0.1445458447  0.9887015651  0.03969526412  
0.2235005049  -0.4046774813  -0.8867263729  
-0.4124152166  -0.4531440144  0.7903000641  
0.3589338354  0.6365078926  0.6826596549  
0.8860892852  -0.4618396087  -0.03936946213  
0.00150184781  0.9825328462  0.1860831818  
0.7088264  -0.6427491862  -0.2905832382  
0.7842679767  -0.2497313506  0.5679418925  
0.935906394  0.005172859061  -0.3522108221  
-0.4371264102  0.7699212526  -0.4649104927  
0.3681734775  0.3731540902  0.851589288  
