1  0  0  
-0.5287800471  -0.7202853789  0.4489773208  
0.5307922047  -0.7942012098  0.295810875  
0.5167239877  -0.07187637545  0.8531295958  
0.3474441465  -0.06401200675  -0.9355132431  
-0.9528181686  -0.2991761417  -0.05129496945  
-0.6232931982  0.1753178159  -0.7620821823  
0.5975456313  0.590554327  -0.5423880579  
-0.7922844651  -0.1905078724  -0.5796482355  
-0.6215639274  0.7700992174  -0.1435460885  
0.14217476  0.9438013153  0.2983712701  
-0.8973046894  0.4412014259  0.01362336654  
0.06499474057  0.9880848387  -0.1395135661  
0.8490055373  -0.1090707278  0.5170040367  
0.1913541386  -0.9291702932  0.3162691258  
0.1011966233  -0.6113779962  -0.7848415058  
-0.6113206786  0.7718583473  0.1747046639  
0.8924191143  0.3368682894  -0.3001797461  
0.6728179433  -0.280781163  -0.6844544935  
-0.8779121124  -0.06274465907  -0.4746929858  
0.3803931074  -0.7982346003  -0.4670359801  
0.3510768949  -0.3432084082  0.8711790875  
-0.4669910786  0.8711306765  -0.151824494  
0.02220364176  0.01966288613  -0.9995600878  
0.05993460652  -0.846127945  -0.5295992292  
-0.6812838555  0.5620856493  -0.4689477914  
0.4978719947  -0.2672781581  0.8250368859  
0.7397136712  0.02653609567  -0.6723983345  
0.5450052343  -0.5705016012  -0.6144080222  
-0.9467709496  0.2037266313  -0.2492393002  
0.9839111422  0.1342621872  0.1178665745  
0.7420522832  -0.1464254957  0.6541544032  
-0.242629024  0.7766822551  0.5812880794  
-0.8489844277  -0.03314763925  0.5273771664  
0.8010778488  0.4840402947  -0.352106906  
-0.951869118  -0.1799170854  0.2481431535  
0.2402940415  -0.6587796519  0.7129292698  
0.6788516289  0.1701329216  0.7142935356  
0.9370607046  0.3251512681  -0.1272552109  
-0.04733943265  -0.5935135669  0.8034305347  
0.7910018149  0.6083383413  -0.06511982272  
-0.5791111839  -0.796312672  -0.1746893392  
0.4064648587  -0.5878044108  0.6994800163  
0.2532924968  0.7873405945  0.5620833562  
0.2582478232  -0.6550881504  -0.7100475879  
-0.7958724998  -0.5396534062  -0.2745198813  
-0.6301704359  0.3349192449  -0.7005100436  
0.6889563227  -0.7246252948  -0.01604267976  
-0.5616662617  -0.4877969262  0.6682702816  
-0.4022667551  -0.3961961054  -0.8253545322  
0.1356597914  0.4497657076  -0.8827837953  
0.7795352464  0.02519747124  0.6258513298  
-0.887786914  -0.4601441091  0.01008931351  
-0.8809134977  -0.2271581372  -0.4151994585  
0.7144428814  0.3431700987  -0.6097586839  
-0.5709761256  0.5145063152  -0.639741757  
0.7527079961  -0.6426709252  0.1428452115  
-0.7155605659  -0.4760042813  0.5112660763  
-0.08549467915  0.4685533098  0.8792886077  
-0.0928748632  0.7414229701  0.6645797463  
-0.9835133499  0.1374229029  0.1175433378  
-0.1829763805  0.3977958223  -0.8990428955  
0.09614546322  0.8936783174  -0.4382865671  
0.9471928852  0.1014108684  0.3042063017  
0.279091039  0.1246616711  -0.9521384667  
0.06696307552  -0.3136039223  -0.9471898049  
0.3733286346  0.5526060597  0.7451525169  
-0.3683694577  0.8750889289  -0.3138842289  
-0.4415097923  -0.07631446726  0.8940051484  
-0.4537205987  -0.648693034  0.6110114286  
0.3903392362  -0.9206689784  0.001978097747  
-0.8065980224  0.5909244953  0.01441773529  
-0.6974532572  -0.6787595854  -0.2298790535  
0.2987591012  -0.9393101205  0.1686401404  
-0.11395046  0.9804117191  -0.1606491635  
0.02700062351  -0.4533086924  0.8909445526  
0.04553510035  -0.1496288986  -0.9876931443  
-0.01121165277  0.2983020256  -0.9544056791  
0.1339730105  0.9875324058  0.08264974304  
0.01720149404  0.8114876312  -0.5841163694  
0.9562677974  -0.2891255381  -0.04425294229  
-0.304502798  0.5024390712  -0.8092175392  
0.4642733201  -0.8698913555  -0.1665512348  
0.8067945126  0.5812587423  0.1059286972  
-0.4098485421  -0.9098351898  0.064993076  
-0.3701185865  -0.7749971591  0.5122417743  
-0.1363217748  0.5652393355  -0.8135851936  
-0.599768629  -0.3336880176  0.7272756689  
0.02808018048  -0.9264425532  -0.3753873986  
0.5995470504  0.04427245001  -0.7991140623  
-0.9297175112  0.06982471064  -0.3615934998  
0.224779857  0.5803324846  -0.7827440342  
0.6616729141  -0.5771805993  -0.478593262  
0.581606808  -0.6904003561  0.4302102616  
0.7875338648  -0.2857081386  -0.5460414557  
-0.2396547696  0.3598413476  0.9017093745  
0.5259987981  0.2089703577  -0.8244129147  
0.4781836587  -0.4322115938  0.7645479231  
0.561052423  0.7521341207  0.3457086102  
-0.5027938195  0.7996170184  0.3283458527  
0.3460934474  -0.8839192316  -0.3144934303  
0.9841763879  -0.1610090127  0.07397928932  
-0.6783579542  -0.1807185057  0.7121596083  
-0.09124742038  0.1429964287  -0.9855079551  
-0.07450810344  -0.5502921485  -0.831641205  
0.4583929052  0.388793146  -0.7991969933  
0.2518844687  -0.05326845997  0.9662901664  
-0.2819607278  -0.8725085671  -0.3990325154  
-0.2376980311  -0.4993595473  -0.8331504597  
-0.1937092291  -0.2990608539  0.9343657422  
0.7833529629  0.3460104488  0.5163670253  
0.9821491566  0.02029704468  -0.187005519  
0.9289999058  -0.3068765094  -0.2068477291  
-0.39585354  -0.03739470204  -0.9175519665  
-0.9344730869  0.3322982458  -0.1278198953  
-0.5407550064  -0.4341360439  -0.7204928302  
-0.3048012974  0.9404828281  0.1502937761  
-0.6700941186  0.4360390128  0.600702798  
0.3402075159  0.9123921922  -0.22759467  
-0.1872772494  0.01937580522  0.982115986  
0.2189728673  -0.239947187  0.9457675353  
-0.3793423552  -0.689047423  -0.617505487  
-0.4122970583  -0.2255391253  -0.8826909078  
-0.3389382617  0.7317142085  -0.5913672057  
-0.1983919694  -0.8070672171  0.5561322987  
-0.4028880035  0.6847380982  0.6073014026  
-0.9815127833  0.02955723616  -0.189100571  
-0.1751668614  0.9418282012  0.2868382994  
0.6509357768  -0.1193805733  -0.7496871969  
0.6960989574  0.7159269604  0.05380361337  
-0.5456667465  0.4222512303  0.7238450803  
0.1642559082  -0.7863786949  0.5955069646  
0.117470238  0.8773997656  0.4651563119  
-0.2941230018  -0.9541352135  -0.05583595767  
-0.6766759893  -0.3392073883  -0.6534890613  
-0.302055442  -0.4287357625  0.8514388739  
-0.2254583167  -0.9693246756  0.09786838485  
0.2293787158  0.659533241  0.7158221209  
-0.5021336646  0.6510452725  -0.5692115916  
-0.6773580406  0.6746962689  -0.2932081677  
-0.06152535976  0.7009466663  -0.7105549951  
-0.3684232755  -0.2603937782  0.892445724  
-0.8781924826  0.273848281  0.3921544115  
-0.8208364958  -0.3354202002  0.4622994013  
0.2749721653  0.8742490299  -0.4000986653  
-0.6658609538  -0.7361002908  0.1215958556  
-0.7730121871  0.435606868  0.4611928178  
-0.5306540935  0.6986676278  0.4798643339  
0.5532108159  0.2771695499  0.7855792982  
-0.3782116756  0.1614628718  -0.9115293026  
-0.0104180942  -0.9789352566  -0.2039049455  
-0.7993908395  0.4140178568  -0.4353889066  
-0.8517451941  0.4972930191  0.1650144765  
0.8894995576  0.426158884  0.1648609794  
0.01010393897  -0.952158815  0.305436575  
0.4014313532  -0.3964675071  -0.8256309009  
0.5627830345  0.826588402  -0.005183599075  
0.3968421267  0.5452840552  -0.7383641552  
0.7954997362  0.1890802294  -0.575698564  
-0.8579938236  -0.4796840412  0.183711239  
-0.9464435919  0.1421144763  0.2899103361  
-0.778514967  0.2793919367  -0.5620094232  
-0.6081971628  -0.7387780979  0.2903500186  
0.6411807246  -0.6915301431  -0.3326760279  
-0.4306871364  -0.8533077352  -0.293895389  
-0.2629705979  0.8472049741  -0.461616937  
-0.7766901453  0.1304419732  0.6162282936  
0.2931722113  0.6907721885  -0.6609718891  
0.4089519645  -0.5486779686  -0.7291850091  
0.1093950686  0.2380242993  0.965078832  
0.06113735975  0.6785952457  0.7319636028  
-0.9842779056  -0.1631415077  0.06768938641  
0.9327155525  0.02056616838  -0.3600260142  
0.2590115268  0.3319981993  0.9070227255  
0.4303382883  -0.7817943953  0.4512277486  
-0.5457840308  -0.6673550465  -0.5067119829  
0.6827426564  0.6162147678  -0.3926089978  
0.3830673476  -0.2349190501  -0.8933490063  
0.5090095924  0.575749586  0.6398606482  
0.8801633705  -0.3789594315  0.2858359502  
0.4437681751  0.8882504855  0.1186628912  
-0.6585479077  0.0007950036975  -0.7525383852  
0.5420609062  0.1074248462  0.8334445851  
0.02001502301  -0.9997958745  -0.002758306252  
0.08564232007  -0.8848994612  0.4578409511  
-0.5487908885  0.8358910236  0.01071248274  
-0.9364953242  -0.2627646438  -0.2322310268  
-0.1700148944  -0.9456698896  0.2771342557  
0.2873568408  0.9317867924  0.2218094219  
0.1269862752  0.06062484667  0.9900500563  
-0.7493085879  -0.6198156268  0.233163524  
-0.09060120309  -0.7861190321  -0.6113986338  
0.4169524841  0.7809364748  0.4650686492  
-0.1046697385  -0.1660220123  0.9805513435  
0.670844361  0.6248084775  0.3994774208  
0.8535518551  -0.4985964407  0.1511648768  
-0.5050994577  0.09679411898  0.8576161358  
-0.255596789  0.5134215061  0.819187792  
-0.8907142883  -0.1806903305  0.417107973  
0.4420462192  0.8282899407  -0.344283189  
0.5156339755  0.8373815368  -0.1814215123  
-0.7592130604  0.5636118314  0.325480003  
-0.2186480014  0.9755834849  -0.020734403  
-0.2171864249  0.1954729043  0.9563578831  
-0.5369518804  0.2628747796  0.801610584  
0.8597863272  0.3816863902  0.3392388113  
0.6501790358  0.5017649023  0.5705253757  
0.136817096  -0.9825772692  -0.1257894761  
-0.09141546567  -0.401116668  -0.9114541301  
-0.1205055075  -0.7116806853  0.6920903299  
0.6972538349  -0.4279617083  0.5750529244  
0.7415689021  -0.6479974473  -0.1737091581  
-0.2101628206  0.8727097172  0.440691886  
0.8536681368  -0.4182558872  -0.3103429152  
0.8777361198  -0.2473770401  0.4103460783  
0.8764122859  -0.1224569862  -0.4657314588  
0.7822815439  -0.5392963141  0.3117612415  
-0.2689498744  -0.1525760601  -0.9509923822  
-0.7554051302  -0.4878350386  -0.4374700725  
