1  0  0  
-0.6752809667  -0.5175923762  0.5254462372  
-0.299904852  0.8543465249  -0.4244397427  
-0.5348549692  0.09190728057  -0.8399304814  
-0.2281442425  0.1213175329  0.9660394717  
0.9837313911  -0.02769141853  0.1774985505  
-0.7649891331  0.06312057777  -0.6409426019  
0.7207740843  0.3692752014  -0.5866178867  
-0.7788472323  -0.277274743  -0.5625972854  
0.5272080165  -0.8130283757  0.2470557988  
-0.02929173925  -0.8871804228  -0.4604920102  
-0.9839439492  0.1709144658  -0.05140574046  
-0.05669185975  0.9645005226  -0.2579239714  
0.782932847  0.1105760851  0.6122002013  
-0.150756896  0.6007542123  -0.7850902717  
0.0578364181  -0.08272741006  -0.994892519  
-0.6815711962  0.3741500982  0.6288659702  
-0.8103675553  -0.3808205081  0.4452866109  
0.5413489112  -0.1886414949  -0.8193630104  
-0.8717927931  -0.03138552073  -0.4888683616  
-0.2745150766  0.8395653946  0.4687978465  
0.1104798367  0.9725763055  -0.2046693324  
-0.3651436681  0.368749065  -0.8548065446  
-0.1939971475  -0.05553266511  0.9794290326  
-0.1286317284  0.9128744411  0.3874456519  
0.787122993  -0.4785546242  0.3891309106  
-0.7074778741  0.4307352331  -0.5603054672  
-0.6629104081  -0.2540878024  0.7042649924  
0.8604972873  -0.4016903012  -0.313351752  
-0.9557524133  0.1969766359  -0.2184891972  
-0.8983917967  -0.3400843328  0.277911544  
0.6624029122  0.01280632571  0.7490383033  
0.4103164752  -0.7386545108  -0.5348176361  
0.8493950922  0.06692044079  -0.5234974995  
-0.4419535413  -0.1658682569  0.8815695031  
0.9402680013  0.3247905886  -0.1020154859  
-0.3655948544  0.7464335567  -0.5560371821  
0.5397137256  0.2672676786  0.7982963625  
0.7599506248  0.6165112423  -0.2058857355  
-0.08258906456  0.7350847111  -0.6729260835  
-0.5718476988  -0.8203586068  -0.001401997349  
-0.458414577  -0.8437219648  -0.2792656831  
0.6212875229  -0.3580322742  0.6970040921  
-0.1162250589  0.8991453946  -0.4219351788  
0.4316342804  -0.6220200319  -0.6532862527  
-0.3916628415  0.1907468897  -0.9001199046  
0.815852744  -0.3279807052  0.4762488395  
0.7864732065  -0.3752330767  -0.49057113  
-0.7962926756  -0.221728057  0.562809598  
-0.2417775744  -0.2668546419  -0.9329159687  
-0.02953299262  -0.6410413178  0.7669379579  
-0.6712981596  -0.1869946643  -0.7172111101  
-0.8662336793  -0.4776160743  0.1467041183  
0.8749267123  0.1966474855  0.4425302413  
-0.8896112712  -0.4558907732  -0.02748434374  
0.7356214072  -0.6125204455  0.2892746948  
0.7762045591  -0.621822638  0.1041301555  
0.9473906611  -0.1116532581  -0.2999741408  
-0.06848528096  -0.3470482281  -0.9353434095  
0.1037840321  -0.4125667653  -0.9049958778  
-0.9351736009  0.2754276754  0.2226879697  
0.1933124542  -0.4364058584  0.8787378573  
0.1705918614  0.8496963778  -0.4989133014  
-0.945414378  -0.10534745  -0.3083724511  
0.2790062732  0.2043511305  -0.9382942582  
0.8448330357  -0.1393114475  0.5165747405  
0.4736599879  0.5819063808  0.6610833381  
-0.5912269959  -0.7254981899  -0.3522825795  
-0.5059257593  0.01734120835  0.8624026951  
-0.5312593456  -0.5805674318  0.6170129374  
-0.384901962  0.8918439026  -0.2376235111  
-0.8768633381  0.479942061  -0.02768220333  
-0.3463115176  -0.749055026  -0.5647874829  
0.2298294733  -0.9288003872  0.2907030338  
0.09319828908  0.1784520883  0.9795248496  
-0.03553744597  0.4996830717  -0.8654790106  
0.3895099455  -0.1568972757  -0.9075600516  
0.02161897207  -0.3513579219  0.9359915762  
0.348169335  -0.9343298488  0.07619611386  
0.3365006661  0.8324129873  -0.4402907224  
0.9826502066  -0.1404424049  -0.1211383601  
-0.4784629106  0.4536234433  -0.7518636943  
-0.8816385624  0.2496525274  0.4004835339  
-0.8826034393  -0.4217013991  -0.2077958108  
-0.5374032518  -0.823192092  0.1831734821  
0.579624063  0.6692397114  -0.4649238155  
0.4243327333  -0.6112133986  0.6681017233  
0.3757337954  0.620142363  -0.6886563472  
0.6671456838  -0.6484718786  -0.3666072275  
0.5204857941  0.302285747  -0.7985723921  
-0.8998826071  0.216609198  -0.3785389659  
-0.2748126221  -0.7488513352  0.603075203  
0.5687630382  -0.7644642437  -0.3034848042  
-0.666870513  0.578756432  -0.4693875918  
0.6597206916  -0.5307612148  -0.5320349066  
0.1921986421  -0.8068283033  0.5586481639  
0.2937430021  0.4997387621  -0.8148473589  
0.6501522552  -0.1738217966  0.7396539921  
0.5162689318  -0.2766055258  0.8105280829  
-0.5557368807  0.508159946  0.657974155  
-0.2788041805  0.6034759211  0.7470508963  
-0.9820212885  -0.1384834692  -0.1282829594  
0.7973806723  0.6025840112  -0.03281116974  
-0.09585340525  0.1983518851  -0.9754325473  
0.1871629064  0.8331088507  0.5204802488  
-0.2081687921  -0.6411603797  0.7386332794  
-0.26048504  -0.09117312194  -0.9611633606  
0.1177733347  -0.7059071119  -0.698444408  
-0.1794119578  -0.7264169443  -0.6634227705  
0.1848409102  0.3699529675  -0.9104771495  
0.7463348111  0.4382612763  0.5009105743  
0.954514189  0.1852092553  -0.2336668454  
-0.6924178793  0.6970012427  0.1864047965  
0.7102139383  0.6567779969  0.2534537917  
-0.8831626917  0.4466887311  0.1431531962  
0.3873202353  0.3461733994  0.854486403  
-0.5384260427  0.8387814607  -0.080889169  
-0.554979639  0.6661726079  0.4982084471  
0.04470246398  0.506925423  0.8608300095  
0.3538148262  0.02049202164  -0.9350909827  
-0.2540077781  0.09992712259  -0.9620263088  
0.2906277911  -0.9069559159  -0.3049040073  
0.1161079324  0.001102197359  0.9932359907  
0.4550612521  -0.7939004133  0.4032882228  
-0.2284424537  -0.9170327118  0.3269022038  
0.419402175  -0.4817000738  -0.7694588063  
-0.7040242219  -0.7062631401  -0.07444643692  
0.6769163747  -0.7360594485  0.0008425625158  
-0.649449105  0.04649026309  0.7589825528  
0.8097385013  0.5688160762  0.1441243591  
-0.2663867065  0.4543858259  0.8500421424  
0.02854477903  0.7873898889  0.6157940877  
-0.2675230241  0.7328372547  0.6256044994  
-0.1489499838  0.9659110713  0.2117302641  
0.6596790668  0.3528420288  0.6635706681  
-0.1270867182  -0.5134483734  0.848657607  
0.005506323605  -0.9949788012  -0.09993430656  
-0.1911156799  -0.5825483697  -0.7900077176  
-0.575976885  0.5284019253  -0.6237323411  
-0.6597693971  0.7301373392  -0.1777746005  
-0.06016259833  -0.9216348959  0.3833661181  
-0.361907764  -0.3418861846  0.8672580972  
0.4490027614  -0.8922875836  -0.04711038571  
0.886323711  0.2176888141  -0.4087075478  
0.3876542667  0.8845271927  -0.2594914542  
-0.2966560446  -0.9538764473  -0.04598819968  
-0.7925648905  0.2239302145  0.5671826456  
-0.1937926137  0.971828127  -0.1341436337  
-0.5187457912  -0.4296029552  -0.7391509352  
0.4027375758  -0.005430563774  0.9152993794  
0.7911380122  -0.5634127713  -0.2380476733  
-0.8779562778  0.09169532427  0.4698773689  
-0.9831433682  -0.02438344267  0.1812031048  
0.7910214423  0.5156510977  0.3292248824  
-0.27109715  -0.9521718514  0.1409790786  
0.12379367  -0.8251940464  -0.5511169686  
-0.3093309566  -0.9233146048  -0.2276060188  
0.1023938517  0.7555473688  -0.6470422495  
0.5932747206  0.4276132373  -0.6820352081  
-0.6754975826  -0.729928502  0.1044384886  
-0.9314050615  -0.0534693052  0.3600356159  
-0.4503632084  -0.4703082368  0.7589355328  
-0.7101219769  -0.592091316  0.3809916686  
-0.7929351115  0.6054997726  0.06799951708  
0.164499703  0.9233721498  0.3468770974  
-0.6076471075  0.7060125928  -0.3637460812  
0.7751956462  -0.06570862249  -0.6282945862  
-0.4906064084  -0.7898426142  0.3680407543  
0.2519251494  -0.2919766182  -0.9226501902  
0.5349158678  0.6599526305  0.5275675691  
0.5231837177  -0.6717127353  0.524481457  
-0.9848574112  -0.1650254501  0.05312702233  
0.9504736289  0.3008365784  0.07808478595  
0.2167924274  0.4301592687  0.876335579  
0.8842190777  -0.3621735051  0.2949355435  
0.3246826244  0.6441302095  0.6925875155  
-0.3125203856  -0.861009177  -0.4012408325  
-0.08305039952  0.2499792702  0.9646828472  
0.4485194851  0.8871978469  0.1082139176  
0.9309778884  -0.3436589448  0.1232018708  
0.1550217921  0.9739284708  0.16562481  
-0.5405555183  -0.09316488238  -0.8361339823  
0.4021949882  0.1785975718  0.8979655332  
-0.01097458476  -0.9594016914  -0.2818296526  
0.006724858954  -0.8404914383  0.5417830916  
0.3054185341  -0.9442231282  -0.1231348982  
0.9291764524  0.2645788338  0.2581262504  
0.02346120307  -0.9964123369  0.08131437089  
-0.171011639  0.9847673163  0.03143806612  
0.02864274886  0.08706617946  -0.9957906775  
0.4253202882  0.9020942007  -0.07299798339  
0.1190559343  -0.5677256706  -0.8145632249  
-0.441871335  0.8689434157  0.2229059524  
-0.1041088253  -0.2347377075  0.9664675686  
0.5915345059  0.7859800579  0.1797839726  
0.2602176203  -0.6838995184  0.6815924287  
0.5919959039  0.1231440952  -0.7964774835  
0.03622955553  0.6559701494  0.7539168273  
0.7317057783  0.09499237342  -0.6749689644  
0.8157016318  0.484846734  -0.3155225705  
0.6321796901  0.7198191447  -0.2867215346  
-0.7602989831  0.5129541375  0.3985266731  
0.315835386  -0.531985376  0.7856459563  
0.2324097188  -0.2806603327  0.9312440605  
-0.4106580814  0.324411186  0.8521251801  
-0.8497058893  -0.3580585241  -0.3870322921  
-0.6205935748  -0.5102949495  -0.5953676842  
0.1392096333  0.9900836506  -0.01884257942  
0.6770342688  -0.2131630128  -0.7044048046  
-0.4340217197  -0.7201012795  0.541367984  
0.4531391652  0.7755246624  0.4395752439  
0.9482475027  -0.3136919367  -0.0492345657  
-0.5779883077  0.8072360861  0.1195801721  
-0.4349227739  0.8119979535  0.3892319414  
0.9348587198  -0.05525422882  0.3506938041  
-0.5560269014  0.3527664082  0.7525888294  
-0.8433354896  0.4974389925  -0.2033216682  
-0.3589777664  -0.5005528983  -0.7877701183  
-0.6759918417  -0.5932492097  -0.4371388854  
-0.7444788932  0.2519648862  -0.6182757263  
