1  0  0  
0.6995793798  0.5643518095  -0.4382872648  
0.1404931367  -0.1753450618  -0.9744310072  
0.3449133592  -0.0914613756  0.9341678604  
-0.2915109621  0.08650785721  0.9526477574  
0.9412159707  0.3220935533  0.101824552  
-0.5464359239  0.02863701257  -0.8370111723  
-0.5405711714  -0.6628674638  0.518063253  
-0.8309809213  -0.1696934363  -0.5297875481  
0.7618739006  -0.6474848393  -0.01765056388  
0.09209019121  0.9459882441  0.3108466481  
-0.9427673483  0.3328922795  0.01929915109  
-0.05173090014  0.993107594  -0.1051723381  
0.8000370031  -0.002872494578  0.5999437827  
-0.2278639687  0.8784009512  -0.4201068682  
0.4007422037  -0.5310667598  -0.7465747001  
-0.6875103802  0.7041910826  0.1773256786  
-0.955567968  -0.2839471782  0.07914454272  
-0.6789456482  0.1827995246  0.7110676062  
-0.8893909598  -0.01110299668  -0.4570125206  
0.4824409883  -0.7222638408  -0.4955659766  
-0.3104569639  -0.9364823362  0.1631481155  
0.5633671317  -0.81456498  0.1382076999  
0.2891350405  0.1000689908  -0.9520436573  
0.06723179235  -0.7955386227  -0.6021612624  
0.5340665738  -0.6052394119  0.5903034381  
0.386149037  -0.5786027439  0.7184064212  
0.696300623  -0.003704607207  -0.7177407041  
0.8036765852  -0.3686086216  -0.4671526843  
-0.9164504373  0.2978820362  -0.2671795062  
0.8968746506  0.3926445071  -0.2035832808  
-0.6855424385  0.01585915159  -0.7278599126  
0.2167501351  -0.9573076867  -0.191262573  
0.8883246838  -0.0174705612  -0.4588834664  
0.8646111845  0.3261398592  -0.3822045159  
-0.9863277546  -0.1582330831  -0.04604185007  
-0.2213913467  0.5271688547  -0.8204138408  
-0.5985261783  -0.1349573002  -0.7896536842  
0.8263183309  0.5452347858  -0.141127759  
-0.05158013111  0.4561468366  -0.8884084385  
0.6804598485  0.7287205094  0.07707667425  
0.26834837  0.7718897659  0.5763465464  
0.6212598115  -0.180831433  0.76245409  
-0.03041382458  -0.9661060607  0.2563475743  
-0.2518079085  0.6111472537  0.7503944373  
0.3242466316  -0.9048290208  0.2759502945  
0.6448077266  -0.3347380768  0.687148758  
0.8033974044  -0.5689873097  -0.175516529  
-0.8879472482  -0.158345627  0.4318290713  
-0.4830297065  -0.2615019734  -0.8356428786  
0.0812635667  -0.7349654706  0.6732176392  
0.7275309717  0.1531615634  0.6687602117  
-0.8962932086  -0.4430320142  0.01952225789  
0.9065859826  0.1892446044  0.3772112616  
-0.7959029034  -0.2499094589  0.5514379664  
-0.3933468152  0.7037458878  -0.5916248882  
0.8417419208  -0.4573577359  0.2868700754  
-0.6402385581  -0.4985161834  0.5844452101  
-0.09244262901  0.6739192134  0.7329988091  
0.2823789875  -0.895263639  -0.3446231626  
-0.9377116954  0.1295014105  0.322375807  
0.1999533845  -0.3719107701  0.9064772601  
-0.06572440165  0.9195135856  -0.3875242816  
0.9517793103  0.03123341076  0.3051894796  
0.2758149908  0.279757994  -0.919598584  
-0.9331438731  0.1390380125  -0.3315281936  
-0.6067416317  -0.6055843218  -0.514909916  
0.360120389  0.6615791575  0.6577433571  
0.4319009538  -0.1824396236  -0.8832764855  
0.6789612701  0.338408745  -0.6515298267  
-0.5238183275  0.7226113653  -0.4510511883  
-0.8153960973  0.5622983987  -0.1376579647  
-0.3604149946  -0.5298158878  -0.7677214057  
0.6192491624  -0.7259056455  0.2993183403  
-0.8037880448  -0.5939984621  -0.0330243254  
0.1077286628  0.3706906928  -0.9224873687  
-0.007130336046  -0.07552548446  -0.9971183779  
0.04225542749  -0.2854741062  0.9574544446  
-0.2869298316  -0.9121209759  -0.2927568907  
-0.3464243782  -0.8753391117  0.3373004443  
-0.9838493203  0.06150477964  0.1681001993  
-0.5037128349  0.3275606821  -0.7993606067  
0.486421307  -0.87328071  -0.0278408646  
0.6922322219  0.6230501556  0.3641744836  
0.2559647658  0.9666533074  0.007963788211  
0.6185871766  0.6928152736  -0.3706169203  
0.3676299995  -0.4359184393  0.8214762916  
0.3842526767  0.5133109167  -0.7673733011  
0.1043523979  -0.9393482073  -0.326704029  
0.5651270121  0.2554415227  -0.7844622927  
-0.3415714868  0.2773188686  -0.8980106706  
0.07586208539  0.8037565634  -0.5901019664  
0.5485925849  -0.5657080636  -0.615646459  
-0.2371079609  0.6641828865  -0.708971726  
-0.7589656537  0.2674193943  0.5936817363  
0.0820430528  0.6830530902  -0.7257461082  
-0.4137777864  -0.3525182638  0.8393561921  
0.4731218875  -0.1724025786  0.8639635585  
0.6583307638  -0.4781383822  0.5813641655  
-0.8160105883  0.4735283018  0.3315081706  
-0.3947009359  0.6657925785  0.633191451  
0.986346042  -0.03481963061  0.1609629735  
0.01090246099  0.2647009233  0.9642689239  
-0.01377163357  0.113441168  -0.9934492657  
-0.05061629717  -0.5852845464  -0.8092465571  
0.3734783485  0.665552954  -0.6461835565  
-0.294080926  -0.06427476373  -0.9536168852  
-0.6166004335  0.6305735975  0.4713606301  
-0.1077181378  -0.8168571601  -0.5666931998  
0.09606510157  0.5375101591  -0.8377674648  
0.832757516  0.3406519498  0.4364300273  
0.9839586131  0.1165319371  -0.1350768496  
-0.4444663983  0.8250613282  0.3488888441  
-0.5051979727  -0.5653187022  -0.6520657737  
-0.9680030795  0.2068659283  -0.1420440977  
0.5030387817  0.4191954276  0.7557957248  
-0.3230316791  0.9453880721  0.04349629156  
0.6623647157  -0.3942937894  -0.6370285638  
0.9513119303  0.0524135358  -0.3037407323  
0.4353449478  0.001590553941  -0.900262321  
-0.1940338598  0.1943957509  -0.9615410305  
-0.1997162217  -0.8778907539  -0.435225522  
-0.3239109851  -0.2294624928  -0.9178391134  
0.3800008925  -0.8116138559  0.4437141767  
-0.09107716794  -0.8936063286  0.4395141396  
0.5611086348  -0.2742763966  -0.7809798706  
0.1141977965  -0.5273492326  -0.84193922  
-0.392097321  0.8988457698  0.1957957428  
-0.5733730771  -0.08475062013  0.8148991636  
-0.7578839005  -0.6201574494  -0.2025258781  
-0.5328436142  0.4335898282  0.726689441  
-0.3330984609  0.8013245689  0.4969148324  
-0.1709656247  0.8604748088  0.4799519337  
0.06331777183  0.9975119705  0.03099561944  
-0.7452804468  -0.3185217117  -0.5857482178  
-0.2384200908  -0.6092900391  0.756254923  
-0.1414439741  -0.9820639312  0.1246757284  
-0.2135079214  -0.6421718162  -0.7362266811  
-0.5243645231  0.4733373799  -0.7078089938  
-0.74189947  0.6011548018  -0.2969816169  
0.06896738413  -0.6061333722  0.792367235  
-0.2508754778  -0.447983022  0.8581216153  
-0.5475335897  0.8168078393  0.1817468618  
-0.9381294048  -0.227808079  0.2608001132  
-0.4890955405  -0.7938303394  0.3614124298  
-0.5800471212  -0.8132058949  0.04734458421  
0.8936680956  -0.3085687027  -0.3257954737  
0.6342521352  -0.7728744759  -0.01973001608  
0.6270354901  0.2968197737  0.7202253232  
0.1578501018  -0.02633810496  0.9871117716  
0.1355081824  -0.9898232108  -0.04344587293  
-0.6234416661  -0.7442490763  -0.2396117725  
-0.9542002911  0.2414087548  0.1767020586  
0.8644488363  0.4776894072  0.1566558  
-0.7484899112  0.171025849  -0.6407128934  
0.08309513636  -0.8401661335  0.53592543  
-0.4265244102  -0.9041623256  0.02382050458  
-0.2290818131  -0.7451470314  0.6263205445  
0.5412246039  0.4166173339  -0.7304148994  
-0.6099328009  -0.7637063701  0.2115054579  
-0.8629547376  0.1956358795  0.4658709301  
0.8099394433  0.4887055087  0.3242915724  
-0.8116115803  -0.4855813616  0.3248036083  
0.5908578625  -0.7357195817  -0.33106447  
0.3715844778  0.821964203  0.4316246342  
-0.4782240593  0.8276662321  -0.2937181596  
0.8059227623  0.08112707811  -0.5864357581  
0.3962309874  0.7661452706  -0.5059865896  
0.2707969291  -0.4518474353  -0.8500017167  
0.03104678703  0.4333413938  0.900694917  
-0.6997818504  0.700167879  -0.1416696971  
0.9858762604  -0.1664633881  -0.01838313584  
0.5302835137  0.8395261637  0.1183013759  
0.1548576807  0.1670313524  0.9737143452  
0.8535176352  -0.3105468841  0.4184116146  
0.3471490587  0.3851715296  0.8550616492  
0.7653409304  0.4105697768  -0.4956669432  
-0.2818502373  0.2705976965  0.9205092778  
-0.4591687155  -0.7109378865  -0.5326644462  
-0.7651088559  0.4693024248  -0.4408669558  
-0.4599970453  -0.8427372729  -0.2796365626  
-0.1584454029  0.9554223302  -0.2491249188  
0.4467593912  0.09041273785  0.8900739201  
-0.1780468042  -0.9703553769  -0.163431264  
0.2424100168  -0.7815451651  0.5748256594  
-0.8661163832  0.4993995301  0.02103616126  
-0.962856496  -0.1714814089  -0.2085701189  
0.1929585544  0.9336761774  -0.3016882364  
0.3662873744  0.9197822484  0.1408338555  
-0.1425695918  -0.01318187853  0.9896969989  
0.7180755056  0.6901415349  -0.08984559014  
0.233447161  -0.7424775926  -0.6278769366  
0.004656754189  0.8916062137  0.4527876702  
-0.1318954815  -0.1988650265  0.9711108501  
0.5489896028  0.7378415445  0.3926834237  
0.9064854965  -0.4021502695  0.1286825759  
-0.431597584  -0.1810472417  0.8837111642  
0.07451809558  0.7176019287  0.692455432  
-0.6965617444  -0.1704011824  0.6969685598  
-0.7329882178  -0.6293805675  0.2580859815  
0.4669815401  0.8628826205  -0.1932920703  
-0.7056798551  0.4979260787  0.5040690055  
-0.4099269768  0.9034433501  -0.1254989516  
-0.413531747  0.3578159268  0.8372330959  
-0.5677695326  0.09224809941  0.8180024731  
-0.9009625644  -0.338001173  -0.2720692276  
0.634967863  0.4519108347  0.6265719516  
0.2420371272  -0.9646878178  0.1039011228  
0.1327294447  -0.3611216587  -0.9230243995  
0.2456522047  0.8425801726  -0.4792845158  
0.1994185878  0.4956936318  0.8452928784  
0.8934388661  -0.4129636686  -0.1767144616  
-0.02131181879  0.9833973299  0.1802095947  
0.7191443534  -0.6100117758  -0.3327416902  
0.8535250756  -0.1567167018  0.4969253673  
0.7958250048  -0.09219970752  -0.5984661859  
0.6542068997  -0.608030325  0.4497915699  
-0.1790005601  -0.3375464248  -0.9241326802  
-0.7320099478  -0.4809613275  -0.482532525  
-0.7621144978  0.3253233735  -0.5597733424  
-0.5042387018  -0.5659458297  0.6522642482  
