1  0  0  
0.4544666171  0.7104639949  -0.5373090413  
0.8233263629  -0.1703491357  0.5414008424  
-0.464147891  0.1475399625  -0.8733834752  
-0.3026004369  0.1157824656  0.9460588757  
0.9470484293  0.3167616909  -0.05254810913  
0.6038755058  -0.2195070835  0.7662577985  
-0.3472566542  -0.6567278976  0.6694186169  
-0.8615226072  -0.1475987788  -0.4857915169  
0.6973469199  -0.6949198989  0.1754810744  
0.05301780768  0.9637034465  0.2616577523  
0.8835799126  -0.4669599955  -0.03514115274  
0.005643618251  0.9669179868  -0.2550250112  
0.8131588817  0.01201517125  0.5819177509  
-0.2494888671  0.8563509049  -0.4521265674  
0.3454142538  -0.7826369216  -0.517849826  
0.5651390114  -0.8218667358  -0.07178416446  
-0.928586497  -0.2950877045  0.2250563579  
0.6813898386  -0.1830915847  -0.7086503789  
-0.8967606582  0.04746887126  -0.4399625305  
0.4099550666  -0.8368193309  -0.3628639562  
0.8459939435  0.4350156832  -0.3083108867  
-0.5758506087  0.8110056394  -0.1032759861  
0.3043412107  0.07375478273  -0.9497034587  
-0.03271463431  0.7742405891  0.6320453013  
-0.7587727  0.504727221  -0.4117212917  
-0.6952741305  0.4409426729  -0.567594435  
-0.5735679368  -0.252318739  0.779329889  
-0.6798581741  0.4767557377  0.5572224239  
-0.9381867102  0.2734673546  -0.2121822397  
-0.9837721504  -0.169528161  -0.05875847764  
-0.7240375367  0.1111470342  -0.6807466359  
-0.2746885371  0.921439888  0.2747630624  
0.9500494078  0.1293484359  -0.2840336333  
0.7841547135  0.36820962  -0.4995228334  
-0.9820898327  -0.1495113591  0.1146556325  
-0.2536132399  0.5421939467  -0.8010655708  
-0.5701054229  -0.1091198259  -0.8142927425  
0.8841936516  0.4479534042  -0.1324361512  
0.03790643922  0.6335877992  -0.7727416144  
-0.8173420752  -0.5739659014  0.0501505341  
-0.5594135906  -0.7298732228  -0.3928632246  
-0.4660907497  0.3233032533  -0.8235498889  
0.3227467874  -0.4045947326  0.8556504038  
-0.3798669706  0.6715776074  0.6361482547  
-0.9555126085  0.09801326657  -0.278188883  
-0.586220063  0.3806410481  -0.7151632193  
-0.4356738097  0.9000244432  -0.0120138739  
-0.657975985  -0.477164053  0.5825650776  
0.4567665669  0.2226563609  0.8612714138  
-0.1553300165  -0.1707379971  -0.9729959519  
-0.70294218  -0.06312299945  -0.7084403846  
0.8701576715  0.4859447164  0.08175181533  
-0.8818705091  -0.2807434357  -0.3787974768  
0.5089407917  0.573401152  -0.6420205522  
-0.5271961513  0.7255554062  -0.442304839  
0.6287218175  -0.5960187377  0.4994702599  
0.6057339636  0.6190006947  -0.4999244996  
0.07467505684  -0.6634947803  -0.7444449693  
-0.2436520641  0.6257889028  0.7409601345  
0.9495399281  -0.194931284  -0.2457147116  
0.09239834001  -0.5268601716  0.8449147332  
-0.008018981447  0.06990412249  -0.9975214833  
0.9361553708  0.08546408991  0.3410410695  
0.6989169141  0.1544728807  -0.698321757  
-0.9416087844  0.04196845678  0.334083142  
0.5487399471  0.5036832593  0.6672238341  
-0.2721551771  -0.8331989439  -0.4813637703  
-0.5787146619  -0.07351372447  0.8122099928  
0.3973972047  0.5089346878  -0.7635842751  
0.563208225  -0.7787506225  0.2763041136  
0.7191224389  -0.2820826697  0.6350529784  
-0.4205877025  -0.6254219063  -0.6572316363  
-0.4119106655  0.8341182311  -0.366846535  
-0.05278559309  -0.9086634997  0.4141790982  
0.4423739443  -0.01741386358  -0.8966616144  
-0.01206042725  -0.279128612  -0.9601779856  
0.871440452  -0.06051893066  -0.4867535287  
-0.2047772162  -0.9620944225  -0.1801127814  
0.1111651112  0.825054066  -0.5540109261  
-0.9824353871  0.1723920147  0.07142620995  
-0.8055273567  0.5881109983  -0.07246468976  
0.4090922055  -0.5379446068  -0.7370611694  
-0.7936146024  -0.5558439616  -0.2474133245  
-0.4167792605  -0.9034629503  0.1002484191  
-0.2869438865  -0.7795787439  0.5567047585  
-0.1761180848  0.3544570962  -0.9183368593  
0.274352454  0.4278726551  -0.8611943579  
0.09650711668  -0.9341071062  -0.3437008738  
-0.4309735972  -0.3443516069  0.8340765729  
0.2690698282  -0.4752525514  -0.8376971051  
-0.01613717444  0.3986891626  -0.9169441331  
0.6527123751  -0.6045904483  -0.4565489516  
0.3228054491  -0.652287985  0.6857966365  
-0.6909237358  0.3341187946  0.6410842553  
0.2301082859  0.5852961843  -0.7774821885  
0.3001616134  0.252941193  -0.9197411368  
0.3228267027  -0.2380899911  0.9160218754  
0.5331782926  0.8122757772  0.2364930655  
0.6034677615  -0.7184563913  -0.3459003825  
-0.2325645019  0.8685590069  0.4376288428  
-0.9838864402  -0.03723202704  -0.1748749525  
0.3312322895  0.9423784711  0.0469892285  
-0.01377637725  0.2397400214  -0.9707393747  
0.1517121997  -0.2034892991  -0.9672515255  
0.7611132515  0.6403772368  0.1030709128  
0.1668063615  0.005797816336  0.985972628  
0.4065644405  -0.8985838423  -0.1650831125  
-0.1149484459  -0.7049954  -0.6998345095  
-0.003658777992  0.1031762565  0.9946563595  
0.7879950913  0.3329118524  0.5179125743  
0.9850533849  -0.02247642356  -0.1707765771  
-0.9306724031  0.336417699  0.1437776404  
0.4273476055  0.7395722598  0.5200066313  
0.9500553944  -0.3100396042  0.03563974398  
-0.5150925136  -0.3670318894  -0.7745755577  
-0.1444431643  0.973274776  -0.1785283806  
0.5609578475  -0.2912008079  -0.7749376638  
0.2287229687  0.8780899631  -0.4202901621  
0.4465946624  0.1664177063  -0.8791236287  
0.1707900431  -0.1740252806  0.9698174895  
-0.4105740476  -0.8334307495  -0.3698947651  
-0.3158207635  -0.1501649105  -0.9368605793  
-0.2039650769  0.7663839707  -0.6091419021  
0.1409605249  -0.6626278078  0.735564082  
0.5367716501  -0.5928866215  -0.6003012991  
-0.07971272035  -0.9034857542  -0.4211405634  
-0.2742439127  0.9584845065  0.07808794543  
0.7989954728  0.0334847272  -0.6004040368  
-0.671708365  -0.6975049908  -0.2495889824  
-0.4227645111  0.3852709876  0.8202660753  
-0.07673351926  0.8505417012  -0.5202795225  
0.07484577473  -0.8617583237  -0.5017675773  
-0.1680020268  -0.9484304511  0.2688028987  
0.7594271526  0.1991109884  0.6193748575  
0.7807186935  -0.4796949699  -0.4004635532  
-0.15733686  0.01928053251  0.987356761  
0.12022426  0.8185634385  0.5616938886  
-0.4271106647  0.5055267989  -0.7496793553  
-0.6743424833  0.6541111014  -0.3426381214  
0.1242013387  -0.9922134038  0.00930531273  
-0.1447285854  -0.3314996174  0.932288389  
-0.5262590867  0.8152684958  0.2416374422  
-0.8785448057  -0.2749851598  0.390566494  
0.709541683  0.701804175  -0.06341529793  
-0.6444122045  -0.7341037465  0.2140668122  
0.7981360921  -0.336676671  -0.4996274589  
-0.500370492  0.7191703329  0.4821031041  
0.6302048076  0.2410388442  0.7380665119  
-0.314761723  0.05790716731  -0.9474026693  
-0.03987674398  -0.9945942332  0.09587573537  
0.283887196  -0.9175542978  0.2783921166  
0.8476846058  -0.4843186823  -0.2164860804  
0.8795130509  0.4028774874  0.2532716396  
0.5588252382  -0.5235646462  0.643113065  
0.1241024536  -0.9245147752  0.3603762083  
-0.6346857419  -0.7676351711  -0.08893960358  
0.5703023207  0.8181046089  -0.07389256956  
0.6883349836  0.3211445414  -0.6504314983  
0.686389825  0.6406779245  -0.3440941809  
-0.885464671  0.2115291563  0.4137725614  
-0.04709897661  -0.4366833336  -0.8983815184  
-0.5487143846  -0.7432613326  0.3827206758  
-0.6708730105  0.7205363012  0.1753762883  
-0.3740377082  -0.9020452941  -0.2154299894  
-0.469196357  0.6500353571  -0.5977531372  
-0.8888659389  -0.1080251747  0.4452503837  
0.3387270071  0.9021608983  -0.2671511338  
-0.5584779598  0.449149453  0.6974002705  
0.2770104795  0.7318118839  0.6226689014  
0.2051368405  -0.7590827011  -0.6178287219  
0.9844236425  -0.1403826667  0.1058432759  
-0.7960108448  -0.4565259393  -0.3974302477  
-0.3486095166  -0.346915937  -0.8707012907  
0.3661914741  -0.7636452649  0.5317421497  
0.393115682  0.4935391631  0.7758087104  
-0.7473844015  -0.5115529101  0.4239459595  
0.4348257585  -0.2085995305  -0.8760210018  
0.5648095566  0.6261638176  0.5375025938  
0.8623330825  -0.3958691177  0.3157044448  
0.4879706511  0.8697100757  0.07408797362  
0.5948545861  -0.055670521  0.8019032451  
0.4427856686  0.03289126659  0.8960240043  
0.01491113123  0.9952431501  0.09627424583  
-0.2463010858  -0.9614054902  0.1226183448  
-0.6966235483  0.7174346044  -0.001794537434  
0.9486514053  0.215080679  0.2319500221  
0.01602019788  -0.7555157294  0.6549346043  
0.1631532343  0.9864323135  0.01822945722  
-0.1495580127  -0.1591178115  0.97586573  
-0.7824675397  -0.5828477093  0.2191645434  
-0.1013403105  0.529908166  0.8419783115  
0.2350815172  0.9113230725  0.337974759  
-0.1063125632  -0.5005845221  0.8591348992  
0.6905867033  0.6054223536  0.3956687744  
-0.8873224731  0.4383844531  -0.1431010132  
-0.6962088274  0.02065605856  0.7175420516  
0.07692306227  0.5815156603  0.8098903502  
-0.802567209  -0.2076074368  0.5592718723  
-0.3953750461  -0.8213203662  0.4112316001  
0.4976722556  0.8325717211  -0.2432008538  
-0.878885105  0.3529704269  0.3208938298  
0.4361669595  -0.8791438116  0.1920014111  
-0.2896628523  0.3031152722  0.9078637364  
-0.5659715194  0.1081494605  0.8173003936  
-0.9359034899  -0.3349968742  -0.1089116703  
-0.6671087228  -0.3722784306  -0.6452710454  
0.2943384366  -0.9507031924  0.09761313746  
-0.1307909432  0.3773011677  0.9168083541  
-0.1671888822  -0.7149122015  0.6789318241  
-0.2594860772  -0.6108158532  -0.7480447641  
0.7887298647  -0.6055098029  -0.1061276547  
0.1335373699  -0.9745081933  -0.1802818685  
-0.7400933848  0.6068275994  0.289865566  
0.8964065906  -0.2251948719  0.3817623529  
-0.7928686331  0.1737527616  0.5840970026  
0.7948943347  -0.5546723015  0.2459301416  
0.2217334528  0.4783856511  0.8496949127  
-0.6852396989  -0.4967878317  -0.5325865237  
-0.8086458438  0.3400945743  -0.4800287282  
-0.5517586537  -0.4197399859  0.7206807423  
0.191780618  0.324410323  0.9262710925  
