1  0  0  
0.5751349071  0.6696592768  -0.4698683769  
-0.9848257494  0.1203167601  -0.1250684636  
0.4550303422  -0.1524327198  0.8773321228  
0.355964946  -0.05308917392  -0.932990084  
-0.9332508463  -0.3482761585  -0.08801463111  
0.59006044  -0.228743282  0.7742772036  
-0.4300361728  -0.6988283758  0.5715835821  
-0.8559794665  -0.1591713668  -0.4918979863  
0.7016026296  -0.6876289036  0.186869583  
0.02899643631  0.9714110218  0.2356264701  
-0.9383322669  0.3291649319  0.1057497254  
-0.1361493474  0.9903534132  -0.02575795235  
0.8015751387  0.02538739064  0.597354817  
-0.2811711422  0.8571869624  -0.4314780416  
0.5434515974  -0.6274600019  -0.557632771  
0.5677149853  -0.8193445224  -0.07983889456  
0.8947108866  0.3931241597  -0.2120043029  
0.7189038141  -0.1918228825  -0.6681177201  
-0.8904210653  0.0218648467  -0.4546122028  
-0.3966168477  0.7626365507  0.5109604364  
-0.138718195  0.9685987902  -0.2063338218  
-0.5731367285  0.8141620591  -0.09302919925  
-0.1901820753  0.05625149782  0.980135984  
-0.07372163803  0.6353973305  0.7686581506  
-0.5618774595  0.7165919812  -0.4132670481  
-0.6307311175  0.5850847347  -0.509758875  
-0.6955251393  -0.1156533895  0.7091326209  
-0.7635146167  0.326874565  0.5569546201  
-0.9385478503  0.2448849888  -0.2432267974  
-0.9554010033  -0.2835321607  0.08257382595  
0.709691203  -0.1049905352  0.6966458095  
0.258144634  -0.8642172994  -0.4318446565  
0.942425294  0.2200577154  -0.2518117692  
0.7964044623  0.4820616012  -0.3651801543  
-0.9856097367  -0.1083376803  0.1297551309  
-0.1825511452  0.1879649508  -0.965061789  
-0.5545771638  -0.1032839797  -0.8256976377  
0.8915211669  0.4503331472  -0.04888829575  
0.1154698091  0.6825018065  -0.7217049309  
0.8013605518  0.5970614575  -0.03659073692  
0.3923261204  0.7676073979  0.5068126853  
-0.7995706065  0.3221783188  -0.5068411745  
-0.643555954  -0.7214966348  -0.2554962622  
-0.396676214  0.6519547618  0.6462220746  
0.5719656487  -0.7783459637  0.2589070442  
-0.4537308584  0.332566588  -0.8267573844  
-0.696709745  0.7171136971  -0.0185331235  
0.7827540753  0.3612222693  -0.5067687143  
0.4688895207  0.2414494146  0.8496144994  
0.2003028891  0.4219354178  -0.8842224018  
-0.6891789043  -0.06897713088  -0.7213006262  
-0.8502322894  -0.5136588293  -0.115150602  
-0.9337794087  -0.1087944357  -0.3409102325  
0.2388414491  -0.65585466  -0.7161071339  
0.326499983  -0.7626784559  0.5583183089  
0.8049160128  -0.5316223713  0.2636055133  
-0.6880357703  -0.5251924883  0.5007790222  
0.08123741288  -0.7578595688  -0.6473402172  
-0.07102568171  -0.8268665068  -0.5578952701  
-0.9233961317  0.1151222761  0.3661781608  
-0.2830029572  0.4318678264  -0.8563874747  
0.1445513421  -0.3521061473  0.9247303231  
0.9828226625  0.055678461  0.1759531844  
-0.4654755234  -0.2808022673  0.8393346316  
-0.3350383232  0.3764750065  0.8637221147  
-0.5542837501  -0.5225960647  -0.647813922  
0.1727635733  0.9555995894  -0.2387093893  
0.5633255883  0.1155180286  -0.8181197141  
-0.4013185939  -0.5785063896  0.7101223439  
0.4347384655  -0.9004624933  0.01302937901  
-0.8931459651  0.4122082427  -0.1799295686  
-0.5245176382  -0.3877385143  -0.7579842292  
0.4322847418  -0.8190714067  0.3771630056  
-0.130360782  0.9167129845  -0.3776815729  
-0.09998749741  0.5047147419  -0.8574762561  
0.1686469492  -0.3682241922  -0.914313486  
-0.03074627491  -0.3937931316  0.9186847316  
-0.1735552851  -0.9761235425  -0.1306192669  
0.1632047428  0.8941224763  -0.4170242311  
0.9435945223  -0.2271829113  -0.2408678109  
-0.5743285625  0.3960273245  -0.7164559027  
0.4217923053  -0.8911596957  -0.1671096884  
0.6724044537  0.6236431045  0.3986747155  
-0.3204760118  -0.9343410163  0.1558909587  
0.4501698383  0.7903949003  -0.4154792635  
0.5299339037  -0.5498489108  0.6456285566  
0.5479730768  0.5684675514  -0.6136531187  
-0.04667528298  -0.9122008449  -0.4070762047  
0.7274692593  0.2705200023  -0.6305611827  
0.08738215038  0.7189111754  0.6895876171  
0.07524398262  0.5466083825  -0.8340009708  
0.7849022359  -0.4492241097  -0.426762439  
0.2365667659  -0.5803138439  0.7792765927  
0.8320358859  -0.1581003724  -0.5317147326  
-0.3128907023  -0.9495021658  -0.02334621059  
0.5114314034  0.4360390649  -0.7404781249  
0.6813489348  -0.4377564916  0.5866284029  
0.4151999047  -0.4923548301  0.7649808889  
-0.5474337676  0.798181788  0.2514400593  
-0.09833626641  0.8585920875  0.5031397479  
0.9834862855  0.1744302287  0.04825786584  
0.2772501354  0.7016316137  -0.6563881786  
0.007086988304  -0.07977953038  -0.99678734  
0.1176707709  0.1919787918  0.9743191126  
0.3618915039  0.4353846856  -0.8243025627  
0.2243579379  0.06032828661  0.9726376579  
0.4081640918  -0.8443656166  -0.3470573146  
0.05182310399  -0.4917438733  -0.8691963696  
0.1510183371  0.2583733355  -0.9541680572  
0.8810868596  0.2876717843  0.3754076322  
-0.9801148102  0.05920463753  0.1893931616  
-0.7794153284  0.5607730652  0.2793659164  
-0.4083842315  -0.6559098601  -0.6348264132  
0.9548451624  -0.2890088393  0.06888110581  
0.3673263276  0.3749680143  0.8511582445  
-0.2833591389  0.9559228587  0.07693560002  
-0.634898857  0.3495052366  0.6890207043  
-0.01072335533  -0.3252910117  -0.9455531542  
0.4161925709  0.1149581661  -0.9019802459  
0.09569229487  -0.05002275964  0.9941532619  
-0.3651161992  -0.8570284409  -0.3635827452  
-0.3273649404  -0.1857948673  -0.9264515438  
-0.1956154622  0.7144357399  -0.6718006881  
0.01782242884  -0.7683684448  0.6397595595  
0.6661965007  -0.475478373  -0.5745455067  
-0.1503051124  0.8264105661  -0.5426361114  
-0.2728151393  0.9267608635  0.2582367162  
0.6508114259  -0.04721822432  -0.757769706  
0.7402715733  0.6600280062  0.1279102373  
0.4904765957  -0.3698292799  -0.7890874557  
0.2924768241  -0.9162122857  0.2738838348  
0.2206957114  0.8582128271  0.4634265275  
0.1663867259  0.984376172  -0.05761084509  
0.7522340622  0.205686213  0.625968927  
-0.2561959954  -0.1090746794  0.9604511056  
-0.01527802665  -0.9907693998  0.1346943889  
-0.2433896212  -0.7601314937  -0.6024629487  
0.4741690496  -0.689375758  0.547653884  
-0.6936501666  0.6312416472  -0.3469631526  
0.05869328712  -0.6455903055  0.7614251477  
-0.3134791245  -0.2763143602  0.9085049328  
0.5368721684  -0.731290184  -0.4206934058  
-0.8693507643  -0.3295157741  0.368305041  
-0.3141708681  -0.8875414511  0.3369967925  
-0.5864723152  -0.7995334548  0.1296012276  
0.866120814  -0.2777264033  -0.4155752404  
-0.6762625179  0.5850394222  0.4476582193  
0.6244535337  0.2421425448  0.7425798087  
-0.3114135387  0.08232045555  -0.9467021446  
0.1286610358  -0.9789343168  -0.1585368765  
-0.7758780134  -0.570455052  -0.269433372  
0.8642597332  -0.4785157542  -0.1551701857  
0.8785105988  0.407362327  0.2495497192  
-0.5808331852  0.05954521321  -0.8118418433  
0.3204319519  -0.2687537915  0.9083472705  
0.5973986119  0.7965149937  0.09315988039  
-0.2438671154  -0.570370687  0.7843507566  
-0.6039582278  -0.2782861734  0.746854246  
0.7085427814  0.6800044462  -0.1885764566  
-0.8776054021  -0.005724962317  0.4793495415  
-0.8137427193  0.1511345625  -0.5612317977  
-0.5855989262  -0.7507122779  0.3057858293  
-0.6873750978  0.7093203587  0.156141294  
-0.4992272814  -0.8287149487  -0.2529894372  
-0.3661990265  0.6363462323  -0.6789416364  
-0.8099989892  -0.143521612  0.5685975592  
0.3005711817  0.809155951  -0.5048996056  
0.3778948302  -0.5224677375  -0.7643447917  
0.4083299399  0.5246174401  0.7470228924  
-0.2179566381  0.5199464757  0.8259240681  
-0.9844046476  0.1665780235  0.0565619291  
0.7941817992  0.4598415668  0.3972669168  
-0.2199529982  -0.3183238922  -0.9221120205  
0.9525364645  -0.07069803633  0.2961014546  
-0.2557894586  -0.5018038607  -0.8262957329  
-0.6995111209  -0.6225332794  0.3509081187  
-0.1075869457  0.2116959415  0.9713958397  
0.5504659604  0.6450660473  0.5299783214  
0.8621317331  -0.3689210271  0.347312756  
-0.456546617  -0.8841009405  -0.09965296562  
-0.8134896191  -0.5447339796  0.203714337  
0.4224617743  0.03737927708  0.9056096504  
-0.01914957484  -0.9984829733  -0.05162408214  
-0.02131180942  -0.9496980278  0.312441135  
-0.8077341304  0.5814946382  -0.09710592321  
-0.9476269307  -0.2334239043  -0.2179827542  
-0.008308162229  -0.8737356654  0.4863300952  
0.3286086642  0.9215389022  0.206839062  
0.08352065069  0.0865156867  -0.9927433389  
-0.6884661568  -0.7249459511  0.02162681054  
-0.2439692291  0.7720339768  0.5868922848  
0.1905996013  0.9319803627  0.3083575775  
0.01655892618  -0.2281053214  0.9734956417  
0.5303474039  0.7484938257  0.3981062974  
0.8901395157  -0.4554539968  0.01460477507  
-0.5096533498  0.05041004539  0.8589017932  
-0.5283121517  0.5066262418  0.6813340748  
0.8858902552  0.1789332709  -0.4279968929  
0.4568459293  0.855307458  -0.2444196169  
0.4640373671  0.8835033598  -0.06396198168  
-0.8756503236  0.3864157133  0.2896884661  
-0.4384735914  0.8771861691  -0.1956663854  
0.277178051  -0.2178924925  -0.9357858675  
0.5828031219  -0.2086050581  -0.785381723  
-0.7866014413  -0.3372006262  -0.517256136  
0.6678609617  0.3774729191  0.641463897  
0.2917794381  -0.9510306462  0.1020072034  
-0.09445056558  -0.5918972503  -0.8004603274  
-0.1448756074  -0.8011278052  0.5806938075  
0.2549079942  0.6409703426  0.7240020265  
0.7931498633  -0.6038948667  -0.07889413311  
-0.1164381144  0.9340055645  0.3377510487  
0.6625821356  -0.6797470888  -0.3145295038  
0.8908303074  -0.1984913805  0.4086839063  
-0.7760016303  0.02356466817  0.630290549  
0.7604404714  -0.4843873945  0.4325495827  
0.1122203113  0.4435207262  0.8892108677  
-0.6843655486  -0.5061260761  -0.5248620685  
-0.7072516154  0.2754680231  -0.6510856478  
-0.6483381847  -0.4232660109  0.6328534446  
0.9477469888  0.05532394393  -0.3141892844  
-0.435327476  0.2165804275  0.8738323106  
