1  0  0  
0.7996668097  0.4986296028  -0.3345168348  
0.3817465277  -0.7193970401  0.5802908644  
0.494226682  -0.1316271806  0.8593103468  
0.2795942522  0.00337177495  -0.9601123295  
-0.9841564475  -0.1716777197  -0.04430403259  
-0.2058816854  0.0231287571  -0.9783035277  
-0.681947064  -0.5898689157  0.432438278  
-0.797852451  -0.2627622814  -0.5425748335  
0.5619639122  -0.7618255507  0.3222086152  
-0.1997849788  -0.7448520362  -0.6366171585  
-0.9479263813  0.3121025108  -0.06346336177  
-0.002483039706  0.9581132559  -0.2863788109  
-0.8597214432  -0.09687306653  -0.5014924218  
-0.1582870413  0.9644141531  -0.2117794936  
0.4109262815  -0.5643529933  -0.715992521  
0.7697226659  -0.592739897  -0.2370367737  
0.9339560507  0.2360660114  -0.2683261702  
0.7502463022  -0.2753591072  -0.6010888854  
-0.8895955655  0.05434462311  -0.4535045665  
0.3852407924  -0.7853545704  -0.4845696345  
0.8952039464  0.4440375456  -0.03795461002  
-0.5770081579  0.8048626264  -0.1387722538  
-0.4368870123  -0.03014725348  0.8990110575  
0.6926156791  -0.7198574863  0.04570252072  
0.527970537  -0.6882327183  0.4975769664  
-0.6132184234  0.5484906842  -0.56843745  
0.7895897282  -0.09672531047  -0.6059639225  
0.8498007736  -0.4361583848  -0.2959805883  
-0.9327525865  0.2743053272  -0.2339427278  
-0.8193019885  -0.5495242178  0.1636074132  
-0.7642682071  0.04361100598  -0.6434222469  
0.2832209431  -0.9330507208  -0.2218158016  
-0.8809359229  0.008463234807  0.4731598815  
-0.8560070912  -0.3380750307  0.3910973452  
0.9529518948  0.2900886136  -0.08792771168  
-0.242480351  0.4872882462  -0.8389001397  
-0.678657669  -0.2584159927  -0.6874917767  
-0.8119599305  -0.5834945256  -0.01597528613  
-0.03170821396  -0.5950979089  0.8030274391  
0.5937846788  0.8046168222  -0.003394806323  
0.3422620935  0.7658426971  0.5443726872  
-0.7112611363  0.2244388024  -0.6661342357  
-0.6099823322  -0.7691394703  -0.190646347  
-0.2473269266  0.6038227959  0.7577779507  
0.08847420073  -0.6362225796  -0.7664157782  
0.6763374616  -0.3912941907  0.6240644953  
-0.7885849807  0.6130719171  0.04771323389  
0.8830539052  0.1680003415  -0.4381685586  
-0.5204675787  -0.04121052292  -0.8528863889  
0.1329632697  0.6875847065  -0.7138263376  
0.7637667628  0.1192395273  0.6343833755  
-0.9368988972  -0.3366838306  -0.09415123279  
0.8906130247  0.2363732935  0.3885049631  
-0.1458124181  0.6269432325  -0.7652979301  
-0.4235341087  0.8065851777  -0.4123581088  
0.6880036722  -0.689448548  0.2265207421  
0.6193799731  0.5219169468  -0.5864905366  
0.1136097014  -0.7527363302  -0.6484449498  
0.2595009886  -0.8841079491  -0.3886031024  
-0.9574954736  0.2049925395  0.2029297335  
0.1103063274  -0.3499624945  0.930246616  
-0.08675252244  -0.8171752907  0.5698232569  
0.9385488241  0.075431304  0.336802944  
0.3081111516  0.1872110187  -0.9327483866  
0.09092533178  -0.8729177706  -0.4793194653  
-0.4348672425  -0.3547244995  -0.827684125  
0.5881213728  0.6439704117  0.4893008887  
0.5632624498  -0.07377210048  -0.8229781831  
-0.674952684  -0.3621614233  0.6428669986  
-0.4464157377  0.8649486604  -0.2292963237  
0.7791453724  -0.5503259172  0.3001230972  
-0.4500876489  -0.5160035387  -0.7288082439  
0.3047374875  -0.8996121423  0.3127827634  
-0.3424656434  -0.9141980275  -0.2167008298  
-0.07714635426  0.4941091602  -0.86597031  
0.06298887454  -0.2240732973  -0.9725346056  
0.006118097324  0.2376919  -0.9713213318  
0.3305046352  0.9429484612  0.04018563921  
-0.2723612069  -0.8397439498  0.469733405  
0.9840408591  -0.1737217404  -0.03852719241  
-0.4392659621  0.3020550085  -0.8460544819  
0.448484491  -0.8926924579  0.04429262919  
-0.7482469924  -0.6306606318  -0.2058970758  
-0.462480209  -0.8836159734  0.07304017977  
0.5465812405  0.6685807537  -0.5042308234  
0.4006196018  -0.4620141785  0.7912312137  
0.5307816635  0.440432058  -0.7240790205  
-0.1956545877  -0.9292415621  -0.3134157008  
0.7020889549  0.1862674177  -0.6872958231  
-0.1081704214  0.8247974735  -0.5549849436  
0.2378304998  0.7585990611  -0.6066004598  
0.6191787561  -0.6056041377  -0.4998612772  
0.3193637708  -0.6097947923  0.725366868  
0.8077076438  -0.368115284  -0.4605426145  
-0.4707200559  -0.5909692022  0.6551168071  
-0.418806413  -0.3441552751  0.8403322766  
0.5836421642  -0.2701085676  0.765769669  
0.7917363144  0.2671123227  -0.5493674686  
-0.6588134627  0.6757012719  0.3307455405  
0.3110273507  -0.7018490678  -0.6408352933  
0.9515477281  -0.09723839941  0.2917218106  
-0.5258218425  0.2449898957  0.8145497781  
0.03139066541  -0.06748889198  0.9972260905  
-0.1793106008  -0.5974048609  -0.7816361945  
0.3714395156  0.4993584036  -0.7827348664  
-0.6370083637  0.09345994676  -0.7651702967  
-0.474942816  0.6630039161  0.5786666819  
-0.4587500298  -0.6528033708  -0.6028234976  
0.07504423665  0.4215409906  -0.9036988192  
0.8119169931  0.3930125737  0.4316618042  
-0.9827654925  -0.1276479624  0.1337085802  
-0.5296344324  0.7405238189  0.4136566712  
-0.5875889425  -0.5251983778  -0.6155533272  
-0.9822727886  0.1374123583  -0.1275069119  
-0.4079270035  -0.1818555676  -0.8947201307  
-0.299685385  0.952902784  0.04652906908  
-0.6940248629  0.4483998303  0.5632646642  
0.9842287505  -0.03863766286  -0.1726293649  
0.406539199  -0.1354546972  -0.9035363328  
0.169503488  -0.1898980627  0.9670611632  
-0.07226141081  -0.1030125714  -0.9920517621  
0.3705228863  0.007740277052  0.9287910846  
-0.2203154585  0.7321829643  -0.6444914317  
0.150607625  0.9113499837  -0.3830907863  
0.5608396928  -0.5144200257  -0.6487147879  
0.1542759934  -0.9096403604  0.3856855359  
-0.1151386303  0.9426773867  0.3132130912  
0.7001890093  0.001216453461  -0.7139564913  
0.7059661657  0.7052083832  0.06552029584  
0.4759158577  -0.4099545509  -0.7781011262  
0.2807040628  -0.3304258863  0.9011237223  
0.05066092571  0.9140410046  0.402445664  
0.1848476983  0.9727527355  0.1399408588  
0.7038173222  0.4045522382  0.5839337835  
-0.1936171959  -0.5377547418  0.8205682294  
-0.1701189504  -0.9847631817  0.03606963638  
-0.1566488459  -0.4329194377  -0.8877172407  
-0.473829766  0.586559888  -0.6568354822  
-0.6601801073  0.6348898017  -0.4013441985  
0.03228013072  -0.7316354123  0.6809314331  
0.4610542863  0.1895121599  -0.8668991212  
-0.4171453505  0.8518867881  0.3166680545  
-0.9480894015  -0.0679877331  0.3106511787  
-0.3091697124  -0.9000890543  0.3070077902  
-0.598566365  -0.7810650884  0.1779203035  
-0.8989095997  0.2851609347  0.3326330905  
-0.4379702144  0.8881636173  0.1390952202  
0.5517688357  0.2189571795  0.8047415147  
-0.3369983631  0.1630137887  -0.9272856129  
-0.1354958702  0.9807193742  0.140820376  
-0.005477098844  -0.9932490756  0.1158718047  
0.9323237976  -0.3422035767  -0.1169147063  
0.8590367179  0.4899782204  0.1482472963  
0.3149341322  0.939060332  -0.1377758518  
-0.5456135249  0.4340632744  -0.7168646701  
0.4863800197  0.8256329941  0.2859451615  
-0.3047063803  -0.6351001721  0.7097899641  
-0.5773401366  -0.2789251683  0.7673845953  
-0.7115188159  -0.6479219957  0.2719155422  
-0.8618785886  0.4876063574  0.1393030465  
-0.7911088137  0.3306053376  -0.5146328357  
-0.891204316  -0.3975921753  0.2183468097  
0.559163885  -0.7948896406  -0.2355551079  
-0.1915238652  -0.8517256759  -0.4877314651  
-0.2723099905  0.8280946761  -0.4900066087  
-0.8563705785  0.1931411539  0.4788798669  
-0.4348154933  -0.8006882074  0.4121090648  
-0.3136002157  0.4563415084  0.8327108336  
0.03033876362  0.5403586814  0.8408876589  
-0.5748824108  0.8167501023  0.04928979745  
0.9846532359  0.03850453824  0.1702216369  
0.7932020939  0.5209591688  0.3153283728  
0.2468237775  0.1457971932  0.9580298541  
0.8192482613  -0.1668612223  0.5486252081  
0.3084226072  0.4822011617  0.8199741063  
-0.7506471096  -0.4354083463  0.4969391198  
0.2411010264  -0.1703703716  -0.9554288208  
-0.4837296397  -0.7586819277  -0.4363569275  
-0.8469308664  0.3938305843  -0.3572192303  
0.3391111998  0.8568095593  0.3884340012  
0.8894876303  -0.2281748064  0.395914149  
0.6523717849  0.07905868829  0.7537644049  
-0.03394119741  -0.9722148496  -0.2316166688  
-0.002348762811  -0.8934514201  0.4491536967  
-0.7968557292  0.5903565249  -0.1284527941  
-0.9531467622  -0.2096127721  -0.2181140426  
-0.1585623374  -0.9641513557  0.2127678277  
-0.47893911  -0.8707671618  -0.111273891  
-0.1440235975  -0.110824213  0.9833489702  
0.7199104249  0.6861519295  -0.1045203798  
-0.2280896997  0.8082498818  0.5428694294  
0.04093903845  0.8167804197  0.575494345  
-0.1650975175  -0.2786104207  0.9461073106  
0.6461585893  0.6846002353  0.3373449203  
0.8779081165  -0.4378143774  0.1938966475  
-0.6683870654  0.1759662899  0.7226995196  
0.05661101029  0.699936973  0.7119574618  
-0.8032129835  -0.08887903444  0.5890241254  
0.5817614924  0.7358934925  -0.3464308496  
0.4607328502  0.8528874907  -0.2455772158  
-0.7445510574  0.5296633614  0.4063255426  
0.3081954236  -0.9420058103  0.1328180492  
-0.3651807971  0.2990358379  0.8816011304  
-0.6226894082  0.3499956464  0.699829228  
-0.8895185276  -0.3689281123  -0.2695344819  
0.5719559084  0.38630449  0.7236264781  
0.1498755996  -0.9880724927  0.03535610023  
0.1429407137  -0.4905768016  -0.8595942962  
0.3973264809  0.7230321942  -0.565116018  
0.3210660236  0.6372154943  0.7006233098  
0.8830366881  -0.4685225628  0.02707056695  
0.0179267659  0.9981326664  0.05839359043  
0.6830795057  -0.7160050541  -0.1440109421  
0.2638603034  0.3903748571  -0.8820346996  
0.933774714  -0.1038695615  -0.3424556871  
0.7373181626  -0.4891176407  0.4659676605  
0.2847681987  0.3139393449  0.9057312851  
-0.7082111636  -0.5362532121  -0.4592052267  
-0.1956366296  0.3356865205  0.9214341372  
-0.5904899674  -0.0980407957  0.8010677879  
-0.1159437551  -0.2698579507  -0.9558942055  
-0.01580799348  0.3849610999  0.9227974094  
-0.1053590347  0.05742090529  0.9927750568  
