1  0  0  
0.6134785433  0.7448797125  -0.2622942827  
-0.3216167211  0.7790596738  -0.5381716355  
0.3956480291  -0.2290965483  0.8893691071  
-0.3841151993  0.1419617655  0.912306073  
0.9283096554  0.3106796409  0.2042531381  
0.5442820899  -0.1606872608  0.8233690611  
-0.4801066207  -0.796142826  0.3683126843  
-0.7018350413  -0.09800256753  -0.7055657811  
0.6457913806  -0.7425967264  0.1774925198  
-0.1833501423  -0.9692824157  -0.1639339011  
0.9531987227  -0.2820942197  -0.1087889991  
0.02148933419  0.9885513016  -0.1493470211  
0.7885252778  -0.02658856554  0.6144273223  
0.2431207609  -0.8799066063  0.4082360344  
-0.4283955068  0.6984275124  0.5733029737  
0.6922403935  -0.7216630221  0.002391659052  
0.901417121  0.4243980336  -0.08563575842  
0.7185193712  -0.2826533794  -0.6354816916  
-0.8798812564  0.02374674819  -0.4745999015  
-0.4562016689  0.7854832787  0.4182057582  
-0.3074387398  -0.950175286  -0.0514620952  
-0.5589751369  0.8277964564  -0.04795647088  
0.3187385724  0.02454343844  -0.9475248504  
-0.1375050369  -0.5071156763  -0.8508384428  
-0.57468094  0.7427030502  -0.3437062649  
0.5380710753  -0.5825617044  0.6091809079  
-0.8165100853  -0.1605115985  0.5545694793  
-0.7694326708  0.3810035834  0.5126496215  
0.9655566137  -0.1794432544  0.1884158809  
-0.9574297329  -0.1495862908  -0.2468850909  
-0.7529705364  0.1916956841  -0.6295142064  
0.2999801653  -0.8000606045  -0.5195333767  
0.9057254836  0.09442826126  -0.4132125988  
0.8146967835  0.4581053457  -0.3555399318  
-0.9614409996  -0.2515140424  0.111229001  
0.1743390498  -0.4604557152  0.8703944106  
-0.5748180109  -0.03610815888  -0.8174842232  
-0.948253738  -0.3148208656  -0.04126343361  
0.06548671537  0.6187438076  -0.782858602  
0.7124481576  0.7010035482  0.03180641643  
0.6028375378  0.7037753252  0.3758818891  
-0.6405950519  0.2689389486  -0.7192425331  
-0.7648590241  0.496034273  -0.4110239327  
0.3887195896  -0.5859843866  -0.7109988603  
0.1356644145  -0.9549420936  0.2639711432  
-0.6754141135  0.4904202979  -0.5507301578  
-0.8712818079  0.4822201173  -0.09127852844  
-0.7787240626  -0.3793901334  0.4996518398  
-0.4582588643  -0.3292833702  -0.825573301  
-0.1826430965  -0.4939124199  0.8501129459  
0.6702996101  -0.08051713154  0.7377095799  
0.8812783879  0.4623267831  0.09799157457  
-0.8137819096  -0.1366066854  -0.5648872605  
-0.4149988819  -0.6044596211  0.6800033047  
-0.7161179545  0.6306496589  -0.2990920977  
0.8306965088  -0.4942085057  0.2563225762  
-0.5985299376  -0.6766662272  0.4288178293  
0.2222728128  -0.5790349802  -0.784419077  
-0.05131693363  -0.7633434379  -0.643951371  
-0.9399667697  0.2085630941  0.2701183214  
-0.06219527947  0.3373382952  -0.9393266854  
-0.07463848372  0.9017709294  -0.4257209035  
0.9461507001  -0.01697100732  0.3232813599  
-0.3911908558  -0.1821334624  0.9021070425  
-0.2379996769  0.296699305  -0.9248381892  
0.5563137442  0.5435489812  0.6285455616  
-0.3485623133  -0.761728  -0.5461453723  
0.5455060209  0.1681025466  -0.8210753406  
0.5623308873  0.5855832436  -0.5838460739  
0.4978966628  -0.8382149038  0.222474017  
0.8470682198  -0.1939990995  0.4948128741  
-0.439516097  -0.4936495158  -0.7504237177  
-0.3342182907  0.9039818432  -0.2666738856  
0.5402972393  -0.147565188  -0.8284343115  
0.002297667646  0.4861761745  -0.8738577962  
-0.03292658902  0.1118665037  0.9931775899  
0.1190038505  0.3541178367  -0.9275983189  
0.1744983203  0.9834848784  -0.04803988108  
-0.187692194  -0.8208035199  0.5394934865  
-0.9867561525  -0.0880610519  0.1362260867  
0.597752224  -0.423742705  0.6805397847  
0.4461910282  -0.8914166204  -0.0793093637  
0.7361464863  0.5925315051  0.3271005445  
-0.3312598216  -0.9348424646  0.1278143069  
-0.4571319396  -0.7138655493  0.5304963405  
0.3433349261  -0.4088894454  0.8455356586  
-0.6515882049  -0.4409630562  0.6172393331  
0.009609690219  -0.9305324992  -0.366083217  
0.6884963743  0.1474675387  -0.7100887745  
-0.9588852057  0.006960484377  0.2837088542  
0.2457486535  0.6185333626  -0.7463404576  
0.8028285555  -0.4679133467  -0.3694907448  
-0.4851885509  0.7127440514  -0.5065451482  
0.6382122724  -0.436518675  -0.6341423671  
-0.6838671237  0.536430085  0.4945386951  
0.5121938633  0.4656536713  -0.7216814427  
-0.4966794192  0.3383605721  -0.7992632093  
-0.2447728046  0.9594821867  -0.1395715142  
-0.5890334438  0.7978841094  0.1281426939  
-0.1612802292  0.8797243194  0.4472961093  
0.9855582017  0.1555599939  0.06690380657  
-0.2189377534  0.7024040108  -0.6772701571  
-0.009978286727  0.04840869126  -0.9987777693  
-0.002837364051  0.4147861404  0.9099145054  
-0.08911750618  0.6851316749  0.7229472028  
-0.1608100866  -0.009951913474  -0.9869351931  
0.4629693142  -0.849986382  -0.2513614223  
0.04612637236  -0.5578401165  -0.8286656516  
0.2269919616  0.1937938004  -0.9544205636  
0.8045595753  0.298451667  0.513430124  
0.9433602043  0.1857418753  -0.274902675  
0.9843354661  -0.1028732612  -0.1431809425  
-0.5105065032  -0.6811007538  -0.5248665291  
-0.9855566967  0.1677734469  -0.02302320927  
0.5831990752  0.3868748282  0.7142875513  
-0.1348692259  0.9835918282  0.1198223993  
0.4462804344  -0.3028081143  -0.8421051121  
-0.1764039259  0.4372418491  0.8818736986  
-0.4742562372  -0.01434559911  0.880269973  
0.126658646  -0.1758930707  0.9762270305  
-0.1764728884  -0.8334166135  -0.5237118177  
-0.3227937328  -0.2562581544  -0.911117975  
0.3841116351  -0.654701588  0.6510177282  
0.1680582407  0.901893671  -0.3979249098  
0.5419545607  -0.5763454518  -0.6116462821  
-0.5217028899  -0.813571151  -0.2567646332  
-0.3116149245  0.9303105631  0.1934383496  
0.7540847911  0.000230440322  -0.6567770358  
-0.6670027973  -0.7145906554  -0.2108730982  
-0.5906385295  0.2984460032  0.7497173538  
-0.3301704953  -0.8940816519  0.3026639123  
0.1555303225  0.9267830546  0.3418822728  
-0.03858868002  -0.9983008873  -0.04366064889  
0.7076788175  0.2661335476  0.6544949397  
-0.2905553975  -0.3449191891  0.892529167  
0.1851372082  0.9569027193  -0.2237440501  
0.01379679521  0.8605729371  0.5091403228  
-0.4468696018  0.504872991  -0.7385193443  
0.7713067565  -0.6224548253  0.1328001424  
0.110244432  -0.6067364354  0.7872211018  
0.4521212014  0.331131559  -0.8282139276  
0.317904134  -0.8772683447  -0.3596348328  
0.9005947942  0.3554763216  -0.2501311686  
0.3354958914  0.8230276663  -0.4583317219  
0.7282692616  0.6698173578  -0.1448053517  
0.813723185  -0.1775569775  -0.5534691482  
0.5788634125  -0.6713174188  -0.4628715512  
-0.5899828753  -0.2171912603  -0.7776555557  
-0.2868408752  0.1103980901  -0.9515958039  
0.01792461169  0.9774281051  0.2105065503  
-0.03746852069  -0.2579724492  -0.9654254634  
-0.8153411389  0.5397568709  0.209478752  
-0.8459743443  -0.4603455092  -0.2690899868  
-0.7869351905  -0.5966370485  -0.1573443305  
0.2249394211  0.7180132352  0.6586799306  
-0.5848750561  -0.806763688  -0.08398523905  
-0.3538521698  -0.4834605474  0.8006588169  
0.7295504917  0.2830868358  -0.6225896911  
-0.8192643024  -0.5729354396  0.02347306701  
-0.8649719029  0.2884769784  0.4106149536  
0.02545102004  0.8402065245  -0.5416689411  
-0.7236868754  -0.6137078776  0.3156579595  
-0.5953996061  0.7452033786  0.3002852536  
0.4483972748  0.7987909915  0.401089561  
0.418072548  -0.8203088048  0.3902676125  
-0.8488696697  0.01213641707  0.528462857  
0.3063339482  0.7240467208  -0.6179934128  
-0.4973570112  0.4506775449  0.7413000432  
0.1751480584  0.3520935196  0.9194309714  
-0.2644902295  0.7008397328  0.6624715748  
0.8934120578  -0.442113895  -0.07968813505  
-0.8256394552  -0.5282453997  0.1981824605  
0.3103648414  0.4313153877  0.8471367667  
-0.2838416269  0.5657532986  -0.774181591  
-0.2721298459  -0.584046916  -0.7647447593  
0.6982785369  0.5371689953  -0.4731348174  
0.2158023857  -0.1295026062  -0.9678111413  
0.3993789549  0.6380761423  0.6582972634  
-0.9090596115  0.342469008  -0.2373301526  
0.4375243445  0.8887786125  0.1365467905  
-0.4413110067  0.04317765639  -0.8963148361  
0.4595972691  0.1508715561  0.8752189005  
0.1100904089  -0.9925898786  0.05143378959  
0.1528403474  -0.8151629013  0.5587032061  
-0.8048264173  0.5921571708  0.04005400305  
0.8994790138  0.1431827486  0.412839199  
-0.03396149615  -0.9486213098  0.3145858028  
-0.3269260893  -0.9099070796  -0.2553202669  
-0.1556861526  -0.03506015754  0.987184181  
-0.6071450758  -0.7892695695  0.09180633792  
0.1287376421  -0.7934314951  -0.5948891343  
0.2952656849  0.8628693851  0.4102128711  
-0.05547921572  -0.2043386293  0.9773268549  
0.6571495951  0.5756489036  0.4866032773  
0.9417366871  -0.3297010544  0.06655243698  
-0.6194978317  -0.006033825798  0.7849751776  
-0.3422206155  0.4503279348  0.8246755735  
-0.8694271511  -0.2709546123  0.4131343933  
0.4774608124  0.8543405917  -0.2052640396  
0.4670849618  0.8835903781  -0.03316145509  
-0.8913006235  0.3781394276  0.2501874735  
-0.4075501369  0.9084566026  -0.09278732173  
0.3216049429  0.07256180296  0.9440895325  
-0.6855636338  0.140848423  0.7142578147  
-0.8799426292  -0.3062904545  -0.3631626726  
-0.6914787972  -0.4286685344  -0.5814639805  
0.2828181898  -0.9587434458  -0.02872066722  
0.2909100491  -0.2949952294  -0.9101368897  
-0.1272145268  -0.731383939  0.6699955208  
0.09419318783  0.6443590849  0.7588998702  
0.7124929924  -0.6802503603  -0.1720848137  
0.163000285  -0.9451158411  -0.2831730107  
0.709603463  -0.6176033733  -0.3391592526  
0.8469614005  -0.3482195552  0.4017456003  
0.9058700446  -0.1141585327  -0.4078814677  
0.6334040104  -0.6262170616  0.4545894315  
0.1761784434  0.1720255921  0.969210169  
-0.7808303935  -0.4528291503  -0.4304063862  
0.7534231821  -0.3461036359  0.5590758284  
-0.600158552  -0.310928556  0.736975675  
0.04427426897  -0.7343433085  0.6773327796  
-0.1280786262  0.2783719365  0.9518954409  
-0.9189007264  0.1883103565  -0.3466419835  
-0.9864837254  0.007839332923  -0.163671636  
