1  0  0  
0.6612604822  0.6481372852  -0.3776938366  
0.08587018722  0.9113289151  -0.4026237939  
-0.4632496226  0.2507651806  -0.8500097713  
-0.07166670684  0.0217261301  -0.9971919867  
-0.9397175414  -0.2559303086  -0.2267831994  
-0.677628287  0.3463088175  -0.6487604393  
0.5783713619  0.6216546021  -0.5282349131  
0.6965091579  0.1312887478  0.7054348004  
-0.5309341596  0.8172203084  -0.2241871668  
-0.1555180279  -0.9550089197  -0.2525313967  
0.9343084496  -0.3371487907  0.115751518  
0.1602472844  0.9590284336  -0.2336349103  
-0.5695171626  -0.08479890528  -0.8175936321  
0.01145815446  -0.9628380974  0.2698360779  
-0.3849208208  0.5189333677  0.7632457806  
0.4878002935  -0.8713153695  -0.05348271233  
0.9499424375  0.2143645246  -0.2272822386  
0.7230704163  -0.2448085904  -0.6459395692  
0.7846599204  -0.002211489944  0.6199225101  
0.5335573009  -0.6975060918  -0.4783323725  
-0.007197576349  0.2960800472  0.9551360115  
-0.4275610369  0.8989246843  -0.09552995193  
0.2688908904  0.05083093293  -0.9618284178  
-0.0353739544  0.773656009  0.6326176279  
0.6132871869  -0.7135049814  0.3388059443  
0.5375011676  -0.6739585462  0.5068257816  
-0.6602718296  -0.0547372157  0.7490293374  
-0.7474662852  0.49042441  0.4480826381  
0.8879638337  -0.2369796514  0.3941584388  
-0.9516016914  -0.09195585818  -0.2932547376  
0.5244294991  -0.08427310418  0.8472731226  
0.30698386  -0.9077203635  -0.2860151246  
0.8915464198  -0.05041109219  -0.450115211  
0.8819459943  0.3774867137  -0.2822676817  
-0.9826300817  -0.176234245  0.05813444302  
-0.2205260842  0.4544031346  -0.8630678058  
0.4557011913  0.2099410151  0.8650209214  
0.9503143816  0.3063363529  0.05532282561  
-0.2068127935  -0.6215558903  0.7555770931  
0.8061410018  0.5822514317  0.1054511992  
0.2355914217  0.7756391401  0.5855600793  
0.4727199995  -0.5129978199  0.7164977591  
-0.9307096803  -0.3470406497  0.1155087807  
0.3069406107  -0.6572686059  -0.6883207401  
0.2932684952  -0.2900253626  0.9109768816  
-0.592856879  0.5307098461  -0.6056961121  
0.7903695134  -0.6061612142  0.08879535264  
0.8057843584  0.3900305817  -0.4456318133  
-0.3330534288  -0.3297170764  -0.8833810407  
0.2959740783  0.4831440693  -0.823997059  
-0.8494722031  0.1220789823  -0.5133163725  
0.8891247756  0.4263084666  0.1664879113  
-0.8053108519  -0.1652018118  -0.5693705236  
0.6738228272  -0.6302636793  -0.3856559245  
0.3591647101  -0.7657451623  0.5335120031  
-0.6805797314  0.7115578582  -0.1746328823  
-0.7003693723  -0.5131083009  0.4961880832  
0.2105633042  -0.7764819915  -0.5939181862  
0.4265219739  -0.8142057805  -0.3938882491  
0.9363963947  -0.2711605567  -0.2227863201  
0.1209107063  -0.3275672833  0.937059377  
-0.1806492667  -0.8323560037  0.5239745466  
0.8829529753  0.04540533733  0.4672605257  
-0.433572627  -0.1021045191  0.8953152765  
-0.7994074566  -0.5346888415  -0.2739627  
0.4606813225  0.5609675242  0.6878140416  
-0.07661465396  0.7313063081  -0.6777324535  
0.6485798801  -0.126940458  -0.7504866816  
0.5555743642  0.5165584242  -0.6515401141  
0.3793176437  -0.8818234904  0.2801882527  
-0.8905445229  0.3553321306  -0.2840238188  
0.2776067819  0.652439461  0.7051646789  
0.1878088408  -0.9374982831  0.2929587147  
-0.5456975196  -0.8378863334  -0.01267711985  
0.123648257  0.4972429668  -0.8587552273  
0.05280113353  -0.1332119387  -0.9896800593  
0.05438925614  0.349565824  -0.9353317826  
-0.3153588914  -0.9043485703  -0.2875803071  
0.04931269183  -0.4844572055  0.8734239947  
-0.983780487  0.1366861424  0.1161587357  
-0.3864200007  0.4089600881  -0.8266989956  
0.1829382207  -0.9681174763  -0.1711203073  
-0.6736985592  -0.6085558592  -0.4192732016  
-0.4927568509  -0.8566659307  0.1526897808  
-0.5113433354  -0.7470576452  0.4247739023  
0.3140878207  -0.5668218991  0.7616178672  
-0.5719613151  -0.3490997013  0.7422867725  
0.08880192935  -0.8657809407  -0.4924810454  
0.6810953946  0.2299102508  -0.6951620962  
0.5984291204  0.7286582301  0.3330762248  
0.380410647  0.5976019836  -0.7058042285  
0.7941186227  -0.5403076615  -0.2782862627  
-0.2537259826  0.7007497094  -0.6667630542  
0.7989358635  -0.3372535742  -0.4979573402  
-0.9844273262  -0.133782581  -0.1140397317  
0.5523831982  0.1852527956  -0.8127448579  
0.5494394925  -0.3716219307  0.7483404203  
0.4333008249  0.8887617069  0.1495092758  
-0.7081852107  0.7057030235  0.02137638732  
-0.4699147073  0.6174884134  0.6307838197  
0.9840151402  -0.03362630797  0.1748813179  
0.1782564056  -0.8125016491  0.5550366872  
-0.01841785492  0.187644982  -0.9820642257  
-0.02203714416  0.591971298  0.8056577106  
-0.2628714005  0.8549184201  0.4472282658  
-0.2468234874  -0.005245765659  -0.9690462569  
0.6179103731  -0.5620467251  -0.5498092848  
-0.1010241024  -0.7110844232  -0.6958110906  
0.3146937472  0.2136269428  -0.92484127  
0.7032292342  0.3008380072  0.6441778773  
0.9847712018  0.03928490828  -0.1693587203  
-0.5783833532  0.7534619099  0.3126785043  
-0.4001294349  -0.6959027992  -0.5963352491  
-0.9535499565  0.1977035523  -0.2272790924  
-0.3386677818  -0.5131740274  -0.78864222  
-0.06332575603  0.9971311235  0.04146530024  
-0.6804210841  0.4108582888  0.6068134926  
-0.4368518964  -0.6874138271  0.5801919087  
0.3905092016  -0.0728892016  -0.9177089559  
0.1903107622  -0.1604343565  0.9685260095  
-0.3558668986  -0.8133259488  -0.4602821435  
0.293197956  0.1693987082  0.9409245646  
-0.09139487673  0.8995281875  -0.4271955247  
-0.2576127068  -0.8953817119  0.3632179556  
0.5417039597  -0.4710265173  -0.6961974145  
0.4241386276  0.8484680635  -0.3165570563  
-0.01260795692  0.976639849  0.2145125748  
-0.7693664277  0.05844183999  0.6361288008  
-0.709149124  -0.6675232915  -0.2269805611  
0.4503865755  -0.3623414643  -0.8160028161  
-0.6761296306  0.5903291027  -0.4408631003  
-0.136996047  0.9312014328  0.3377809568  
0.3897513686  0.9206751754  -0.02123892811  
-0.5871239513  -0.2625748758  -0.7657283463  
-0.2302978163  -0.3562218314  0.9055765692  
0.05682205207  0.9938150686  -0.09540892994  
-0.08694414507  -0.8391297779  -0.5369375489  
-0.4252825536  0.647519065  -0.6323399482  
-0.4646040883  0.7907666342  -0.3985362862  
-0.02860698625  -0.6246771123  0.7803589851  
0.4233920429  0.3112031019  -0.8508183163  
-0.4644562533  0.8556096138  0.2285007166  
-0.9394035379  -0.07681257771  0.334097023  
0.3499749511  0.8045671655  -0.4797803766  
-0.7783381933  -0.6251979874  0.057594561  
-0.8570324344  0.3904620124  0.3362065186  
0.6057786809  -0.7839378679  -0.1359176552  
-0.4632747508  -0.389897728  -0.7958368344  
-0.3626301504  0.1251168884  -0.9234961496  
-0.1078152436  -0.9909750451  -0.07965132257  
0.5058795833  -0.192286697  -0.8408993241  
-0.9495269364  0.3089178496  0.05448265041  
0.8685866106  0.3676666343  0.3322326683  
0.9539742989  -0.09518185146  -0.2843825808  
-0.1459631664  0.6048394363  -0.7828563153  
0.689056883  0.7221920974  0.06032567001  
-0.4481787896  -0.4564432609  0.7686321111  
0.7901003498  0.2629352728  -0.553720579  
0.8447541486  0.5074237978  -0.1700338727  
-0.8951541439  0.225697504  0.3843952332  
0.2127945155  -0.5530240885  -0.8055326509  
-0.7286729683  -0.6488552028  0.219140665  
-0.7091202741  0.6727130973  0.2112002028  
0.4609497804  0.8279504044  0.3194110639  
-0.2793667212  0.8635449096  -0.4198147498  
0.7719830835  0.1024849323  -0.6273268346  
-0.2736268768  -0.7271687103  0.6295665168  
-0.2886124798  0.4041360237  0.8679728745  
0.04733925577  0.4521045776  0.8907078341  
-0.3474627095  0.9311272355  0.1107778715  
0.9836896657  -0.1710780964  0.0555601167  
-0.2835842614  0.9462708361  -0.1554074365  
0.1194675887  0.1409277871  0.9827852533  
-0.8002584382  0.3048967179  -0.5163568762  
0.2122552668  0.4461118696  0.8694434435  
-0.783608903  -0.5239788715  0.3337712229  
-0.2233898503  0.115655069  0.967843417  
-0.5082958108  -0.7208261462  -0.4712165486  
0.80410768  -0.4543164246  0.3834154734  
-0.5791376301  -0.7959447556  -0.176271244  
0.6161623007  -0.2100674887  0.7590887098  
0.4157954611  0.04254921297  0.9084622716  
-0.2249249882  -0.9726610717  0.05778571808  
-0.005058869108  -0.8329623391  0.5533065601  
0.5914769218  -0.8039498727  0.06180334255  
0.8901758516  0.2083299979  0.4051981803  
-0.3286044228  -0.9246508661  0.1924575513  
0.2749118359  0.9544809783  0.1157131992  
-0.09983211771  -0.03347462084  0.994441048  
-0.88208739  -0.4710679946  0.004096446646  
-0.3771867213  0.7464079392  0.5482748997  
0.205387095  0.8836033573  0.4207864639  
-0.1499644618  -0.2002865665  0.9681921046  
0.5732851259  0.5933527001  0.5650457837  
-0.851258048  0.4883830728  -0.1919419442  
-0.5406600945  0.01774127305  0.8410540467  
-0.1325634703  0.6784954828  0.7225446742  
-0.8630177352  -0.1035137786  0.4944545341  
0.5865196869  0.7645100572  -0.2674304195  
0.6468187648  0.7554097502  -0.1047931043  
0.8853885375  -0.4349726686  -0.1639692509  
0.2373350419  -0.9714277005  0.0005482926  
-0.3466736255  0.2414857943  0.9063674798  
-0.596923295  0.30772012  0.7409392064  
-0.8015682738  -0.3241445944  -0.5024127629  
0.5818466032  0.4334072955  0.6881952096  
0.1123668381  -0.9850987301  0.1302082399  
0.1170042634  -0.4402291798  -0.8902293365  
-0.8870913755  -0.2414271191  0.3934232297  
-0.1484376917  -0.5848711262  -0.7974283776  
-0.8832416992  0.4687337154  -0.01314552337  
0.03731566464  0.9236308721  0.3814623877  
0.8079006191  -0.5812579528  -0.09713795283  
0.7454771538  -0.1812309582  0.6414196388  
-0.8272892173  0.1727908972  0.5345426613  
0.7515945462  -0.5957021704  0.2832747119  
-0.1624858202  -0.2985909047  -0.9404476752  
-0.6851208085  -0.4624390239  -0.5628140252  
0.7186505939  -0.4530552467  0.5275246604  
-0.6848960817  -0.3939587428  0.6129550279  
0.7715931901  0.4741758055  0.4240297802  
0.1770688199  -0.2802851097  -0.9434441638  
-0.6685258351  0.04454914977  -0.7423534071  
-0.9337917374  0.07220409279  -0.3504562172  
0.1022319082  0.7394012512  -0.6654580578  
