1  0  0  
-0.4839410506  -0.7896028529  0.3772643559  
0.3027289857  -0.287881137  0.9085590857  
-0.4335394249  0.1716742427  -0.884630726  
-0.05663235535  -0.0001256438116  0.9983950924  
-0.954720024  -0.1879824919  -0.2305911067  
0.7188668886  -0.2371116131  0.6534588582  
0.450326207  0.7187588905  -0.5297093208  
-0.7088366457  -0.2295084716  -0.666990608  
-0.6977127517  0.6868847211  -0.2034362209  
-0.1593509627  -0.9744106417  -0.158528143  
-0.8940400941  0.428802286  0.12969545  
-0.08675687444  0.9673871646  -0.2379817609  
0.6480960903  0.07499325095  0.7578571568  
-0.2915676662  0.8440794649  -0.4500201694  
0.3400721334  -0.4916023997  -0.8016720181  
-0.6095413345  0.7886105734  0.08094890374  
0.9455098676  0.2142016879  -0.2452115968  
0.6384215859  -0.1775936522  -0.7489181353  
-0.7708557819  -0.06547694766  -0.6336356468  
0.485697566  -0.6744114828  -0.556117817  
0.901261045  0.3803510603  -0.2075128907  
-0.4863209213  0.8734336445  -0.02460955555  
0.3431796807  0.1865461297  -0.920558661  
-0.03530647226  0.8281982578  0.5593219993  
-0.7083371675  0.5230171724  -0.47403744  
0.599302849  -0.5123546042  0.6150844289  
-0.6217120021  -0.183283635  0.7614993733  
-0.6963194865  0.4399252833  0.5671022111  
-0.9858081189  0.1461984242  -0.08251286885  
-0.984263126  -0.1654490793  -0.06207012978  
0.5496876655  -0.0496976488  0.8338906488  
0.263386746  -0.8938858707  -0.3627609022  
0.8404919935  0.02539176633  -0.5412286643  
0.8203542108  0.4604511981  -0.3391218997  
-0.9870744651  -0.1156226155  0.1109748217  
0.1784732676  -0.5493696417  0.8162966921  
-0.4969576067  -0.1184158112  -0.8596573927  
0.9566051372  0.2824791627  -0.07149918968  
-0.1235024091  -0.7544579338  0.6446242169  
0.8139230905  0.5808999482  0.009189825367  
0.4364336227  0.754122124  0.4907397631  
-0.603345441  0.3652738921  -0.7089070902  
-0.7677832798  -0.6140793036  -0.1827989176  
-0.244303827  0.6250153145  0.7413983388  
0.5576213278  -0.7578057875  0.3388050223  
-0.7242823323  0.3853943963  -0.5717396806  
-0.7333731475  0.6796300903  -0.01633299834  
-0.7094734128  -0.5364799244  0.4569866161  
-0.4576689545  -0.3221650224  -0.8287030991  
0.1229661593  0.596183435  -0.7933754694  
-0.8980915001  0.1134141367  -0.4249339843  
-0.8985657949  -0.4378160582  0.02994346912  
0.8689394524  0.05271902184  0.4921025633  
0.3912982575  -0.1576258955  -0.9066640782  
0.5741925197  -0.6475314494  0.5010049624  
0.8135536017  -0.5674153193  0.1271628584  
-0.5715590762  -0.6019789314  0.5576213666  
0.1455581581  -0.7378156593  -0.6591212904  
0.3808366629  -0.7974275047  -0.4680521456  
0.8938363415  -0.2412327227  -0.3779727082  
-0.1366575913  0.2336182468  -0.9626771097  
-0.001824835855  -0.8545745797  0.5193254834  
0.940809589  0.03744260284  0.3368610526  
0.4725984553  0.2660343556  -0.8401645206  
-0.5488667066  -0.7536297428  -0.3616456126  
-0.5976594191  -0.5166329867  -0.6131016032  
0.309452548  0.7371793975  0.6006710051  
0.5253286795  -0.0794209647  -0.8471848021  
-0.4039896387  -0.6210220342  0.6716576546  
-0.5169992063  0.8325991864  -0.1987219552  
-0.8764528294  0.4223587455  -0.2311785629  
0.348987158  0.6092170896  0.7120832123  
0.4044994608  -0.8545613384  0.3257377858  
0.9393418808  0.3259548928  0.1067250615  
-0.01427470684  0.4962660648  -0.8680531238  
0.08515860834  -0.1724713237  -0.9813264767  
0.007662527394  0.3413728955  -0.9398967134  
0.3254000624  0.9239518979  0.2010663814  
0.1615666752  -0.3971865613  0.9034041426  
-0.9553779291  0.1309352455  0.2647809928  
-0.3234687275  0.4459577377  -0.8345595715  
-0.3047417606  0.9317588824  0.197377416  
0.8067357623  0.4985717462  0.3171807431  
-0.4144782556  -0.9052726262  0.09321613576  
0.328981966  0.8401241825  -0.4312333755  
0.4717938546  -0.4849416363  0.7363709447  
0.5224537329  0.5076888059  -0.6850504896  
-0.08342858445  -0.8910691909  -0.4461338008  
0.7175161976  0.2796978385  -0.6379181964  
0.3545910465  0.8955051257  -0.2689530806  
0.2466436274  0.6614360645  -0.7082861383  
0.7589410665  -0.5058933222  -0.409976102  
-0.4450967871  0.7578159005  -0.4770785166  
0.7389704901  -0.2611958141  -0.6210469881  
-0.03650289648  0.7557605139  -0.6538299352  
0.5846830222  0.3493784188  -0.732175173  
0.460944416  -0.3326388727  0.8227281603  
0.1915654283  -0.6875615752  0.7004011471  
-0.7180166496  0.6770863911  0.1612640998  
-0.4162190183  0.5934456075  0.6889006022  
0.9849394063  0.01973758921  0.1717695943  
-0.5736674027  -0.8154810187  -0.07678814545  
0.02862648298  0.171728954  -0.984728232  
0.1467256518  0.4155593952  0.8976535925  
-0.1690758079  0.8104105524  -0.5609350299  
-0.2429145897  -0.0656578886  -0.9678230953  
0.5649317114  -0.5225150539  -0.6386158312  
-0.1364582286  -0.795422258  -0.5904935082  
0.3083062334  0.3547657532  -0.8826599157  
0.8144747144  0.2195820518  0.5370425143  
0.9683396338  0.03065674406  -0.2477468821  
-0.5415705314  0.7352221648  0.4076146806  
-0.4749435352  -0.6306921962  -0.6137230581  
-0.9577092757  0.2867338143  0.02401380687  
-0.4504548104  -0.4804444729  -0.7525048653  
-0.1750505244  0.9819997098  0.07094986825  
-0.6203631455  0.350114554  0.7018328624  
-0.433893128  -0.8984501788  -0.06726090833  
-0.3732289508  -0.01574896285  0.9276055845  
-0.1118524299  0.05686986828  -0.9920961909  
-0.3797444435  -0.8531571199  -0.3576549824  
0.3570950556  0.192650815  0.9139851119  
-0.3313728462  0.593051732  -0.7338131097  
0.03601572837  0.9304986647  -0.3645203729  
0.4852187428  -0.4254237093  -0.7639224039  
0.8177555644  -0.4056322217  0.4083360597  
0.1375496161  -0.9599925327  -0.2439148219  
-0.6448996036  -0.007554180262  0.7642299625  
-0.8667219294  -0.4762832553  -0.1481464068  
-0.3439973755  0.3422092674  0.8743904293  
0.9114022331  -0.05300047231  -0.4080893522  
-0.0909722242  0.9085809893  0.4076820334  
-0.2467489331  -0.9579531434  0.1464265654  
0.5910133462  0.3845426458  0.7091051954  
-0.1540110774  -0.4439607668  0.8827114056  
-0.04883009441  0.9968403288  -0.0626496676  
0.2576205406  0.8421569737  0.4737122425  
-0.460738778  0.6293552462  -0.6258048837  
-0.6720145719  0.6458472294  -0.3623227447  
0.03112555241  -0.6394759404  0.768180787  
-0.4303050305  -0.430408972  0.7934643644  
-0.4289884083  0.8478676856  0.3115916129  
-0.9110565869  -0.1205645451  0.3942589072  
-0.1981452119  -0.9243318867  0.3261120025  
0.7281506382  0.6742754394  -0.123082411  
-0.8068495036  0.3452637265  0.4793608637  
0.5829937213  -0.7737646911  -0.2478033972  
0.5847830754  0.231772333  0.7773740029  
0.2718010232  -0.11908055  0.9549576045  
0.008804912012  -0.9932617709  -0.1155574665  
-0.292551928  -0.7608982039  0.5791781183  
0.9380735175  -0.2837700807  -0.1987274945  
0.8948043834  0.3496217841  0.2776503621  
-0.3693747805  0.9165512638  -0.1532842205  
0.2499322826  -0.9260105796  0.2829103403  
-0.7038094787  -0.7090058522  -0.0443048444  
-0.2934201994  -0.5239426168  0.7996178593  
0.7821623493  0.3756851216  -0.4970741884  
-0.737222005  -0.6072590329  0.2962096932  
-0.8368855528  0.1609256633  0.5231878271  
0.2098581674  -0.8295181418  -0.5175511588  
-0.6300290569  -0.734587426  0.2518823159  
0.6838703106  -0.6495372263  -0.3322992477  
0.4884746204  0.842360088  0.2276445198  
0.3243594581  -0.7323744208  0.5986807578  
-0.7450250735  -0.1062095725  0.6585265117  
0.1658466979  0.8549019371  -0.4915664255  
-0.1872757072  0.4862438273  0.853519039  
-0.2653672743  -0.5157987454  -0.8145746522  
0.4636297557  -0.8738527345  -0.1463859557  
0.9866706738  -0.125260346  -0.1038789059  
0.09593522819  0.5746209039  0.8127774903  
0.0799873772  0.1205094327  0.9894844598  
0.901160203  -0.2731531131  0.3365971857  
0.3117313936  0.3672249522  0.8763386176  
0.6091787417  0.6774446083  -0.4122742575  
0.2269547767  -0.05832940344  -0.9721569884  
0.5915582798  0.642639629  0.4869015391  
0.9440708245  -0.2887885687  0.15915854  
0.642394106  0.7357027614  0.2146421662  
-0.5855458263  0.2108245137  -0.7827446006  
0.3936481624  -0.001234663428  0.9192603548  
0.1159862825  0.9930848093  -0.01815884684  
0.1301455107  -0.9038098901  0.4076638672  
0.6213977004  -0.7783417547  0.08971627951  
-0.8974135971  -0.2058001828  -0.3902500744  
-0.08128941196  -0.9776265348  0.1940061595  
0.2785786767  0.9600593568  0.02607589458  
-0.2000475778  -0.108407402  0.9737704051  
-0.8291250322  -0.5339827829  0.1655719438  
-0.3190966909  0.7233498639  0.6123253027  
-0.206295484  -0.9228834338  -0.3251589471  
-0.1709102332  -0.2756210676  0.945950696  
0.6932804576  0.6326425529  0.3451457769  
-0.8994985606  0.4338145047  -0.05203186537  
-0.5057476319  -0.09584415267  0.8573407906  
0.02244606543  0.7159417519  0.6977990986  
-0.8270293689  -0.2026455173  0.5243636309  
0.5024319931  0.8370809448  -0.2164661272  
0.5943410405  0.7999425667  -0.08276845728  
-0.8617776207  0.4007975  0.3109673558  
0.3356991846  -0.941650022  -0.02452128846  
-0.2463450039  0.2241924716  0.9428954739  
-0.5025907689  0.2638683384  0.8232715342  
-0.8208540393  -0.3670557839  -0.4375713629  
0.7190447878  0.3789178049  0.5825769394  
0.2124440537  -0.9712719121  0.107230578  
0.01705175924  -0.4649565338  -0.8851692828  
-0.8771775988  -0.2976114596  0.3768114638  
-0.1894512529  -0.6735551883  -0.7144449812  
0.8251445755  -0.561958363  -0.05778605096  
0.03398957812  0.9574396077  0.2866253761  
0.8026201111  -0.5468197166  -0.2383047521  
0.8094808465  -0.09768902651  0.5789625319  
0.7515316967  -0.07998866839  -0.6548296892  
0.7848163443  -0.5432876156  0.2981641702  
-0.1972745265  -0.2461271688  -0.948948986  
-0.7163724285  -0.5126528324  -0.4732838653  
-0.8255360747  0.2560378223  -0.50292626  
-0.6628899208  -0.44650221  0.6010097581  
0.02943858368  0.2984358704  0.9539755767  
0.1407624273  -0.3461490824  -0.9275595678  
-0.6927929632  0.0825838948  -0.7163922183  
-0.9573156409  0.1299533552  -0.2581838281  
-0.6324438693  0.5975047447  0.4929531745  
0.07667172727  -0.6102585289  -0.7884833379  
