1  0  0  
-0.2794218935  -0.9572623274  0.07464745136  
0.3515817917  -0.7576515217  0.5498676344  
0.3576097402  -0.1159173911  0.926649034  
0.2592008991  0.001804476302  -0.9658217422  
-0.7553477665  -0.618671843  -0.2160900327  
-0.5894309046  0.1880515782  -0.7856257459  
-0.5613461077  -0.7198685925  0.4082643223  
-0.7562820137  -0.2266331278  -0.6137384957  
0.5153469556  -0.7318596566  0.4458687681  
-0.1366045332  -0.9646853765  -0.2252139558  
0.4987997119  0.629335416  -0.5959326989  
0.473140475  -0.8809462238  -0.008475951867  
0.7494143565  0.05037513122  0.6601821479  
-0.3023650404  0.6676665109  -0.6802917114  
-0.6021861542  0.6501544339  0.4633260706  
0.8740547421  0.3416138743  -0.3454392403  
-0.8984203106  0.004828403145  0.4391100454  
-0.6611041956  0.2376572952  0.7116602087  
-0.8275312771  0.06910391581  -0.5571504592  
-0.5392374208  0.8261805929  0.1632440868  
0.986408618  0.1171823847  -0.1151795427  
-0.8925945399  0.4108486815  0.1856834623  
0.233240805  0.1829650358  -0.9550510576  
-0.1559051855  -0.7463798451  -0.6470013137  
-0.7116720939  0.4175687924  -0.5649417089  
-0.4760252018  0.6459332865  -0.5967999637  
0.8328015121  0.1245889163  -0.5393693015  
0.5985291461  -0.5352027529  -0.5960879755  
-0.9020327441  0.4120333844  -0.1287067157  
0.9460992489  -0.1366082557  0.2936569354  
0.7188341765  -0.1306995417  0.6827847806  
-0.1799907541  0.9768799565  0.1153641152  
0.9579195548  0.05413281164  -0.2818860855  
-0.6829512221  -0.7260354165  -0.08031315109  
0.8694153429  -0.180638645  -0.4598767677  
-0.2946440765  0.9119506285  -0.2855361962  
-0.6459849963  -0.1724079329  -0.7436255033  
-0.945244365  -0.2318148135  0.2297280624  
0.4540701105  0.4007208068  -0.7957657757  
-0.9614076269  -0.2717700993  0.04285309923  
0.2868373344  0.8024444424  0.5232659558  
0.51399242  -0.368169091  0.7747666182  
-0.05365966574  -0.6625768064  0.7470693514  
-0.012876172  -0.6707209509  -0.7415980112  
-0.6766937258  -0.6425556531  -0.3594549126  
0.6573900946  -0.3096397993  0.6869945111  
0.7655901109  0.4619995716  -0.4476920572  
-0.7462718788  -0.6255258712  0.227586615  
-0.3592320537  -0.3922614108  -0.8468077215  
0.2936763003  0.4686864326  -0.8331189942  
-0.6337240578  0.004693596528  -0.7735449494  
-0.894540458  0.3027701179  0.3288276521  
0.8422926987  0.1129652505  0.5270501512  
-0.1076299425  -0.8563202397  0.5051053777  
-0.6494335729  0.6471292335  -0.3993241661  
-0.8172641092  0.56435995  -0.1165213402  
-0.4963156643  -0.8329503123  0.2446723087  
-0.03868897132  0.8725821019  0.4869328896  
0.4319838626  -0.8526786468  -0.2938180859  
0.7726515338  -0.2192675869  -0.5957611372  
0.2427574902  -0.5591784459  0.7927094465  
0.1639703713  0.7501240313  -0.6406462792  
-0.9105773703  0.007616420834  -0.4132684876  
0.5405892839  0.04520714159  -0.840071152  
0.2142066771  0.9736300794  0.07848546395  
0.4385903708  0.7294787033  0.5248802798  
-0.3863995672  -0.8401055152  -0.3806810973  
-0.3900920667  -0.1172519381  0.9132798927  
0.6276547463  0.7374330302  -0.2494835575  
0.6323842041  -0.774121838  -0.02873322714  
-0.6996336472  0.7043571875  -0.1199737977  
-0.3172138741  -0.6850562321  -0.6557997537  
-0.5591833173  0.8200438062  -0.1218284598  
0.8596165012  0.4783655103  0.1795157634  
-0.1250692382  0.6786734584  -0.7237126658  
0.07137284082  0.24371473  -0.9672171669  
-0.05933754447  0.5558691616  -0.8291492815  
-0.3873638336  -0.9189560333  -0.07395315571  
0.05110598779  0.9343748031  -0.3526072962  
-0.9844832034  0.1747451627  0.01602967014  
-0.5723822201  0.4775975997  -0.666542667  
-0.3874057302  0.9112883014  -0.1395364896  
-0.8871775481  -0.3494532911  -0.301327721  
-0.4728217682  -0.8509072282  -0.2289027405  
0.3358003425  0.9137440975  -0.2287134765  
-0.20635546  0.1747118131  -0.9627529312  
-0.2300058435  -0.6194415553  0.7505927468  
-0.0483568228  -0.9317542895  -0.3598549174  
-0.6017896314  -0.3251598018  0.7294657928  
0.6176249298  -0.5717226109  0.5400673128  
0.4485546244  -0.5348688995  -0.7160405081  
-0.4726683391  0.6531798453  0.5915578847  
0.423209698  -0.5450635844  0.7237397602  
0.5280628137  -0.2806592423  -0.8014861536  
-0.2114087682  -0.3208211858  -0.9232443336  
0.1228986657  0.5250733995  -0.8421364753  
-0.4442285991  0.2457823755  -0.8615404667  
0.2242043154  0.9017432092  -0.3695830213  
0.6922929011  0.409253514  -0.594341737  
-0.3346050855  0.7478924761  0.5733203999  
0.965993739  0.04324223268  0.254923921  
0.6185408513  0.7515394483  0.2293374652  
-0.0949357656  0.2969746485  -0.9501543341  
-0.03251980273  -0.5368954795  -0.8430217711  
0.4737011663  -0.8379957676  0.2708695233  
0.2160275691  -0.00816315554  0.9763531391  
0.5818633513  -0.7487947227  -0.317398021  
-0.1261790256  -0.8501833761  -0.5111429159  
-0.1835639294  -0.3625949033  0.9136898927  
-0.7312553262  -0.3850458496  -0.563032274  
0.9067683324  0.387526963  -0.1661145517  
-0.6834478487  0.7068714724  0.1822958025  
-0.5811667288  -0.6347698603  -0.5092273145  
0.9395878112  -0.3413427762  -0.02568762553  
0.4920051417  0.4499817836  0.7452833924  
0.06000609116  -0.8733271837  0.4834241401  
-0.4103215157  0.4013916939  0.8188534434  
-0.3964817549  0.2289271924  0.8890413706  
0.4088449043  -0.05901105491  -0.9106939879  
0.1737265707  -0.4346943832  0.8836627591  
0.2664047775  -0.9285279659  -0.2585813433  
0.3709028818  0.2286766931  0.9000766758  
0.1814411927  -0.7821621884  0.5960716439  
0.1969855271  -0.9673915742  0.1592176003  
0.262167585  -0.3469967849  -0.9004784221  
-0.9850085497  0.06618592625  0.1593034217  
-0.09002696716  0.9954728328  -0.03047924432  
0.7394253024  0.07029047445  -0.669559162  
0.9538422975  -0.2431127418  -0.176298231  
-0.1060019136  0.2858462484  0.9523946223  
0.950470675  0.2051226543  0.233517007  
-0.373743298  0.9176637891  0.1349411625  
0.7129085913  -0.6177390057  -0.3319033916  
0.6306924988  0.3386747604  0.6982308921  
-0.3447163803  -0.2992247681  0.889738813  
-0.02303458331  -0.9949578951  -0.09761247376  
-0.2184778718  -0.1577756641  -0.9630027307  
-0.3604729669  0.4307032559  -0.8273777526  
0.6117727564  -0.743171625  0.2709797601  
-0.4334423321  -0.7468701318  0.5042943098  
-0.7297073614  -0.2437434317  0.6388398126  
-0.3149560615  0.8510016135  0.4202367585  
-0.8125986673  -0.2994232347  0.5000291316  
0.09823235767  0.9935423461  -0.05678036967  
0.8341197905  0.5403602189  -0.1107023435  
0.7006635641  -0.3826405232  -0.6022099302  
0.8180025683  -0.4679506696  -0.3345055592  
-0.5094716744  -0.2874371258  -0.811060116  
-0.3728241942  -0.05928989499  -0.9260058469  
0.01577607388  -0.9814397333  0.1911208134  
-0.6329986575  -0.5662247463  0.5279225666  
0.3326360272  0.6954034863  -0.6369986379  
-0.8014772798  -0.4877093719  -0.3460834271  
0.8656540207  -0.4993902537  -0.03539054862  
0.2890178241  -0.3058397683  0.9071552973  
0.8042011523  0.5919353749  0.05360054699  
0.4961928562  0.2295574309  -0.8373147767  
-0.5558186273  -0.4848410978  0.6752738433  
-0.8228500235  -0.4899385269  0.2878855306  
-0.8090064684  0.3509022198  0.4715677747  
-0.008504863689  0.7795901975  -0.6262322183  
-0.5944747768  -0.7994486058  0.08649662699  
0.4650869264  -0.7630946998  -0.448754532  
0.5361806531  0.7540364564  0.3793933707  
-0.3852114768  0.82892028  -0.4055900487  
-0.8092650164  0.05782133542  0.5845911618  
-0.1628469208  -0.9628807907  0.2152706746  
0.312720457  -0.6362245039  -0.7052831321  
0.04630756624  0.3858930703  0.9213805661  
0.680436378  -0.06752237843  -0.7296897038  
-0.9871109879  0.07517591412  -0.1412815611  
-0.01522067021  0.7822060709  0.6228338413  
0.05162096665  -0.1187851521  0.99157721  
-0.8396925638  0.4654887352  -0.2797081258  
0.3420184419  0.5462400873  0.7646209208  
0.7221628756  0.6875577431  -0.07579664259  
0.2525528991  -0.17244674  -0.9520919887  
0.3121145918  0.9222109204  0.2282794336  
0.7457959884  -0.6119865385  0.2631745055  
0.9584663999  -0.2488643073  0.1393151707  
0.5014639063  -0.05908140087  0.8631589302  
0.5170178504  0.1181881593  0.8477759736  
0.2253283875  -0.8644673997  0.4493586904  
-0.1224035623  0.9382671123  -0.3235308237  
-0.9058092258  0.3066169622  -0.2923964515  
-0.9047806696  -0.1736045223  -0.3888873998  
0.2876289226  -0.9576722157  0.01155552702  
0.3943437341  0.8390663076  -0.374780937  
-0.1048143878  -0.06211679656  0.9925499724  
-0.8983023355  -0.4393197435  -0.007146817617  
0.153659179  -0.9136401743  -0.3763648343  
-0.7194602368  0.5086043234  0.4729678741  
-0.01420482214  -0.4157538891  0.9093662226  
0.7106407525  0.5194006026  0.4745658384  
-0.05747707149  -0.05280181229  -0.9969495247  
-0.6317511728  -0.151620645  0.7601984186  
0.1672315103  -0.7182760141  -0.6753615251  
-0.9026352302  -0.1748614243  0.3932850409  
0.4467381108  0.8906680054  -0.08447227113  
0.5439913787  0.8359404315  0.07264279011  
-0.5710200916  0.4117455259  0.7102124167  
-0.8015477248  0.5676723307  0.1878014104  
-0.279065786  0.5070122647  0.8155126305  
-0.5513558738  0.1188328456  0.825763559  
0.8317022099  0.3147916746  0.4573594163  
0.606034905  0.4976286347  0.6205541362  
0.7619838897  -0.646678533  -0.03445906028  
0.05568682904  0.2227074416  0.9732935696  
-0.2732400422  -0.8136524589  0.5131369754  
0.1812899757  0.620042705  0.7633354366  
0.6929461937  0.6109090445  -0.3829043118  
-0.06662954617  0.9687550871  0.238901831  
0.1889027791  -0.8210657342  -0.5386713285  
0.8256987115  -0.3563131204  0.4373357956  
0.9409347767  -0.1265195775  -0.3140613674  
0.7498611202  -0.5098465059  0.4216216798  
0.199103818  0.4765802127  0.8562879017  
-0.4682667004  -0.6006430141  -0.648038785  
-0.780607198  0.2494740523  -0.5730751257  
-0.4001718904  -0.5577720445  0.727153907  
-0.1365939517  0.5964654623  0.7909304929  
-0.100158016  0.1124033396  0.988601973  
0.8780463858  -0.1884651076  0.4399039071  
-0.9864299078  -0.1422823906  -0.081925322  
0.9375427448  0.3256651781  0.1222938812  
0.1185633579  -0.449482357  -0.8853859842  
0.2235991513  0.8996022951  0.3751254858  
