1  0  0  
-0.5973690957  -0.7901979734  0.1368843538  
-0.6412894285  -0.7086745716  -0.2941567958  
0.4455438537  -0.1208586433  0.8870647455  
0.4242223854  -0.1707058848  -0.8893227022  
0.9571800854  0.2044246242  0.2049801382  
-0.3071461112  0.2119715936  -0.9277549837  
0.6174768155  0.639764963  -0.4576277684  
-0.7521276277  -0.1977473923  -0.6286493462  
0.4873916234  -0.8650671348  0.1187781873  
-0.05628564074  0.9935467358  0.09847238391  
0.9502102646  -0.3001581811  0.08369898019  
-0.1644563281  0.9686202004  -0.1863572468  
0.6713913212  0.0860599121  0.7360892509  
-0.04793477711  -0.914024137  0.4028177431  
-0.743545438  0.4798067792  0.465752763  
0.7487468659  -0.6627163641  -0.01360703712  
-0.9618728561  -0.2561677421  0.09580551479  
-0.6997188212  0.2382683419  0.6735144902  
-0.7903261826  -0.02475673389  -0.6121859434  
-0.5854323753  0.7329411623  0.3465056803  
0.2828682223  0.9590383844  -0.01519691014  
-0.45548876  0.844053297  -0.2830265382  
-0.3912763515  0.005932145603  0.9202541097  
-0.04245101073  0.6349877838  0.7713549288  
-0.7079200363  -0.4964433337  -0.5023875383  
-0.331336858  0.9310994576  -0.152544048  
-0.8723750924  0.0144877523  0.4886223523  
0.5844985902  -0.3650827987  -0.7246212446  
-0.9304969032  0.2585705751  -0.2594547567  
-0.9870293731  -0.1568375135  -0.034278433  
0.5902716808  -0.1927778185  0.7838469593  
0.2629820366  -0.9136205865  -0.3100610784  
0.9217213818  0.09951956957  -0.374867376  
0.9012602377  0.3631305401  -0.236360307  
0.9852966403  0.06611998504  -0.1575394496  
0.320301132  -0.3743649103  0.8702057796  
-0.5684123019  0.02131514653  -0.8224677013  
0.9017400118  0.4255637714  -0.07589748122  
-0.1413355144  -0.6883875485  0.7114399872  
0.8718734323  0.4823947125  0.08445152156  
0.5007321714  0.7816441475  0.3718867021  
0.08276542264  -0.07807593401  -0.9935059302  
0.8885769887  -0.174729813  -0.4241467053  
-0.5983708433  0.5127491084  0.6156628019  
-0.3169989611  -0.9299369653  0.1863569134  
-0.1421275823  0.1412007413  -0.9797255233  
0.7296604871  -0.6630605798  0.1671712928  
0.8181547643  0.4384778432  -0.3719676905  
-0.4802430618  -0.3203962273  -0.8165248674  
-0.1972396479  -0.4721477461  0.8591699641  
-0.4147264751  -0.04925082883  -0.9086122973  
0.9437846832  0.323603714  0.06746190022  
0.8575648147  0.1399727592  0.4949648626  
0.4249436448  -0.837289553  -0.3440481118  
0.5575210728  -0.7283922311  0.398265001  
-0.4075974979  0.799538085  -0.441138448  
-0.7329220964  -0.5882350626  0.3417670431  
0.1907917032  -0.6913134074  -0.6969105386  
-0.3285829045  0.7311373235  0.5978891947  
0.9013628721  -0.4326756007  -0.01835204123  
0.1671440544  -0.4598642554  0.8721168108  
-0.0968843202  0.5911899677  -0.8006921072  
-0.881849544  0.03259409157  -0.470403026  
0.6010419455  0.2561370883  -0.7570616697  
-0.1598182463  0.3092595695  -0.9374522104  
-0.4245933025  -0.4854118643  -0.7642616368  
0.3071706062  0.7604834126  0.5721111761  
0.5454526533  -0.03960450475  -0.8372054026  
-0.3350348028  -0.6858359113  0.6460501402  
0.4892497779  -0.6766954684  0.5501980533  
-0.6905908162  0.6378671053  -0.3408957033  
-0.43010363  -0.6159459311  -0.6600162706  
-0.151489866  0.7761749711  -0.6120483924  
0.01038211165  0.9707054936  -0.2400480295  
0.07066887889  0.5747067239  -0.8153024537  
0.1219710566  -0.2418136032  -0.9626262217  
0.006022300277  -0.43912143  0.8984075365  
-0.2470250838  -0.9557785034  -0.15958089  
0.4958991462  0.7682605877  -0.4047958821  
-0.9868175844  0.1617337641  0.005765812325  
0.7051426089  -0.2628651502  0.6585406699  
-0.5087422821  0.8595347918  0.04879786907  
0.7294462744  0.5853149413  0.3539979552  
-0.1484667481  -0.9808479134  0.1260753564  
0.1817945432  0.9391342948  -0.2915090401  
0.7929173644  -0.3258845214  0.5148604976  
0.5868797958  0.5350107731  -0.6077298561  
-0.04370886087  -0.9245606052  -0.3785197785  
-0.7308678223  -0.2132378263  0.6483531875  
0.2474458026  -0.8470417479  0.4704156163  
0.2683828668  0.5867344389  -0.7640113448  
0.8384557522  0.1603513869  -0.5208448755  
-0.5849316669  0.3644751598  -0.7245776721  
0.7735984998  0.04061778833  -0.6323729567  
0.1631958495  -0.8065903341  -0.5681365572  
-0.5302796275  -0.4165187975  0.7384548788  
0.2917326423  -0.2942862989  -0.9101030929  
0.4415138918  0.561843595  -0.6995693376  
-0.6432870466  0.7584328612  0.104696565  
-0.4642354703  0.7432631361  0.4817108454  
0.9448340988  -0.08352046279  0.3167220517  
-0.2935880069  0.5341662322  -0.7927625865  
0.03801335687  0.08635570676  -0.9955388875  
-0.1196811997  -0.6197576865  -0.7756138346  
0.1247712493  0.3444379465  -0.930480863  
0.1003238412  0.02193253161  0.9947130697  
0.5376200896  -0.8150972248  -0.2158266744  
-0.1403315052  -0.7546875879  -0.6409007047  
0.3479829322  0.1581954458  -0.9240574007  
0.8041780417  0.3105435112  0.5068139747  
0.9804696993  -0.1079872432  -0.1643712994  
-0.8052579075  0.5160523363  0.2919754933  
-0.4635961628  -0.7130469037  -0.5259683555  
0.979297329  -0.1289791122  0.1560164415  
-0.1927629989  -0.2874205759  -0.9382067143  
0.357287693  -0.933881328  -0.01453167798  
-0.8060629509  0.2897157293  0.5160690995  
0.1839350562  -0.5497729153  -0.8148114117  
0.5065670124  0.1265619644  -0.8528610269  
0.005932417271  -0.2520042578  0.9677079417  
-0.3456086767  -0.8358152109  -0.4265765768  
0.3689075312  0.2156315232  0.9041074492  
0.6317280093  -0.5907309408  0.5019528642  
-0.3435316402  -0.8717362406  0.349373638  
0.7026461317  -0.3891561995  -0.5956894039  
-0.9010934674  -0.366804325  -0.2312685673  
0.09264836919  -0.9595460683  -0.2658714399  
-0.649793053  -0.08975264989  0.7547936474  
-0.8213950252  -0.5168794971  -0.2411343982  
-0.4662451298  0.489649068  0.7367898405  
-0.4620865828  0.2880360213  -0.8387557692  
-0.01094192304  -0.8490857931  -0.5281416384  
-0.1148785965  -0.9923704786  -0.04476316757  
0.6264076771  0.2599730679  0.7348655836  
0.292973083  0.3195082326  -0.9011555148  
0.1940409209  -0.9807622154  0.02129783638  
0.1779705774  0.8526156054  0.4912973672  
-0.7540693014  0.4905575015  -0.4367296949  
0.6294271431  -0.7742047921  0.06654631023  
0.02576382455  -0.7102664828  0.7034612631  
-0.4532281768  -0.2908419374  0.8426121214  
-0.3882405769  0.903248509  0.1827878153  
-0.8785083568  -0.274391155  0.3910659293  
0.2084088533  0.7794661798  -0.5907607167  
0.7006498205  0.7132442538  -0.01929931235  
-0.9312832521  0.2394909089  0.2745097611  
0.6979935767  -0.6119134166  -0.3719770659  
0.5307592775  0.1517136866  0.8338330448  
0.2817850803  -0.04311054214  0.9585085548  
-0.2265698576  0.9629551663  0.1462308015  
0.4485598068  -0.3322050323  -0.8297191791  
0.8910009013  -0.4065330197  -0.2021096183  
0.8188763345  0.4242970241  0.3865405337  
-0.01787292876  -0.3454956037  -0.9382501512  
-0.4848845919  -0.6725525484  0.5590706593  
0.6513633682  0.7461949137  0.1375460412  
-0.3714369056  -0.4483561052  0.8130260931  
0.7847351128  0.3334117408  -0.5225202521  
0.7276615268  0.6617791614  -0.1804357057  
-0.9519164647  0.2872073667  0.1066160063  
-0.08032624117  0.8658932529  -0.4937373487  
-0.619797512  -0.725806254  0.2984230651  
0.7173137169  -0.6634234715  -0.2129092037  
0.3719453901  0.8888637273  0.2675404662  
-0.550322682  0.5290544875  -0.6459460464  
-0.9482398336  0.04983892946  0.3136196728  
-0.6679701843  -0.3805247994  0.6395441423  
-0.3321428845  0.5986759412  0.7288814867  
-0.1488963478  -0.4507050516  -0.8801675034  
-0.2995781018  0.8345163333  0.4624234536  
-0.9835333405  -0.03816336552  -0.176651424  
-0.8117299875  -0.5826860781  0.03964040501  
0.05718253776  0.1846604042  0.9811374483  
0.4001807623  -0.6108591236  0.6831591972  
0.3205679807  0.3786652514  0.8682446643  
-0.8281395682  -0.5206609777  0.2075981741  
-0.26105956  0.1323365682  0.9562086273  
0.5761233689  0.5572137024  0.5979922689  
0.8544535245  -0.3788614058  0.3554900977  
-0.5193168221  -0.8289600398  -0.2076903722  
0.4474013034  -0.4551874553  0.7698288474  
-0.2382026039  -0.1224086269  -0.9634706262  
0.02309637491  -0.9971194821  0.07224469392  
0.04860491388  0.813171969  -0.5799904406  
-0.601748081  0.7632645718  -0.2352157318  
-0.9353779216  -0.08784968579  -0.342564704  
-0.1993479367  -0.8691392402  0.4526117335  
0.4079360047  0.9081899706  0.09369734973  
-0.2218696617  -0.02956106286  0.9746281326  
-0.7653077758  -0.6289561827  -0.1368142116  
0.4670842902  -0.6295124513  -0.6209237792  
0.2112894624  0.9194952793  0.3314893579  
-0.1765500502  -0.1888948187  0.9659962874  
0.6057681993  0.6504447975  0.4582209665  
-0.8898562857  0.4185417043  -0.1816001995  
-0.6825718488  0.07673827347  0.7267784454  
-0.01020983994  0.501476355  0.8651111053  
-0.9486053531  -0.1959895511  0.2484672612  
0.4776177729  0.8431496074  -0.2469412937  
0.4436473278  0.8924347947  -0.08208036103  
-0.8243342809  0.5536761053  0.1179650952  
0.2970638074  -0.9013609945  0.3151213288  
-0.3207803944  0.4495427992  0.8336733235  
-0.5716338037  0.2042261846  0.7946863909  
-0.8944912406  -0.2571340542  -0.3657423938  
0.5662439987  0.4287640625  0.7039382875  
0.1284391775  -0.9298296487  0.3448480855  
-0.02219371657  0.7508285512  0.6601241744  
0.3583043142  0.7881354471  -0.5004603235  
0.2731474422  0.6603967161  0.6994759839  
-0.8318771183  0.5487486937  -0.08279692799  
0.07978678102  0.973230932  0.2155356642  
0.8528776598  -0.3647909706  -0.3735334593  
0.8051302523  -0.1516728084  0.573376522  
0.7985093373  -0.129788626  -0.5878245919  
0.802417269  -0.5331348997  0.2681300154  
0.2698062533  0.5327224224  0.8021292953  
-0.6938545327  -0.373933102  -0.6154184939  
-0.6816512526  0.4331796831  -0.5896667974  
-0.712782862  -0.4934388281  0.4984563316  
0.2235192082  -0.6648750309  0.7127274071  
-0.1532139465  0.4023920358  0.9025553369  
-0.7008241345  0.08792006802  -0.7078951858  
-0.8817093746  0.2091360053  -0.4229074485  
-0.5557877864  -0.8308801044  -0.02716962652  
0.5974489065  -0.627725678  -0.4990143058  
-0.1291336067  0.8962932263  0.4242439913  
-0.3266458258  0.7399063499  -0.5880825604  
