1  0  0  
-0.4168832229  -0.7632769325  0.4935754276  
0.4289025098  0.8854696397  -0.178846734  
-0.473928341  0.1188019399  -0.8725124794  
-0.3062851955  -0.008333984381  0.9519033164  
-0.9402396829  -0.2673551039  -0.2108805044  
-0.5423479151  0.259080201  -0.7992097275  
-0.5401183602  -0.636530093  0.5505466354  
-0.7110558009  -0.3897560966  -0.5852263094  
0.6300059068  -0.7237581074  0.2815435302  
-0.02571411464  -0.9536416752  -0.2998438588  
-0.9488980352  0.3145804075  0.02513336408  
0.0305357139  -0.9724504446  0.2311010667  
0.7910555817  0.09008707559  0.6050746942  
-0.3475824444  0.8637257847  -0.3649167209  
-0.6333087034  0.632716117  0.4456348297  
-0.4610616651  0.8835300468  -0.08244269166  
-0.9313245807  -0.2952848667  0.2131698219  
0.7138771549  -0.1630140684  -0.6810329076  
-0.8522830435  0.0515883136  -0.520530748  
0.4872229833  -0.7120180328  -0.5056125845  
0.4637005674  -0.2143568981  -0.8596702298  
-0.505997417  0.7610216757  -0.4059712097  
0.159472236  -0.05499261147  -0.9856695281  
0.1284146286  -0.7065881998  -0.6958755629  
0.5956573308  -0.3993600006  0.6969246259  
0.4504761823  -0.3994889787  0.7984232995  
0.865476068  0.08082787177  -0.4943865198  
0.7978348567  -0.3841616947  -0.4646281673  
-0.9573159727  0.1556526299  -0.243553664  
-0.9818439944  -0.1662889002  -0.09127087326  
0.6228610584  -0.1013052511  0.7757456723  
0.2759447421  -0.9088705947  -0.312743891  
0.8862295265  -0.1047249324  -0.4512537146  
0.8577920421  0.3695355136  -0.3572622519  
-0.9848330541  -0.1578781856  0.07196064197  
-0.05659211226  0.8337293713  -0.5492655717  
-0.6764957121  -0.06601462679  -0.7334818475  
-0.8715509695  -0.4894618488  0.0287403228  
-0.0685428394  -0.6658719364  0.742910791  
0.7753606654  0.6313920466  0.01264603115  
-0.5072179119  -0.7765608951  -0.3737421117  
0.3760760027  -0.2490471448  0.8924922184  
-0.1904049895  0.9344648293  -0.3008677829  
0.4366820334  -0.5244267667  -0.7309482663  
0.4771978363  -0.8401927435  0.2576012013  
-0.2929103913  0.3939510543  -0.871209544  
-0.8123067657  0.5826140843  0.02680572907  
-0.4947772829  -0.5315581289  0.687489197  
0.4368272111  0.1769529485  0.8819691841  
0.4278748851  0.8370408509  -0.3410068865  
-0.748800766  0.07908579284  -0.6580599139  
0.9187568907  0.3821026733  0.0994149024  
-0.8086224576  -0.2516714105  -0.5317811789  
-0.6870155999  0.4870492077  0.5392519214  
-0.8053936831  0.5742660911  -0.1468314403  
0.7406959859  -0.6052081149  0.2917063493  
0.6732723436  0.5886262631  -0.447463377  
0.1382773015  -0.5622142066  -0.8153493569  
0.2809674987  -0.752744447  -0.5953428107  
0.9319047915  -0.3003522084  -0.2033273482  
-0.1009710338  0.4050632047  -0.9086961266  
0.2793631012  0.9259592748  -0.2540780963  
0.8842247995  0.1081544885  0.4543667137  
0.6526238583  0.2031397545  -0.7299426962  
-0.1549507211  0.4063036834  0.900504076  
-0.4613176378  -0.4873742468  -0.7413854467  
0.3024782066  0.7277322795  0.6155588225  
0.4589901685  -0.04602754917  -0.8872482685  
-0.3351136091  -0.5526313072  0.7630842072  
0.3687476292  -0.7762023501  0.5114050231  
-0.84599886  0.4599529624  -0.2696835208  
-0.453954997  -0.6233076478  -0.6367200616  
0.7137309027  -0.695022134  0.08678958395  
-0.04209162732  0.9167531934  -0.3972302572  
-0.03594596445  0.5684642154  -0.8219223342  
0.007716829011  -0.1614841596  -0.9868451331  
0.1628482327  0.3033311055  -0.938866707  
0.1583756245  0.9677795112  0.1957548958  
0.09524244834  0.7789745805  -0.619780186  
-0.9854535614  0.0133946207  0.1694162404  
0.3512413405  -0.5375050998  0.7666275421  
0.4566378937  -0.8852008543  -0.08888915378  
0.6548572176  0.6670643122  0.3552284166  
-0.2797839961  -0.9565738632  0.08177627884  
0.2601896823  0.7844487722  -0.562975535  
0.1920777319  -0.5208997998  0.8317268443  
0.6373430748  0.491136564  -0.5937833616  
0.108073107  -0.9139708038  -0.3911234758  
-0.7703279051  -0.1443425183  0.6210959315  
-0.8357767226  -0.5297106906  -0.1445124705  
0.7500480194  -0.5026251568  0.4298789601  
0.7557129887  -0.5359460076  -0.3763771455  
-0.7215834276  0.3823546018  -0.5771674934  
0.7079524399  -0.3333049892  -0.622664538  
-0.03816626056  -0.7697339338  -0.637222887  
0.4307726307  0.4124662015  -0.8026870955  
-0.276021905  0.110640938  -0.9547620074  
-0.2086964573  0.6487881432  -0.7317921385  
-0.5984722603  0.8008420798  0.02197536931  
-0.406152025  0.6582916756  0.6337922392  
0.985451517  0.001062658108  0.1699534597  
-0.759073406  -0.4356116334  0.4837872147  
-4.672308714e-09  -1.083270725e-05  0.9999999999  
-0.161845062  -0.5514510726  -0.8183568234  
-0.6813803523  0.2451488102  -0.6896541716  
0.3825995736  0.009160838436  0.9238688464  
-0.5479122639  0.7593026289  0.3510721703  
-0.1665140556  -0.6892937993  -0.7050866099  
-0.582406886  -0.3777350598  0.7198044483  
-0.8879383923  -0.263853415  -0.3767582606  
0.9625757954  0.1363585844  -0.234209681  
-0.6846614683  0.6736880476  0.2781781595  
0.4288296255  0.7429083306  0.5139964636  
-0.9846428377  0.1584297586  -0.0733382148  
-0.4549225709  -0.3380190912  -0.8238862473  
-0.3022117885  0.9416775265  0.1480252375  
-0.5965434728  0.2724699866  0.754914559  
0.00531462842  -0.3302938056  -0.9438632087  
0.2525771548  0.1601164464  -0.9542366082  
-0.1014984378  0.1351173607  -0.9856172512  
-0.3280242374  -0.8405829797  -0.4310688506  
-0.282551006  -0.1361052103  -0.9495474189  
-0.1731048752  0.9765214597  -0.1282206732  
-0.2737709534  -0.8677322963  0.4148374705  
-0.5826667584  0.4318491658  0.6884807525  
-0.8740926378  -0.4463915657  0.1915636466  
-0.1373938464  0.9653279107  0.2219571036  
0.6976755304  0.01864310358  -0.7161712707  
-0.7293501278  -0.6578394991  -0.1878711912  
-0.4559295044  0.3750954687  0.8071131744  
0.3909966677  0.6667318082  -0.6345000408  
-0.2404925493  0.8497598099  0.4691178948  
-0.1536742491  -0.9877980217  -0.02528425579  
0.7045933396  0.232598927  0.6704073127  
0.005784869466  -0.2744799529  0.9615754212  
-0.1281862108  -0.9793545587  0.1563104081  
-0.1850389843  -0.8180255794  -0.5446051099  
-0.3646245577  0.6670265035  -0.6497111478  
-0.6351835485  0.6384935477  -0.434589288  
-0.0656004336  -0.4391755068  0.8960030454  
0.2590649638  0.4264701649  -0.8666074907  
-0.4340072298  0.8630203891  0.2585218221  
0.9039173307  0.2024525245  -0.3767577931  
0.1210469055  0.938044321  -0.32468523  
-0.5676769778  -0.787571466  0.239737429  
0.8858018172  -0.2684809765  -0.3785143405  
0.5821797039  -0.7909850901  -0.1881738014  
-0.5797185698  -0.2081567097  -0.7877798957  
0.1644076076  0.03282782607  0.9858460693  
0.1580517908  -0.9862740719  -0.04778165448  
-0.5149267023  -0.850651495  -0.1060307753  
-0.8862931277  0.4489616843  0.1136569301  
0.8689522176  0.4127766551  0.2730155244  
0.07183844181  -0.7245619983  0.6854554317  
0.4365747464  0.8641923969  0.2501479402  
0.6569062756  0.7517985619  0.05721072836  
-0.3504869458  -0.2860875881  0.8918031132  
0.7122674075  0.326859698  -0.6211584968  
0.7903204502  0.5914121452  -0.1600789194  
-0.9491737006  0.1437191127  0.2800251823  
0.1995515968  -0.2676831338  0.9426159876  
-0.687566712  -0.6664383392  0.2882914437  
0.7109875518  -0.6958854292  -0.1011937284  
-0.2895998311  -0.9142695561  -0.28327216  
-0.4972836434  0.5401452074  -0.6789345572  
-0.8032989536  0.04362704909  0.5939759859  
0.2325616906  0.6780875247  -0.6972175908  
0.2988184116  -0.477765128  -0.8261041335  
-0.1548752968  -0.3963055259  -0.9049616415  
0.3924728609  -0.8153857006  -0.4255716305  
0.9813702514  -0.1645392439  -0.09919307914  
-0.4182267515  -0.908293027  0.009495342853  
0.1421086338  0.2270976968  0.9634478566  
0.5075774921  -0.6616906149  0.5518429303  
0.3119591577  0.454806114  0.8341659802  
0.7854651129  0.5252583083  -0.3273350975  
-0.314281952  0.1571063034  0.9362395335  
0.5921522922  0.5152623229  0.619564687  
0.9011065993  -0.3095753022  0.3035951729  
0.5991244635  0.7677211365  0.2272754578  
0.9464458652  0.319591561  -0.0458416675  
0.5405373691  0.04178957748  0.8402814908  
0.002556173207  0.9926020472  0.1213863329  
0.2210576702  -0.7678046403  0.6013397882  
-0.59303635  0.792531771  -0.142131205  
0.9511975635  0.1195364706  0.2844894154  
-0.1109167907  -0.8702709455  0.4799228552  
0.3159624495  0.9419166239  0.1138455273  
0.4239521362  0.1271336719  -0.8967171325  
-0.6849404866  -0.7189774782  0.1180165904  
-0.2740300185  0.6237070537  0.7320499027  
0.1631788267  0.9059216049  0.3907412395  
-0.09568737129  -0.1317814337  0.9866496748  
-0.5710493744  -0.6494126904  -0.5021610992  
0.9382897834  -0.3132767712  0.146526267  
-0.5705863926  -0.07655042688  0.8176620333  
0.006781987192  0.4896409638  0.8718977757  
-0.9367981476  -0.01722345468  0.3494461093  
0.561521443  0.7238327884  -0.4009485795  
0.5596388302  0.8258320491  -0.06932392371  
-0.8563648814  0.4246738453  0.2937538341  
0.33010086  -0.9230862616  0.1973453212  
0.3120035983  -0.3207431309  -0.8943028562  
-0.5960766301  0.1018769942  0.7964381515  
0.8036213637  0.4054630569  0.4356517109  
0.5935282809  0.367709986  0.715900514  
0.314705068  -0.9489185271  0.0226792642  
0.01290048708  0.6394638019  0.7687129656  
-0.1632297657  -0.5533370509  0.8168072916  
0.3145411751  0.5972651321  0.7377927969  
0.8888622848  -0.4523785497  0.0726463105  
0.02865905007  0.8737209466  0.4855825021  
0.7970730346  -0.5684517886  -0.203806628  
0.8890705212  -0.1857379524  0.4183957711  
-0.809832849  0.2234564274  0.5424370763  
0.6321537563  -0.5275667866  0.567498823  
0.301447958  0.3000629387  0.9050366631  
0.6976571952  0.5345659332  0.4769839631  
-0.8233245869  0.3550935088  -0.4427699454  
-0.8199010141  -0.2670584975  0.5064011118  
-0.7742814475  -0.5469551777  -0.3183210229  
-0.1618980518  0.2367307388  0.957991429  
0.7970508183  -0.2209693255  0.5620342964  
-0.9335990799  0.03092331862  -0.3569825016  
-0.5133571173  -0.2534551711  0.819893253  
0.5562863701  -0.5761400057  -0.5988390169  
-0.1100388791  0.8164367121  0.5668531911  
-0.0111476592  0.9984988483  -0.05362629559  
0.2050478767  -0.8637781665  0.4602636715  
