1  0  0  
0.5224150788  0.7789276186  -0.3469211012  
0.8401518281  0.4287299343  0.3321679532  
0.394839078  -0.08856023557  0.9144720811  
-0.2548460754  0.06611181746  0.9647189774  
-0.8967365553  -0.4032695782  -0.1823107175  
0.4895194023  -0.2108173297  0.846124582  
0.6729176174  0.6627353378  -0.3285783806  
-0.8037453703  -0.002206864322  -0.5949693349  
0.5488088281  -0.7025266425  0.453062012  
0.2138724453  -0.8914012614  -0.3995777376  
-0.9541820465  0.2923122918  0.06395425086  
0.1656601993  -0.9347928247  0.3141959153  
-0.8873409019  0.2734385247  -0.3712916604  
0.1376013021  -0.957325506  -0.2541530194  
0.5446443162  -0.6075299208  -0.5781608462  
-0.6650567863  0.7467860716  -0.003167685366  
0.9381628833  0.3313415948  -0.1003152625  
0.8025712115  -0.2014267936  -0.5615217692  
-0.8612360817  0.1401428178  -0.4885001559  
0.5133682628  -0.7355613115  -0.4420436446  
0.5735534542  -0.3142557922  -0.7564917265  
-0.5644087092  0.1517371856  0.8114299942  
0.3834816213  0.05247418738  -0.9220565632  
-0.04933808504  -0.8202129419  -0.569926735  
-0.7000015337  0.4515403971  -0.5532712921  
0.6960193833  -0.5804197399  0.4226936759  
-0.8001473322  -0.2573805394  0.5417744038  
0.7927279188  -0.3566674015  -0.4943387619  
0.9491321668  -0.2307384592  0.2142612738  
0.9341907625  0.2571508931  0.2473075764  
-0.6377263596  0.172500573  -0.7506987695  
-0.3140536697  0.9116773469  0.2649805799  
0.8552279034  0.09782046246  -0.5089365287  
0.8916678959  0.364418366  -0.2685658539  
-0.984749617  -0.1648599806  0.0555821792  
0.2089784556  -0.564843364  0.7982981769  
0.5925827918  0.1229765377  0.7960668352  
0.8916793466  0.4518927565  0.02647412693  
-0.04337159174  -0.7001251212  0.7127017046  
0.8134018425  0.5488352145  0.1927624183  
0.4615037555  0.7917895298  0.4001045165  
-0.3336762013  0.2641287569  -0.9049288328  
-0.0285240996  -0.2696300642  -0.9625414299  
0.4328314736  -0.4378817178  -0.7879825612  
0.2001885417  0.3585480168  -0.9117937636  
0.4283032971  -0.3845227246  0.8177399097  
-0.7349168602  0.6623695176  -0.1454779389  
-0.7090778161  -0.5445446566  0.4479729542  
-0.3322400312  -0.2099868096  -0.9195227574  
0.3366321199  0.6005575857  -0.7252650565  
-0.9571916196  -0.06861742196  -0.2812042901  
-0.9558235859  -0.2860306527  -0.06773284494  
0.8242840218  0.1641473541  0.5418592969  
-0.3738589868  0.7434272305  -0.5545677694  
-0.2960468369  0.6645438274  -0.6861033244  
0.7819053111  -0.5573394217  0.2792791676  
0.7538017645  0.632282137  -0.1788915845  
0.1147298218  -0.6267097938  -0.7707605999  
0.2677876428  -0.6768106754  -0.6857237695  
0.9398269067  -0.2437034193  -0.2394452524  
0.09612989543  -0.4556308176  0.8849630508  
-0.02834261712  0.8023777037  -0.5961432015  
0.8945976484  0.02317581253  0.4462711386  
-0.4681219316  -0.18580195  0.8639094238  
-0.5718740176  -0.6724578128  0.4698516766  
-0.4990732663  -0.4116863158  -0.7625222963  
0.2043989468  0.7359203921  0.6454783087  
0.6178944576  0.149696418  -0.7718791497  
-0.5989809918  -0.5500875014  0.5819153824  
-0.259050793  0.8575055657  -0.4444962221  
-0.8452698201  0.5187900405  -0.1279680633  
-0.359983565  -0.65406913  -0.6652859582  
0.8004541093  -0.3013781088  0.5181162557  
0.06587540649  -0.9810454257  0.1822369435  
0.1761257594  0.6248197385  -0.760644471  
0.129041225  -0.1671248289  -0.9774546812  
0.01905702246  0.3487031164  -0.937039469  
0.4963855884  0.6785044731  0.5415099516  
0.1513837685  0.7742146042  -0.6145524399  
-0.9848223401  0.1241489536  0.1212930164  
0.55100883  -0.4776407959  0.6842868838  
0.4178395758  -0.8995976078  -0.1270206005  
-0.7388606719  -0.5675284975  -0.3633129672  
-0.3876072404  -0.9200972188  0.05640687094  
-0.4216743726  -0.7603493513  0.4940238734  
0.460075534  -0.6256036242  0.6300401641  
-0.6843244809  -0.2767115855  0.6746337549  
0.5210859069  -0.8020418147  0.2918876585  
0.7189337289  0.411251968  -0.5603624829  
0.9500534168  -0.08636218027  -0.2999001151  
0.4636635257  0.6355305898  -0.6173467456  
-0.6443757651  0.6237317423  0.442423538  
-0.3848098786  0.5302436126  -0.755488629  
0.6801648884  -0.4881141594  -0.546918908  
0.1020975272  -0.8473993667  -0.5210474147  
0.5377019392  0.3116100365  -0.783438453  
-0.2315560624  0.1429358732  -0.962263543  
-0.08920502451  0.8825621134  -0.4616563436  
0.5160700034  -0.8564603262  0.01214336197  
-0.4055539841  0.7110049151  0.5744545035  
0.984363328  -0.05377348227  0.1677416198  
-0.9335649732  -0.07510331037  0.3504510431  
0.07323147019  0.03514390269  -0.9966955693  
-0.1926248497  -0.325377772  -0.9257564327  
-0.5476961983  -0.7969907099  -0.2546265553  
-0.1214628241  0.02314062931  -0.9923262032  
0.4690821458  -0.8357425308  -0.2854756779  
-0.04797302984  -0.7034929312  -0.7090812958  
0.3116884222  0.2312147617  -0.9216236007  
0.7386234507  0.3088713478  0.5991943663  
0.9830538569  0.03952165176  -0.1790060151  
-0.6073975443  0.736878106  0.2967808619  
-0.3530361953  -0.7678054304  -0.5346403145  
-0.9831957098  0.1751775762  -0.05137132458  
-0.3513837036  -0.3730270032  -0.8587085348  
0.3444596807  -0.9385241786  0.0228011966  
-0.6937924026  0.3389992202  0.6353987967  
-0.8621139313  -0.4848274106  0.1473158218  
0.5338299023  0.01501654356  -0.8454585376  
0.157817703  -0.3009768741  0.940482054  
-0.3070006009  -0.8702673471  -0.3852082238  
0.1748094074  0.1595125861  0.9715952892  
0.03418649836  0.9984506711  -0.04390376574  
-0.3656157341  -0.8611519599  0.3531889536  
-0.5659831379  0.4677138884  0.6789011756  
0.6019825075  -0.7840886962  0.1510694452  
0.04452002054  0.9686467724  0.2444205352  
0.7496446061  0.1197867905  -0.6509102007  
0.6835199786  0.6843789839  0.253822468  
-0.4358739452  0.2810128292  0.8550121015  
0.1221546766  -0.48778467  -0.8643751215  
-0.1079595635  0.7479336943  0.6549350514  
-0.1326854833  -0.986279384  -0.09822188782  
-0.61966497  -0.2871177607  -0.7304647263  
-0.09937102551  -0.4936577263  0.8639603281  
0.05468309443  -0.9929033347  -0.1056064734  
0.2002639807  0.8350013343  0.5125105947  
-0.5954493305  0.580519513  -0.5553712181  
-0.6551400114  0.6926633219  -0.3016771254  
-0.02641999287  0.5862397963  -0.8097066662  
-0.3877049773  -0.3639629479  0.8468859564  
-0.2418658166  0.9635365657  0.1144474259  
-0.9521560792  -0.2048310667  0.2268105706  
-0.01572354041  -0.9424094345  0.3340916463  
-0.6869080826  -0.7249015697  0.051720405  
0.8621470096  -0.3806996927  -0.3343206214  
-0.5726198347  0.807547652  0.1413269779  
-0.4465902507  -0.08366495914  -0.8908183443  
0.04584137466  -0.1762718891  0.983273507  
-0.1542895886  0.9875201764  -0.03160101197  
-0.7715417968  0.4995045487  0.3939777426  
-0.8195240162  0.5426284217  0.1842139593  
0.7429128495  0.4525050002  0.4932744904  
0.1278229272  -0.6936467136  0.7088833021  
0.1935665141  0.9178675862  -0.3464839085  
0.6148039344  0.7822425878  0.1005617026  
-0.2736586714  -0.4871161808  0.8293544224  
0.595380976  0.4251702516  -0.6817270352  
-0.8099401455  -0.5862453929  0.01770028275  
-0.8856631244  0.2241090504  0.4066644361  
-0.5685981734  0.3310250879  -0.7530727112  
-0.6146221285  -0.7624172056  0.2023848901  
0.708083824  -0.6906374588  -0.1470958826  
0.3964151922  0.8847621241  0.2450530129  
-0.420562441  0.8059739958  -0.4165731044  
-0.7895906698  0.0412593671  0.6122452441  
0.2606076956  0.8334119806  -0.4873480272  
0.2855223334  -0.3951916996  -0.8730982291  
0.03727624416  0.4258920083  0.9040057958  
-0.3699730389  0.8257009139  0.4258379401  
0.9842606274  0.1266317161  0.123269728  
-0.3079190346  -0.9464210063  -0.09733009288  
0.01698507037  0.1022103115  0.9946177957  
0.2027612257  -0.7857441069  0.5843749514  
0.3600199885  0.5217898627  0.7733827946  
0.7976604146  0.5212139537  -0.3034367767  
0.4173317752  -0.1157581321  -0.9013513434  
0.5042875994  0.5542787308  0.6621699976  
0.9303660046  -0.3536311426  0.09676834426  
-0.4713823892  -0.8767905946  -0.09506259159  
0.6891512906  -0.01209166567  0.7245165908  
0.2875655664  0.03432887655  0.957145534  
-0.2523222904  0.953672839  -0.1638339949  
-0.08830407975  -0.8725486581  0.4804802064  
-0.8795239245  0.4017136911  -0.2550760212  
-0.9028562312  -0.1853256405  -0.3879497812  
-0.2951139974  -0.9329767967  0.2060631585  
0.2168466849  0.9747367292  -0.05353339246  
-0.2258949025  -0.09452777596  0.9695545331  
-0.7395586883  -0.6652385829  -0.1025210922  
-0.2764949424  0.5431580041  0.792798795  
0.2229119963  0.9430000288  0.2471056205  
-0.1183765177  -0.2171759154  0.9689280788  
-0.6033914958  -0.6894671859  -0.4006915301  
0.8841246486  -0.4664678843  -0.02704290315  
-0.6711268127  0.01564344638  0.7411774982  
0.04429912892  0.571334173  0.8195211101  
0.8892375774  0.2355988761  -0.3921092967  
0.460969199  0.8632006577  -0.2058932299  
0.5466670742  0.8354215206  -0.05679782521  
-0.8982981387  0.4008564264  0.1799293731  
-0.7197990951  -0.150466862  -0.6776791173  
-0.2850678981  0.2351432119  0.9292168548  
0.693868756  -0.1796662031  -0.6973279034  
-0.8353992362  -0.3174347187  -0.4487129544  
0.4825873737  0.253225585  0.8384427409  
0.3418981279  -0.8928088312  0.2932542601  
-0.2061981798  -0.6155126243  -0.7606750423  
-0.3045255184  -0.7222203226  0.6210169195  
-0.1266684215  -0.9115652918  -0.3911570398  
0.7899774804  -0.6129297582  -0.01589629125  
-0.03450438419  0.9190226617  0.39269173  
0.7285202054  -0.6182489497  -0.2950026213  
0.7604942104  -0.1598540511  0.6293609761  
-0.8838277364  0.06368649453  0.4634571855  
0.8024315011  -0.4356668408  0.407796628  
0.2021606201  0.4778046072  0.8548882038  
0.6310484253  0.4391197976  0.6394933059  
0.6907135748  -0.3193748964  0.6487791867  
-0.8166217151  -0.3941185921  0.4216627915  
-0.6309671805  -0.5725378025  -0.5235273458  
-0.1301294315  0.3346438764  0.9333165631  
-0.5502013369  0.04380898802  -0.8338820429  
-0.9375247721  0.1038796777  -0.3320486626  
-0.4569689029  -0.4890332268  0.7429844715  
-0.4196114115  0.5820116277  0.6965548999  
-0.257938694  0.7916758493  0.5538203497  
0.1176150305  0.973417854  -0.1965308782  
-0.4392377741  0.8842805193  -0.1584870372  
-0.2683018706  0.4220089163  -0.8659807046  
