1  0  0  
-0.5749725238  -0.69527021  0.4312840502  
-0.7096750571  0.1616984145  -0.6857222004  
0.4622833055  -0.1700051402  0.8702829412  
0.1525450008  -0.06615466544  -0.986079907  
-0.7489744135  -0.6064687233  -0.2668951397  
0.5973710714  -0.1162564775  0.793493689  
-0.6127744633  -0.570751746  0.5465801877  
0.8069711776  0.2426988072  0.5384188031  
-0.5436596821  0.8296843637  -0.1267201904  
-0.1932123824  -0.9397435768  -0.2820478418  
-0.9802352284  0.192203425  -0.04686939848  
-0.01340537585  0.937321259  -0.3482084912  
0.8214894333  0.07286116924  0.5655496097  
0.1644171431  -0.8691819779  0.4663579017  
-0.3891743401  0.5810105228  0.7148217298  
-0.8068396849  0.5701020231  0.1548980506  
0.870678934  -0.004008784938  -0.4918354638  
-0.7444473586  0.3342761087  0.5779771738  
-0.8981200429  0.03438901471  -0.4384036773  
0.5129627924  -0.7219990482  -0.464312985  
0.1706159372  0.9843502461  -0.04409983001  
0.3685606304  -0.9285141627  0.04499457022  
-0.2928036435  -0.04079988491  0.9553017302  
-0.03569079156  0.844627758  0.5341630069  
-0.6998004396  0.5491133141  -0.4568959542  
0.573085345  -0.5762248302  0.5826990067  
0.7138374633  0.1267015031  -0.6887545318  
0.8396299882  -0.322815416  -0.4368199744  
-0.9382472651  0.1483165463  -0.3125608287  
0.7558463153  0.6495151053  0.08262248902  
0.7202491934  0.002412158396  0.6937112374  
0.3157231675  -0.9016504485  -0.2955424678  
0.900991121  0.1666170341  -0.4005668032  
-0.9552871232  -0.1802955112  0.2343502525  
0.9441435529  0.3108971663  -0.1092515606  
0.3013830272  -0.6826581546  0.6656922073  
-0.7152587845  -0.1681045172  -0.6783404326  
-0.6454860146  -0.7635564612  -0.01814760292  
0.03458268927  0.6057312649  -0.7949173997  
-0.4007792702  -0.9051432225  -0.1417452761  
-0.3567052773  -0.6163121133  -0.7020831319  
0.7673867887  -0.2809059715  0.5763760506  
0.1026894698  -0.5151851386  0.8509048982  
-0.2246856717  0.5447470898  0.8079399465  
0.4287760869  -0.8732890631  0.2313380204  
-0.6795766222  0.4360825889  -0.5899216814  
0.8582134606  -0.5130532146  0.0156861453  
-0.9004326714  -0.3245947281  0.2895846454  
0.4597179533  0.1560054681  0.8742549384  
0.2003768077  0.544814035  -0.8142645775  
-0.6008305745  -0.06441147616  -0.7967771222  
0.8175037739  0.4595616529  -0.3471176556  
-0.8959542381  -0.1421209412  -0.4207940604  
0.5261899218  -0.6042449427  -0.5983412199  
0.5859280481  -0.6796969836  0.4412486066  
-0.8028453061  0.5034470484  -0.3193438334  
-0.7372780337  -0.4492035846  0.5046159338  
0.08378378295  -0.6344640906  -0.7683980709  
0.3664739341  -0.8164184559  -0.4462709496  
0.9522676243  -0.2810023679  -0.1192645837  
-0.2297117117  0.4097529799  -0.8827995384  
0.1435544947  0.7923012405  -0.593001561  
0.9555039955  0.03692225425  0.2926582678  
0.412684748  0.1345968638  -0.9008745656  
-0.9403430907  -0.01464951416  0.3399121409  
-0.5591580995  -0.3965047788  -0.7280976447  
-0.5130538806  -0.5466831909  -0.6617501072  
0.5831491312  -0.1777730426  -0.7926751138  
0.6337229259  0.428975974  -0.6437195561  
-0.2809758083  0.9415588812  -0.1857941558  
-0.7923037528  0.5876016732  -0.1642529663  
0.4049456574  0.4709078186  0.7837504966  
-0.2714008675  0.554559936  -0.7866414981  
0.3533658273  0.886005213  0.3002121829  
-0.06007205336  -0.4573288285  0.8872664149  
-2.257002647e-07  0.0001643202313  -0.9999999865  
-0.06923887979  0.3530119938  -0.9330533263  
-0.2764636669  -0.8531397051  -0.4424030792  
-0.2628016725  -0.8448182725  0.4660658403  
-0.987043768  0.123216655  0.1027728368  
-0.5448146694  0.4534321051  -0.705390886  
0.4993680435  -0.8660307402  -0.0249462264  
0.7120439142  0.557228918  0.4271877774  
-0.4333252184  -0.8845766969  0.1724915141  
0.467698699  0.6706124241  -0.5757924136  
0.3487580787  -0.29328298  0.8901420652  
0.3401215844  0.6181626624  -0.7086552269  
0.04918866166  -0.9204174668  -0.3878300689  
0.7463888814  0.2947782985  -0.5966652265  
0.3223608739  -0.8734146525  0.3650072763  
-0.1761858236  -0.6788375182  0.7128381159  
-0.6441315768  0.6060077289  0.4667431245  
-0.4289821016  0.5772622726  -0.6947968229  
-0.7542356073  0.4726852605  0.4557381848  
0.5176890545  -0.4705746066  -0.714533122  
0.3712523216  0.3209922253  -0.8712839405  
0.6407816792  -0.3067677644  0.7037701175  
0.4494815401  -0.6953826498  0.5607221375  
0.8364140737  -0.4568592449  -0.3028054287  
-0.3880989662  0.7090749142  0.5887206115  
-0.9426466874  -0.2108852412  -0.2587366184  
0.5446674059  0.827300641  0.1375175129  
-0.03521678187  0.1773610414  -0.9835155511  
-0.08219056304  -0.5948591936  -0.7996169403  
-0.05181483464  0.4970711402  0.8661613617  
0.1641890264  -0.05864149534  0.9846842837  
-0.6169314327  0.7167170047  0.3251343453  
0.1123014992  0.8990872873  0.4231198684  
0.2567491668  0.2175969136  -0.9416641909  
0.8712958395  0.3092737099  0.3810424287  
0.9838057478  0.02992463747  -0.1767222871  
0.5682929072  -0.804080204  -0.1746373306  
-0.439367126  -0.316684654  -0.8406350924  
-0.9448331259  0.2666837852  -0.1901844445  
-0.3031126785  -0.2194893491  -0.9273333434  
0.2702383724  -0.9563864641  -0.1108880215  
-0.6469810851  0.4774704965  0.5945060139  
-0.007187722017  0.9991313289  -0.04104782861  
-0.4798610032  0.0197287362  0.8771226793  
0.1946939192  -0.2382876461  0.9514795193  
0.04853665351  0.7290116033  0.6827783502  
0.3159519107  0.05264213455  0.9473136734  
-0.3130653503  0.7931407077  -0.5224154517  
-0.09663430837  -0.8851452065  0.4551700494  
0.6260809316  -0.333417172  -0.704879888  
-0.004358937838  0.1742496464  0.9846918606  
-0.1610334696  0.9531865153  0.2559368842  
0.5812302441  0.1000743647  -0.8075620873  
0.8757953105  0.452151809  -0.1689417522  
-0.4859136591  0.3298633533  0.8093689419  
-0.9072078931  -0.4202159526  -0.01980888324  
-0.2015230955  0.8821195196  0.4257388814  
-0.2677674969  -0.9466693565  0.1792141094  
0.6926593866  0.3303170102  0.6411814461  
-0.2195615935  -0.3916788158  0.893521355  
-0.07997368975  -0.977132487  0.1970185568  
-0.2045178646  -0.6824855009  -0.7017022047  
0.3963196558  -0.4398834175  0.8058742516  
-0.5726392907  0.7684935081  -0.2854855  
-0.003719359442  -0.7316663856  0.6816527463  
-0.5096855357  -0.2446341618  0.8248483385  
-0.4747863141  0.8214804743  0.3158287292  
-0.8202854463  -0.1475378862  0.5525978273  
0.3531983006  0.8780414138  -0.3229461815  
0.7249927749  0.6807780053  -0.1045312579  
-0.8982856348  0.1586583755  0.4097687618  
-0.4142367345  0.8958723897  0.1606878624  
0.5879005102  0.2351693748  0.7739950616  
-0.3182998721  0.1167966773  -0.9407676268  
0.09334516479  -0.9897838356  -0.1077712348  
-0.02658112471  0.8375143855  -0.5457683555  
-0.8918275542  0.4308274614  0.1379540215  
0.9599808167  0.2687737162  0.07872433582  
-0.4941158504  -0.5420521114  0.6797271769  
-0.6562475659  -0.7263438532  -0.2043617851  
-0.08545421847  -0.9907829609  -0.1051032867  
-0.3591039711  -0.4780742444  0.8015543368  
-0.6365913651  -0.2716299813  0.7217815369  
-0.7813943923  -0.5806569402  0.2286051651  
0.955402016  -0.1397948136  -0.2601238128  
-0.5056035766  -0.8105652732  -0.2955485767  
-0.6597732284  -0.6999090255  0.2735445908  
0.6986930552  -0.6952698872  -0.168605452  
-0.4420439291  -0.7801398388  -0.4426951509  
-0.4575075491  0.7897677493  -0.4085997367  
-0.7751715431  0.02116415282  0.6313961969  
0.424031869  0.7831293918  -0.4548684752  
0.3610272268  -0.4457844983  -0.8191065392  
0.2424389102  0.5360702691  0.8086111806  
-0.640841217  0.7675292201  0.01488055179  
0.9837839671  -0.07269414963  0.1639654438  
0.4455451  -0.1777514747  -0.8774360245  
-0.1407374054  -0.2810624246  -0.9493139081  
0.8824424578  -0.3375233217  0.3276786779  
0.2787356161  0.3817889371  0.8812171491  
0.7077156251  0.5852614297  -0.3957368481  
0.3097417267  -0.1207580609  -0.9431211764  
-0.5824624569  -0.6308463188  -0.5126113619  
0.8816228255  -0.4364505141  0.1795888143  
0.6113397121  0.7002485379  0.3686675217  
-0.9857347748  -0.1600605275  0.05203442472  
-0.4681526938  0.007662902707  -0.8836143589  
0.2467956534  0.960858704  0.1258668203  
0.1366572457  -0.6517513268  0.7460194402  
-0.7601855097  0.6497057948  0.0006091512911  
0.9058620542  0.3705612119  0.2051787686  
0.182079174  0.9290517644  -0.3220403601  
-0.340635977  -0.9399327541  0.02221596119  
-0.1301349418  -0.1132872002  0.9850029986  
-0.8287444884  -0.5580144003  0.04245588163  
0.2506050967  -0.6734747041  -0.6954343308  
-0.1363800543  -0.812599998  -0.5666407362  
-0.0933780824  -0.2886320903  0.952875674  
0.4451261669  0.6857655106  0.575837095  
0.6793261519  -0.7184842043  0.1493198833  
-0.6520907457  0.0341933416  0.757369444  
-0.1080648089  0.753701401  0.6482716986  
-0.8352726837  -0.3126685573  0.4522807945  
0.5900019643  0.7939934368  -0.1465336293  
0.497147882  0.8674859741  -0.01766545334  
-0.9094073001  0.3044232677  0.2833810801  
-0.1932049818  0.9803769639  -0.0391515467  
0.5151419271  0.8010484567  -0.3048772948  
-0.711265491  0.1837485956  0.6784820225  
0.8425799347  0.5183214478  0.1462939862  
0.651284342  0.4849377021  0.5836643992  
0.09373845413  -0.978785925  0.1821845637  
0.1907568528  -0.4008044973  -0.896084582  
-0.3102686244  -0.7407707282  0.5958121424  
0.2976662545  0.758863905  0.5792412059  
0.9323005867  -0.3601407595  0.03338037611  
0.02511529861  0.9673194579  0.2523138683  
0.7382296389  -0.5949746645  -0.3178398163  
0.8657928963  -0.2189832865  0.4499433087  
0.8166797042  -0.1743594857  -0.5501209235  
0.6988772758  -0.6456575741  0.3077285337  
0.1134438842  0.4426530602  0.8894879164  
-0.7723421484  -0.4047128796  -0.4895866531  
-0.7940434861  0.3989197697  -0.458647969  
0.5080256811  0.3994719955  -0.7631068288  
-0.8240031188  -0.4641766616  -0.324898272  
-0.1686276549  0.2363444308  0.956925297  
-0.8157242572  0.1011589317  -0.5695268271  
-0.9857145382  -0.105964174  -0.1309138766  
-0.1560400782  -0.1115794405  -0.9814283073  
0.02563783292  -0.3406230513  -0.9398503277  
0.2369757897  -0.7945262552  -0.5590800524  
-0.1646353736  0.7685092638  -0.6182949986  
-0.1756625426  0.932253151  -0.3163016497  
-0.5121901294  0.3076209575  -0.8018918991  
-0.3242839542  0.2963680262  0.8983350767  
