1  0  0  
0.4303527935  0.8333107739  -0.3469720841  
0.8956369174  -0.03100811157  -0.4437037403  
-0.381856155  0.1013073089  -0.918652658  
0.3137415574  0.1113287031  -0.9429592542  
0.8828048495  0.4287245661  0.1919657371  
-0.5383372375  0.1209757564  -0.8340011301  
-0.5522286769  -0.3584901308  0.752680752  
0.802869177  0.1486115973  0.5773349788  
-0.5495521689  0.8170956261  -0.1742043384  
0.2301834461  0.9137963038  0.3346519031  
-0.9399707632  0.3038426086  -0.1553532539  
0.1760903023  -0.9308464268  0.3201829714  
-0.8554141256  0.01070027624  -0.5178341218  
-0.1590132632  0.8670846027  -0.4721007032  
0.1513956957  -0.4736848019  -0.8675840315  
-0.754290014  0.6325603729  0.1758236315  
0.8818622297  0.3939375798  -0.2590988055  
0.6920749454  -0.4312880007  -0.5788116536  
-0.8914922773  -0.1406572794  -0.4306472445  
-0.3827634001  0.6284785664  0.6771313544  
0.6776271912  0.698954692  0.228656354  
-0.4410823346  0.8961938002  -0.04778123646  
-0.4435164641  -0.01270722401  0.8961761392  
0.0405884258  -0.9680793457  -0.2473357235  
-0.8039589733  0.4542697972  -0.383782387  
0.6384001821  -0.7088162756  0.3000411554  
0.761368588  0.1926650696  -0.6190299218  
0.8757232026  -0.3542874602  -0.3280080305  
0.8887426411  -0.3167745058  0.3313463904  
0.8377213319  0.5441678484  0.04587289909  
0.6224015005  0.02005502639  0.7824411595  
0.4264685183  -0.7961659338  -0.4292370078  
-0.9374802353  -0.09094466098  0.3359462414  
0.6972337459  0.6006640598  -0.3912387901  
0.9513928285  0.2116999085  -0.2236846769  
-0.3147587975  0.5449900356  -0.777118241  
-0.6863972954  -0.1623922946  -0.7088635239  
-0.6469943304  -0.7580541504  0.08217202398  
-0.161308022  -0.6821381729  0.7132091103  
-0.7305484461  -0.6797733198  -0.06486294455  
-0.3856194858  -0.6211219019  -0.6822794113  
-0.458767775  0.4105762722  -0.7880096785  
-0.1567761371  0.6544828149  -0.7396441629  
0.2719389492  -0.5605474076  -0.7821993427  
-0.9580483284  0.07417056648  0.2768431461  
0.4641776293  -0.5482669083  0.6956597773  
0.8408211837  -0.5369660809  -0.06846287302  
0.7980470705  0.3214801155  -0.5096777498  
-0.3866989179  -0.2003302019  -0.9001842906  
-0.1495834071  -0.5469529437  0.8236912539  
0.7511604971  0.002563080875  0.6601146402  
-0.8021759152  -0.4478108489  0.3949420776  
0.9324458384  -0.01942679687  0.3607871366  
0.4527371352  0.8845802905  0.1120124817  
-0.594826307  0.564785718  -0.5720128995  
0.7149080078  -0.4441521795  0.54003276  
-0.7004949035  -0.4852541922  0.5232927088  
0.2155960237  -0.6981983192  -0.6826693648  
-0.2647917072  0.8628104261  0.4306315368  
0.9596920187  -0.2792629378  -0.03167713244  
0.1567958935  -0.5194780309  0.8399747754  
0.159794019  0.7986833651  -0.5801471829  
-0.8848155037  0.1680736889  -0.4345719268  
0.5660640514  0.09922377956  -0.8183679681  
-0.2889215751  0.7882404454  -0.5433243264  
0.6027999813  0.3165116904  0.7324291995  
0.3459281496  0.4960033382  0.7964385751  
-0.4718300605  0.1513923202  0.8685947037  
0.9002533691  -0.1951374515  -0.3891853626  
0.3861686074  -0.8986019159  0.2082988321  
0.7642219335  -0.5879602435  0.2650803434  
-0.2948392899  -0.357191959  -0.8862751816  
-0.3210567384  0.8726934851  -0.367870428  
0.5476672987  -0.53976059  -0.639311376  
-0.001609346586  0.6124855058  -0.7904801801  
0.03739964401  -0.3506643187  -0.9357541355  
-0.003946902398  -0.4643916645  0.8856211402  
0.1715654617  0.8484146918  0.5007572297  
0.3021867095  0.8296262362  -0.4694715123  
0.986326511  -0.1242009447  -0.1083242313  
0.4249784956  -0.7776014876  0.4633888268  
0.4823841891  -0.8686035693  -0.113284304  
0.7315294124  0.5793519259  0.3594663612  
-0.5055057879  -0.8611332154  0.05397669589  
0.4528582499  0.6286891181  -0.6321941144  
0.3081211657  -0.6753455658  0.6700520233  
0.5794765941  0.4996296368  -0.6438766209  
0.09909921668  -0.9060540377  -0.4113944895  
0.6345930173  0.2225867893  -0.7400991985  
-0.05266588577  0.975977051  -0.2114121575  
0.3063950528  0.6023592015  -0.737079008  
0.6460075214  -0.711382043  -0.2767848823  
0.02073404759  0.298767975  -0.9541005169  
-0.777781934  0.4579551509  0.4305024307  
0.03075716484  -0.06276831206  -0.9975540766  
0.2910521423  0.4594517826  -0.8391619092  
0.4355698143  -0.2601063381  0.8617561312  
0.7237516334  -0.5916352339  -0.3551778754  
-0.5714793852  0.7053437464  0.4194061418  
-0.4392814714  0.4833286862  0.7572484202  
0.9867729993  0.120045084  0.1089413865  
-0.215691487  -0.2117496518  -0.9532257169  
-0.004961653131  0.09765084932  -0.9952083669  
0.3056070583  -0.07575622386  -0.9491392524  
-0.79335876  -0.5732018486  -0.2049915087  
0.1339505755  0.05930091985  0.9892121331  
0.4844391256  -0.6759741177  -0.5553176801  
-0.06705331575  -0.9231404856  -0.3785703325  
0.2862118895  0.276359331  -0.9174466058  
0.8321288248  0.2969083945  0.4684090352  
-0.9854075391  -0.05426104058  0.1613310925  
-0.5135887674  0.813646465  0.2724077972  
-0.4978763861  -0.4666371114  -0.7310054107  
0.9482766019  -0.172163867  0.2667041229  
0.4536333224  0.3362968468  0.8253006965  
-0.3301447776  0.9342451707  0.1348717419  
-0.643259325  0.5758500767  0.504593034  
-0.3483209585  -0.9372524728  0.01517603921  
-0.5978441697  0.06209520165  0.7992036879  
0.1167672178  -0.2116521904  0.9703446641  
-0.1282462819  -0.7549893507  -0.643073846  
0.3094376023  0.05935309304  0.9490656356  
-0.2796503238  0.2444956577  -0.928449013  
-0.146807281  -0.8908355154  0.4299531447  
-0.5875297694  0.3882282887  0.7099912435  
0.03871841552  0.2131312838  0.9762560833  
0.1614282188  -0.9803122801  -0.1137047216  
-0.6995985578  -0.05897581559  0.7120981049  
-0.91984859  -0.3909684767  -0.03197220337  
0.4686587512  -0.321019844  -0.8229855616  
-0.8641199978  -0.4903713846  0.1132807773  
-0.008081283477  -0.8440897887  -0.5361409531  
0.01127026416  0.9968714362  0.07823247919  
-0.7321530328  -0.3028573578  -0.6101060214  
-0.1569779603  -0.3832629036  0.9102018824  
-0.06652387998  -0.9935348945  0.09199449334  
-0.06783374034  -0.6380815726  -0.7669748955  
-0.4529920569  0.6710132482  -0.5869748011  
-0.4912607404  0.8095235913  -0.3214567469  
0.01063162305  0.7386329855  -0.6740239472  
-0.4531122677  -0.1998412518  0.8687650701  
0.3669153877  -0.8843896281  -0.2884927797  
0.8622096118  0.1460073075  -0.4850530398  
-0.2762304866  -0.9095369996  0.3105465579  
-0.6794520294  -0.6928288556  0.2415224972  
0.9077245811  -0.3943357918  -0.1433016687  
-0.2066138323  0.9386836108  0.2760141358  
-0.5456076148  -0.1796117774  -0.818567004  
-0.2136564869  0.08176952997  -0.9734806878  
0.2870932847  -0.9576926494  0.02005580264  
0.01289918307  -0.9251403707  0.3794059906  
-0.9847156979  0.154995993  -0.07944329136  
0.9052439558  0.2894602544  0.311040418  
-0.4495490579  -0.7415546091  0.4979983999  
0.5811380661  -0.2790421798  0.7644697574  
-0.3861331654  -0.8799464073  -0.2767589182  
-0.4416761575  -0.4983013139  0.746068343  
0.4153881481  0.3518248204  -0.8388515853  
0.7669810404  0.6340856318  -0.09836409488  
-0.9449799293  0.2431355511  0.2188562016  
0.2349431541  0.9616554751  -0.1414936801  
-0.8874168238  -0.2706105561  0.3731773141  
0.5952968268  -0.8031663276  0.02335675999  
-0.3280879957  -0.8287512905  -0.453353687  
-0.6962150534  0.5794088268  -0.4237570186  
0.8224967113  -0.150871326  -0.5483949332  
0.3960085768  0.8995750978  -0.1842331418  
-0.3208999402  0.4084326245  0.8545209299  
-0.01876669798  -0.5017504707  -0.864808809  
-0.8132687106  0.5731318668  -0.1005677267  
-0.9514243088  -0.2734719107  -0.1414386745  
0.604590461  -0.2270409452  -0.7634938007  
0.1303769894  0.3638587447  0.9222844759  
-0.8119955264  0.3107375315  -0.4940702901  
0.2307901215  0.6390528366  0.7337216038  
-0.5725182157  -0.7293050085  0.3746159329  
-0.1545828163  0.1682715343  0.9735444744  
0.5290266903  0.5846877091  0.6150374328  
0.86571069  -0.4510841723  0.2169517705  
-0.6030420236  -0.6969298463  -0.3881096586  
0.9370498852  0.3303456328  -0.1131780701  
0.472920675  0.03953784967  0.8802174695  
0.2894946964  0.9444092323  0.155833317  
0.1422189448  -0.7716405994  0.6199552864  
-0.6275181056  0.7680578848  0.1277032215  
-0.9813199889  0.02669713017  -0.1905212395  
0.1146414585  0.957600093  -0.2643092846  
-0.5452685054  -0.8037170399  -0.2381620808  
-0.1719571612  -0.02337690934  0.9848270177  
0.7916826033  0.5548191583  -0.255762306  
-0.3262926928  0.7580249572  0.5647399782  
-0.04283826386  0.7405152633  0.6706728174  
-0.146147194  -0.1908765075  0.9706735582  
-0.4612202384  -0.7096569994  -0.5326000703  
-0.6938674883  0.7055320659  -0.1441263771  
0.7213944069  -0.1104349983  -0.6836623588  
-0.1817350522  -0.9828381898  -0.03164590686  
-0.8089380305  -0.01850849896  0.5876025002  
-0.5837938625  -0.6249133938  0.5183319172  
0.5459209229  0.8089466175  -0.2181185823  
-0.8293501303  0.4984188797  0.2525014489  
-0.2347048785  0.9566303509  -0.1725456224  
0.598187455  -0.4281985955  0.6773608576  
-0.7183113666  0.2753928064  0.6388955962  
-0.9527984177  -0.1319093889  -0.2734503397  
-0.6380907618  -0.4479252888  -0.6262612197  
0.1104495263  -0.9926496658  0.04947264938  
-0.6388390591  -0.5839864898  -0.5008437245  
-0.3109762131  -0.7265981442  0.6126572711  
0.2962689183  0.7445238704  0.5982549076  
-0.9033566946  0.4267204568  -0.04308519518  
0.1265178728  0.9700287932  0.2074544967  
0.733287128  -0.6797547387  -0.01494935269  
0.7937379004  -0.1569506136  0.5876620205  
-0.8122115743  0.3093372316  0.4945936067  
0.5686685682  -0.6881948431  0.4505595604  
0.1855470346  0.5084087689  0.8408881148  
0.7457929589  0.44590601  0.4949350389  
-0.708393907  0.2972159881  -0.6401880419  
-0.6853323786  -0.3550983598  0.6357866668  
-0.8279276941  -0.4392595788  -0.3486929249  
-0.1947879616  0.3178078898  0.9279309215  
-0.6771362024  0.140642751  -0.7222923092  
-0.9810369219  -0.1897329205  0.03959768676  
0.6032239868  0.7935784206  0.07971268479  
-0.1006557334  0.615020894  0.7820599231  
-0.1592205288  0.8136699957  0.5590974525  
-0.1431754849  0.3707424062  -0.9176332867  
-0.002273062221  -0.8454944264  0.533979408  
0.3053412032  -0.4006510032  0.863855036  
0.3358077375  -0.2359829935  -0.9118909969  
0.4725497307  0.7903186083  0.3899913453  
