1  0  0  
-0.5744388839  -0.7541419613  0.3182606963  
-0.93869263  0.03703469417  0.3427602337  
-0.4444025222  0.2411331732  -0.8627636937  
-0.1946853227  0.0557090199  0.9792824568  
-0.9384633618  -0.2798845753  -0.2023638879  
-0.5770241711  0.2733555367  -0.7696231913  
-0.5472089289  -0.5689174488  0.6139180113  
-0.7834875192  -0.1600039369  -0.6004548671  
-0.5270345035  0.8136032406  -0.2455288152  
-0.07383206309  -0.9727579699  -0.2197515836  
-0.902121031  0.42291125  0.08557873529  
-0.03265250975  0.9708563774  -0.2374272689  
0.7366822511  0.01367995166  0.6761006728  
-0.2032091548  0.9472705495  -0.2477590472  
0.350721169  -0.4738989586  -0.8077217582  
0.6446039823  -0.7616022849  -0.06669082129  
0.9427194623  0.2449333766  -0.2264677824  
-0.6962400948  0.1842239638  0.6937659992  
-0.8428246904  0.0008864740804  -0.5381874724  
0.4352949963  -0.7643917029  -0.4756296781  
0.6419284819  0.7666527147  -0.01309347692  
-0.5151407789  0.8549091246  0.061321829  
0.244147711  0.117539639  -0.9625883484  
0.02488512057  -0.7715712768  -0.6356559569  
0.4988896898  -0.6985711049  0.5129400441  
-0.5398543862  0.5720564518  -0.6175019495  
0.6713804057  0.1570667584  -0.7242778364  
-0.7404578344  0.4160879009  0.527819149  
-0.9264410369  0.3146793792  -0.2066008069  
-0.9860182307  -0.1152587602  -0.1203472764  
-0.666570471  0.1306931975  -0.7338958341  
0.3441426371  -0.869074588  -0.3553522278  
0.8736333876  0.03122401369  -0.4855818829  
0.8755552987  0.4239006562  -0.2317566668  
-0.9857583752  -0.1500405382  0.07594907896  
0.250513473  -0.5957704073  0.7630862478  
-0.604908085  -0.03245696377  -0.7956335553  
0.8608344636  0.5037681092  -0.0719841533  
0.08861251439  0.6649424633  -0.7416194056  
0.8247634089  0.5572477618  0.09612622589  
-0.3251035234  -0.7214658659  -0.6113875231  
0.566637542  -0.4298569546  0.7029544044  
-0.262515107  -0.6857716343  0.6788247817  
-0.2798441125  0.6164481829  0.7359883902  
-0.2846148951  0.9535548798  -0.09862784942  
0.6805949063  -0.4511664102  0.5772689527  
-0.7302472927  0.6811966177  -0.05205823246  
-0.7915610184  -0.4901223547  0.3649811387  
-0.3965317092  -0.2938316018  -0.8697273098  
0.2231110396  0.5644038387  -0.7947765541  
-0.7804353916  0.1500075678  -0.6069747351  
-0.9076181347  -0.4137019169  -0.07127443756  
0.8786774409  0.1470401848  0.454208255  
0.9651219832  0.2585009691  0.04143436445  
0.3369165647  -0.7795794953  0.5279612096  
0.6736762796  -0.7062283959  0.2177193678  
0.6917252268  0.6337075623  -0.346310462  
0.1938836349  -0.7470705326  -0.6358417691  
-0.270963905  0.8209832777  0.5025584741  
0.9287381691  -0.206465183  -0.307924571  
-0.1395964456  0.3427558011  -0.9289947756  
-0.04640949852  0.7552043794  -0.6538444033  
0.9237397295  -0.01220412376  0.3828262943  
0.3991599517  0.1509863889  -0.9043641099  
0.1133980681  -0.6491614816  -0.7521504165  
0.587406932  0.4483546206  0.6737441877  
0.3276816914  0.5550556925  0.7645507749  
0.589957176  -0.110531689  -0.7998332803  
-0.428575492  -0.6866439682  0.5872334362  
0.4478452314  -0.8888277477  0.09705608547  
-0.795675576  0.5816035434  -0.1692267594  
-0.4464813376  -0.4314847188  -0.7838847828  
0.3703415436  -0.8946874341  0.2497629605  
0.6551649926  0.7011731902  0.2812738698  
0.0545178559  0.533740602  -0.8438890763  
0.0264302122  -0.092831361  -0.9953309913  
0.02221973512  0.3826794014  -0.9236139665  
0.1655589954  0.9179752541  0.3604325899  
-0.1634681168  -0.8609438861  0.4817196278  
0.987233213  -0.1566778033  -0.02868185962  
-0.4129651301  0.5363065467  -0.736094484  
0.2722426796  -0.9385695432  -0.2120639902  
0.7000657819  0.5821122947  0.4135857557  
-0.333880767  -0.9411625481  -0.05231339665  
-0.4374541195  -0.7855957987  0.4375764325  
-0.2765046957  0.4539518918  -0.8470376811  
0.5030102924  0.4542961209  -0.7352521202  
-0.06933904091  -0.8634349403  -0.4996720937  
-0.7754182841  -0.3874847264  0.4985800552  
-0.0366373899  -0.2581636845  -0.9654062428  
-0.5040121663  -0.8059668699  -0.3104660059  
0.7935373674  -0.4812011191  -0.372483462  
0.2153728944  -0.7214385428  0.6581344432  
0.783485132  -0.2535726029  -0.5673200005  
-0.9800261335  0.08952092318  0.1775803533  
0.6005681703  0.3164080008  -0.7343050114  
0.4340347794  -0.3942682599  0.8100409554  
0.4494370309  -0.1530365066  -0.8801057794  
-0.7453060445  0.6523468227  0.1377044768  
-0.4449176344  0.5721401446  0.6889876295  
0.9773200691  -0.01896727964  0.2109163931  
0.8725193259  0.3216114963  -0.3677989551  
-0.02748352638  0.2142062191  -0.9764017367  
0.01334251269  -0.5338123525  -0.8454976935  
0.6943458927  -0.2968621596  0.6555582655  
0.2544825226  0.003023728645  0.9670726461  
0.5278398814  -0.6428380676  -0.5551074477  
-0.2191555465  -0.6616196688  -0.7170985011  
0.2973511057  0.2898964832  -0.9096935467  
-0.8056449115  -0.3039400849  -0.508484711  
0.9748809551  0.06906859591  -0.2117466703  
-0.5959306805  0.6939932569  0.4040296813  
-0.4611366644  -0.5729357122  -0.6775674479  
-0.9501505968  0.3099695831  -0.0336556221  
-0.5609316914  -0.3059560895  -0.7692506151  
-0.1925593588  0.9792903823  0.06253991125  
0.6590521791  -0.3500151172  -0.6656873462  
-0.3301217791  -0.1521051203  -0.9316027283  
-0.515202812  -0.0195103471  0.856846199  
0.1925003021  -0.1703814101  0.966392161  
0.4082739372  0.7912181439  0.4552869874  
0.4368731613  0.02546644048  0.8991625556  
-0.1722935852  0.8285838167  -0.5326948274  
0.06508548672  0.9251302788  -0.3740292057  
0.5095496576  -0.4274114926  -0.7467787908  
-0.7629199388  -0.6448598612  0.04592304852  
-0.1016340341  0.9706649727  0.2178991372  
-0.6846539502  0.001980740554  0.7288655879  
-0.7746382022  -0.5766871746  -0.259552612  
-0.4062266735  0.3188513839  0.8563373662  
-0.277259054  0.8759276046  -0.3948141949  
0.1813486886  -0.9127872021  -0.3659674532  
0.2325502328  0.9691000948  -0.0822520235  
0.6624296207  0.1712451828  0.7292887528  
-0.1851672129  -0.4194747797  0.8886810521  
-0.1450026266  -0.959621727  0.2410402027  
0.146506542  0.7727550144  0.6175641836  
-0.3806758261  0.6656748305  -0.6418433887  
-0.5963751289  0.7117825758  -0.3710825654  
0.08284366163  -0.63586997  0.7673371547  
-0.4518702461  -0.3144962255  0.8348086037  
-0.4991685226  0.8028451892  0.3259913928  
-0.9209555399  -0.1434101441  0.3623181255  
0.2892321858  0.8769419319  -0.3838197373  
-0.7169441252  -0.6864515265  -0.1215541981  
-0.84885467  0.31892023  0.4215870444  
0.6156533726  -0.7550017262  -0.2257062653  
0.5076709972  0.1663388891  0.8453410747  
-0.3547072312  0.1202508221  -0.9272122303  
-0.01956531606  0.9976033543  0.06636825937  
0.3892624339  0.5785709972  -0.7167498579  
0.9515622399  -0.269125892  -0.1486625639  
0.868828235  0.4354674789  0.2355962073  
0.6761564448  -0.5643078338  -0.4736761877  
0.6804192462  0.5419627593  -0.4932605974  
0.5832831591  0.7971430686  0.1560246277  
-0.3458082386  -0.4466251769  0.8251924706  
-0.7346585358  -0.2760874562  0.6197197369  
0.678831596  0.7110155786  -0.1834244021  
-0.8735634753  0.1465598654  0.4641196618  
-0.6473080454  0.5900502903  -0.4825276668  
-0.5508978481  -0.8213662289  0.1478819764  
-0.7175302052  0.6258182763  0.305780787  
-0.3351538563  -0.8805784564  -0.3350424969  
0.4409044489  -0.807759669  0.3913151979  
-0.7842146146  -0.09849594293  0.6126222224  
0.2993025794  0.7845626729  -0.5430279719  
0.2447260226  -0.3570821211  -0.9014441373  
-0.1003211209  -0.4062623856  -0.9082326501  
-0.4366857456  0.8773024234  0.1991130774  
-0.9781299622  0.1598347995  -0.1330962584  
-0.602732516  0.5033338361  0.6191676377  
0.1468697486  0.1296752963  0.9806189854  
0.8723324902  -0.3166074057  0.3725530528  
0.2793818948  0.4210581122  0.8629344257  
-0.7882347059  -0.5780411854  0.2110792184  
-0.3574286839  0.0174266951  0.9337778356  
0.4722811609  0.6809365735  0.5597105394  
0.8451804704  -0.4576146924  0.2761498971  
0.4244009841  0.8865765211  0.1840268374  
-0.08538249713  0.03959146927  -0.9955613214  
0.5307459744  -0.1047226856  0.8410361882  
-0.06038671383  -0.9942623797  0.08829362997  
0.005062483568  -0.8532432421  0.5214885819  
-0.5959342637  0.7976320969  -0.09298059648  
-0.9461896208  -0.1349645229  -0.2941254477  
-0.3009970671  -0.9250657709  0.2316335146  
0.2496754525  0.9464267891  0.2047889189  
-0.08179965908  -0.07993515866  0.9934380636  
-0.9338062007  -0.3449119101  0.09508813701  
-0.3607314849  0.7035347039  0.6123003481  
-0.247503146  -0.8349388064  -0.4915479451  
-0.1371576909  -0.2543986532  0.9573239227  
-0.6019288427  -0.5729561049  -0.5562400293  
0.8862944104  -0.4518694961  0.1014700772  
-0.5454191176  -0.1720370813  0.8203177608  
0.0533144439  0.6652500583  0.7447146635  
0.8407080509  0.2142543051  -0.4972977639  
0.4429778889  0.8517312299  -0.2798651494  
-0.5009464876  -0.8650904019  -0.0259077791  
-0.888009845  0.3760585402  0.2646100708  
0.3576603457  -0.9323231611  -0.05340974135  
-0.1541107173  -0.9857912235  -0.06682477417  
-0.5575123119  0.272781221  0.7840729733  
0.8852117815  0.2952909867  0.3594486543  
0.6958587893  0.3138278436  0.6459819115  
0.1152431419  -0.9893464059  0.08895339982  
-0.07531236986  0.3881624285  0.9185085607  
-0.1264152496  -0.7740700131  0.6203505456  
0.1579197748  0.5417877176  0.8255467363  
0.8282030055  -0.5601473243  -0.01774138691  
-0.01160360023  0.9306013356  0.3658503939  
0.8272709292  -0.5233462144  -0.2042830134  
0.8716389515  -0.1615572406  0.462757816  
0.7935886614  -0.07511961303  -0.6037997021  
0.73344027  -0.5926157244  0.3329744338  
0.2176695536  0.2801828004  0.9349425457  
0.7134451004  0.447988578  0.5387971072  
-0.7742082873  0.4601644634  -0.4345689756  
-0.6524218959  -0.4330305808  0.6219567395  
-0.804301149  -0.4464498694  -0.3921507054  
-0.133826632  0.2278017165  0.9644671122  
-0.7938241364  0.3110680103  -0.5225705057  
-0.9380623362  0.1676263652  -0.3032168451  
0.5672666278  0.6738599219  -0.4734145949  
-0.1837848097  0.509485359  0.8406234666  
-0.1031375855  0.854626342  0.5088972922  
0.1128997088  -0.4977731306  0.8599276517  
0.1082800159  -0.9141472816  0.3906535367  
0.296222838  -0.2970272967  0.9077592276  
0.296515882  -0.1920033217  -0.9355282231  
-0.5720646269  -0.7003035002  -0.4269860305  
0.4066103011  0.907655446  -0.1040656256  
