1  0  0  
-0.5258351501  -0.773404154  0.354038712  
-0.4543920216  0.8801482037  -0.1373573086  
-0.3601131141  0.2505616395  -0.8986308529  
-0.31845491  0.03799949045  0.9471760707  
0.9112549554  0.3123270726  0.2684514966  
0.487175848  -0.1636875581  0.8578263673  
-0.4658437648  -0.7226677923  0.5106278965  
-0.6609662265  -0.2344979998  -0.7128354197  
-0.6850030642  0.657533953  -0.3137194651  
-0.002692149348  -0.9884160393  -0.1517448041  
-0.950179872  0.3089522147  -0.04131270811  
-0.2979588348  0.9271682666  -0.2271112905  
0.5848075165  0.1080786008  0.8039397892  
0.2637381292  -0.8780124325  0.3994200391  
0.5138427229  -0.4074627722  -0.7549435379  
0.7134367321  -0.700187217  -0.02731099534  
0.8762445072  0.4641497348  -0.129462687  
0.7804907204  -0.1899773009  -0.5956029386  
-0.7077444338  -0.04715573089  -0.7048930085  
0.504900172  -0.7336427791  -0.4548011532  
0.4535889611  0.8863052949  0.0933808258  
-0.5955586727  0.8011774326  -0.05851998785  
0.3430705333  0.1264621708  -0.9307577174  
0.06506108892  -0.7778382184  -0.6250878024  
0.6851593786  -0.4679768871  0.558170457  
-0.5471572969  0.5557526662  -0.625905637  
-0.7197672124  -0.1822431528  0.6698675938  
-0.8140260271  0.4309082301  0.3894608123  
0.9508530916  -0.127830566  0.2820243687  
0.9617460572  0.1615991698  0.2212017853  
-0.4536618336  0.01045412648  -0.8911125922  
0.3014683817  -0.9081482435  -0.2904885241  
0.9505935157  0.146505961  -0.2736932065  
0.7436622397  0.5569758775  -0.3697895957  
0.9461694447  0.3195414286  -0.05154277153  
0.1618198602  -0.4619001043  0.8720450828  
-0.4519497984  -0.1603608133  -0.8775111334  
0.8822135073  0.469276391  0.03845772176  
-0.1631495209  -0.5351284859  0.8288665378  
-0.7907290644  -0.5957160272  -0.1409608518  
-0.2635017836  -0.815024057  -0.5160451497  
0.5912038426  -0.4067112519  0.696465343  
-0.5471572982  0.244471383  0.8005327189  
0.3595597396  -0.4715527922  -0.8052047925  
0.5522331133  -0.739051067  0.3858006078  
-0.7144842368  0.3085367102  -0.6279469514  
-0.8127432115  0.5797873644  -0.05740282413  
-0.6835036244  -0.5058845005  0.5262163696  
-0.3811596379  -0.3401696711  -0.8596522118  
0.3267821017  0.5349757761  -0.7791112738  
-0.8065082447  0.03052703628  -0.5904342058  
-0.8633069857  -0.4603966533  -0.2067268005  
0.7747079437  0.1678964072  0.6096215207  
0.6959303058  0.7147219096  0.06966779316  
0.4851839065  -0.6871801115  0.5407218057  
0.7976605366  -0.5571936603  0.2308092138  
-0.618023662  -0.6527629366  0.4381179085  
0.3083057802  -0.6136691283  -0.7268822098  
0.3328772071  -0.8129392302  -0.4778311135  
0.9604098665  -0.163812593  -0.2253404595  
-0.04777316129  0.3433391951  -0.9379956941  
-0.1260465574  -0.7651277986  0.6314203965  
0.8652578004  0.08629590112  0.4938440607  
0.5084881851  0.1927299015  -0.8392228254  
-0.04234297949  -0.301422337  -0.9525500758  
-0.4812576326  -0.5839666573  -0.653738506  
0.216865119  0.7159534329  0.6636114842  
0.5848459709  -0.06659540333  -0.8084059887  
0.7185485376  0.3445348327  -0.6041388485  
0.5816447346  -0.7816177487  0.2253066746  
-0.8564315006  0.4108931534  -0.3125570368  
-0.3272370721  -0.6022351239  -0.728168081  
0.4327595097  -0.851576562  0.2958657904  
0.01743553182  0.04235379196  -0.9989505286  
0.00178854314  0.5042848494  -0.8635355186  
0.1595778879  -0.08595457504  -0.9834361742  
-0.1146525611  -0.3832488273  0.9165015694  
-0.005440891686  0.9474602313  0.3198273077  
-0.1776597319  -0.8607286263  0.477056864  
-0.9852638032  0.1605896284  0.0588745219  
-0.3243185263  0.4128399346  -0.8511055645  
-0.452848766  0.8711202113  0.1899409714  
-0.7704531562  -0.5521528337  -0.3186364422  
-0.1554470512  -0.9853070795  0.07075431632  
-0.2582775607  -0.9052670375  0.3373192737  
-0.4404957976  0.4949711761  -0.7489772942  
0.5513982559  0.595609884  -0.5841308325  
0.01815121291  -0.8779413863  -0.4784239289  
0.8180420006  0.2386521853  -0.5233091053  
-0.7821283465  -0.5886518995  0.20436289  
0.386312973  0.65708924  -0.6472990172  
0.7665968595  -0.5670840819  -0.3012389401  
-0.4018650673  0.8010930581  -0.4435700396  
0.8381675563  -0.2789764129  -0.4686654548  
-0.9413530407  -0.3192056614  -0.1093718361  
0.6058802356  0.2850777427  -0.7427245928  
0.4798354026  -0.3384941843  0.8094316979  
-0.9853842255  -0.1610885382  -0.05539323957  
-0.8039488543  0.5825163876  0.119753488  
-0.4667527151  0.5591021765  0.6852347475  
-0.985663691  -0.004677249755  -0.1686570826  
0.7324162648  -0.01710009138  -0.6806423451  
0.05200640851  0.2116330589  -0.9759645392  
0.01870374348  -0.5717238141  -0.8202329245  
0.3663991961  0.8257479221  -0.4288263031  
0.1477996442  -0.001449980722  0.9890162601  
0.5674124181  -0.614447666  -0.5481762615  
-0.0480307351  -0.6968322377  -0.7156241199  
-0.3767487065  -0.2796705839  0.8830882044  
0.7068388605  0.3602062343  0.6087941311  
-0.9811804211  -0.1588821279  0.1097335436  
-0.6471376822  0.6581393601  0.3847926752  
-0.3768562345  -0.7114842359  -0.5931016444  
-0.9328052172  0.2886116174  -0.2158188153  
0.4377633093  0.4667614256  0.7684380629  
-0.3106799745  0.9429500999  0.1196789979  
-0.7418810665  0.3782725141  0.5536446408  
0.4446563592  0.8544168966  0.2687982309  
-0.4738670658  -0.03276661284  0.8799865641  
0.1162468737  -0.1673214184  0.9790251311  
-0.2962473119  -0.8873150422  -0.3534254463  
0.306871063  0.2091850228  0.9284782049  
-0.2739731414  0.5621396305  -0.7803446377  
0.05523118318  0.9283471888  -0.3675881029  
0.6559726688  -0.3221444111  -0.6825854058  
-0.04887234327  0.7456497686  -0.6645433896  
-0.1539486124  0.9642818446  0.215546628  
-0.8117337768  -0.07705570418  0.5789220104  
-0.5604055933  -0.7514563121  -0.3482226041  
-0.4009267328  0.3136252383  0.860753719  
-0.3121195165  -0.9499678677  -0.01193556948  
-0.1787722415  0.836122637  0.5185936961  
-0.002678980128  0.9998281344  -0.01834461115  
-0.5813476465  -0.4204305041  -0.6966154644  
0.279892632  0.4079665045  -0.8690359289  
-0.1382004137  0.9490362525  -0.2832504847  
0.1018961096  0.8081873975  0.580043372  
0.3845377791  -0.6352104989  0.6698046868  
-0.631005833  0.6115437318  -0.4773320676  
0.1046031732  -0.6115106282  0.7842913538  
0.4672516463  0.3835354551  -0.7966030716  
-0.4292923846  0.8324628425  0.3503051018  
-0.9268854241  -0.3089129054  0.2132046608  
0.1482639827  0.9605833826  -0.2351538996  
-0.5808255859  -0.8140021542  0.006490886739  
0.9071331158  -0.1590439067  -0.3896338615  
0.5717737586  -0.7701667139  -0.2826977215  
0.52955422  0.2930920555  0.7960335264  
-0.2893217443  0.1159949928  -0.9501779254  
0.1591466921  -0.9859821155  -0.05011584959  
-0.1563442074  -0.1677961538  -0.9733452314  
-0.9399724114  0.3149905589  0.1312738112  
0.8340390559  0.4005369638  0.3794061068  
0.7031084937  -0.5279258585  -0.4763745732  
0.9859251155  -0.003782457911  -0.1671447266  
-0.5788172719  -0.7969011765  -0.1729713288  
-0.4693146684  -0.5239305189  0.7108027528  
-0.795387492  -0.4022424953  0.4533869348  
0.6913873291  0.714590869  -0.1065056388  
-0.9428087  0.01373679087  0.3330511309  
-0.2288774664  -0.661399271  0.7142591335  
-0.5640529909  -0.8049315143  0.184199568  
-0.6969480175  0.6875206979  0.2039086827  
-0.1545143253  -0.9527468448  -0.2615315907  
-0.3158189864  0.7589343983  -0.5694532  
0.8940411196  0.1049177603  -0.4355258201  
0.2879393072  0.7693448084  -0.5702626774  
-0.2404633553  0.3743015849  0.8955867899  
0.09525786794  0.4624892599  0.8814928378  
0.5929725892  -0.7974384399  -0.1116935229  
0.981847094  -0.1540243987  0.1106922248  
0.6578995642  0.6243592984  0.4211218706  
-0.000137115293  0.1280581763  0.9917666483  
-0.8875524011  0.2531257664  -0.3849390623  
-0.2728402758  -0.4762876318  -0.8358877171  
0.6650975782  0.6934566908  -0.2770614181  
0.4410867858  -0.1413631362  -0.886261198  
0.4182145091  0.7959153033  0.4377390255  
0.7983095724  -0.3667672114  0.4776857117  
0.3102666391  0.9325022635  0.1848624929  
0.6044193628  -0.06085526785  0.794338637  
0.308258017  0.04623008398  0.9501788117  
-0.1607053044  0.9800764533  -0.1167216811  
0.1645434283  -0.8165557391  0.5533192434  
-0.7090262957  0.6899759764  -0.1456532321  
-0.8984462798  -0.2039929639  -0.3888202065  
0.004433542091  -0.9815913597  0.1909417353  
0.1608786239  0.9823823454  0.09509466798  
-0.1815634901  -0.08393343847  0.9797907312  
-0.797973185  -0.6017941419  0.0329029915  
-0.4092345929  0.6942426448  0.592076176  
0.1397814938  0.8950006561  0.4235976388  
-0.2154524817  -0.250838357  0.9437480314  
0.5259542023  0.6799124378  0.5109708935  
0.8869689903  -0.4403484158  0.1392094932  
-0.6273886448  -0.09133228816  0.7733316892  
-0.1338773817  0.6640511985  0.7356037333  
-0.8856687424  -0.2765159416  0.3730010896  
0.4189081933  0.8692019157  -0.2626860394  
0.4484694776  0.8897797331  -0.08465904715  
-0.9015139606  0.3106348398  0.3012948309  
0.4609003859  -0.8870468337  -0.02680949569  
0.8475138313  0.4410129525  -0.2953436667  
-0.6772815733  0.1645937064  0.7170764132  
-0.813532998  -0.2897195877  -0.5042089067  
0.6177490846  0.5363298763  0.5750968026  
0.3144610654  -0.9478281134  0.05230779814  
-0.07357020735  0.4227131654  0.9032723866  
0.05952708074  0.6507943155  -0.7569169608  
0.1602299455  0.5954883812  0.787222937  
0.8900384539  -0.4543871152  -0.03693101967  
0.166576336  -0.9105405582  -0.3783757606  
0.8652603243  -0.4534216124  -0.2138537178  
0.8914728276  -0.08696731124  0.44464917  
-0.8552472997  0.06500725184  0.514126554  
0.7552389521  -0.5191809964  0.4000815144  
0.20494659  0.3406884614  0.9175664922  
-0.7357437505  -0.4743017876  -0.4834448757  
-0.609244321  0.2396155316  -0.7559138538  
-0.6007256205  -0.4379958831  0.6687961836  
0.01744814655  0.8452810376  -0.5340370114  
-0.1215583845  0.2581896148  0.9584162363  
0.7182501871  -0.1369145625  0.6821811133  
-0.940105507  -0.0374881423  -0.3388159897  
-0.6147021281  0.4773331306  0.6279286393  
0.1918276667  -0.5276381699  -0.8275264998  
-0.2493796964  0.7362938135  0.6290319446  
0.2125098719  -0.696251536  0.6856189561  
0.0966087734  -0.8987587936  0.427667366  
0.2076953349  -0.2980401931  0.9316837935  
0.2841310056  -0.2080978226  -0.9359299482  
0.6849358957  0.6846953531  0.2491085953  
-0.302401955  -0.9394751026  0.1610577198  
-0.8149761311  0.2030676145  -0.542749896  
