1  0  0  
0.704308104  0.4779895874  -0.5248581227  
-0.008474230846  -0.7596764038  -0.650246068  
-0.3160103397  0.2053629657  -0.926263201  
-0.3013381097  0.2221605499  0.9272755975  
0.9319435205  0.3595127489  0.04724254427  
0.1965694646  -0.1041321357  -0.974944585  
0.476869407  0.7302714166  -0.489182202  
0.8059180067  0.3477770615  0.4791109286  
0.4929925991  -0.8238298117  0.279754783  
0.1341394841  0.9722751565  0.1915401234  
-0.9851222291  0.1141144395  -0.128499371  
-0.06015214129  0.9734426425  -0.2208871697  
0.8945735201  -0.1603215358  0.4171752897  
-0.008575846432  0.9283655025  -0.3715695744  
0.295891399  -0.7644302431  -0.5727954988  
0.8101448657  -0.586192387  0.006616790194  
-0.9506599468  -0.2907856612  0.1081173661  
0.7002205168  -0.2824443876  -0.6556801017  
0.9571491491  -0.04889320653  0.2854381908  
0.4503667791  -0.6760150992  -0.5832438169  
0.3614436521  0.9321371677  -0.02188119897  
-0.544000292  0.8318440022  -0.1099965379  
0.4400764511  0.06798771569  -0.8953828163  
0.1360070986  -0.8230040416  -0.5515128436  
-0.861119869  0.3240495612  -0.3917453932  
-0.6833872868  0.5693261847  -0.4570005598  
-0.7895057799  -0.3266176412  0.5196167241  
0.8085362472  -0.4240010496  -0.4080346148  
0.798277268  -0.2635757096  0.5415544743  
0.7883330107  0.6100550839  -0.07977379779  
-0.3493737709  0.03342732097  -0.9363869832  
-0.3734493935  0.8737608041  0.3115727967  
0.9045802003  0.01425312998  -0.4260651471  
-0.8900800811  -0.3900212342  0.2358832045  
0.9852946272  0.1168070623  -0.1247020758  
0.2120342586  -0.5160999518  0.8298688528  
-0.730461384  0.003411248277  -0.6829454809  
-0.7447728227  -0.6627913508  -0.07759554058  
-0.1527275981  -0.5690866658  0.8079694595  
-0.5473329418  -0.8012552121  -0.2416955437  
-0.4583316408  -0.6036506053  -0.6523327784  
0.5808058528  -0.2646301989  0.7698281751  
0.7923136517  0.5683358469  0.2218861024  
0.1574627403  -0.4456832246  -0.8812331977  
-0.0004097062023  0.5006067431  0.8656747201  
-0.6774438287  0.3458971606  -0.6491725605  
0.8947882448  -0.4431206253  0.05475498453  
-0.6826193927  -0.3414368189  0.6461049941  
-0.2367813532  -0.09591346778  -0.9668170445  
-0.3308092944  -0.5901845955  0.7363744659  
0.953732598  -0.2849767165  0.09582485334  
-0.8718153927  -0.1672711245  0.460389283  
-0.6760147463  -0.1985944812  -0.7096226425  
-0.4613422505  0.5492306877  0.6967847441  
0.5476699806  -0.6463779791  0.5312749764  
0.7244138461  -0.620038225  0.3012925142  
-0.8021653716  -0.4563153025  0.3851065583  
-0.1526947199  0.7145580065  0.6827087065  
0.4213044853  -0.785433697  -0.4534274344  
0.9510856514  -0.234946199  -0.2005900478  
-0.09588818587  0.4030215853  -0.9101533154  
0.08015645666  0.7664249163  -0.6373129452  
-0.9856396419  -0.06642655185  -0.1552482188  
-0.5037440214  -0.2090210514  0.8381838468  
-0.850024767  -0.5225411774  -0.06639739016  
0.3884607515  0.1468713459  0.9096851391  
-0.4222010021  -0.319793209  -0.8482208541  
-0.3749409296  0.07765805557  0.923790304  
0.473123412  0.6116801855  -0.6340359514  
-0.3411024332  0.8828838139  -0.3227464969  
-0.8283256185  0.5284244022  -0.1861298497  
-0.3131764879  -0.5828837919  -0.7497779489  
0.1792484483  -0.9185983874  0.3522030613  
-0.6570516729  0.1171161977  0.7446924837  
-0.03632455505  0.5400965789  -0.8408187748  
0.003298685204  -0.3438462964  -0.9390201505  
0.09158982806  0.4384825821  -0.8940605844  
-0.2945351368  -0.9459237973  -0.1359309489  
0.212935816  0.8079655326  -0.5494088063  
-0.9834177166  0.1779902003  0.0347718742  
-0.5335154276  0.4217497257  -0.7331360429  
-0.4257382427  0.904783438  0.01067141359  
-0.7061301413  -0.5985611293  -0.3782919482  
0.5288163543  0.847027966  -0.05382274865  
0.7011257635  0.6760511204  -0.2266661563  
-0.3782097091  0.4765372078  -0.7936433113  
0.4468211096  0.4769866603  -0.7568583896  
-0.2130859455  0.9375319142  0.2750059813  
0.6489816115  0.196828519  -0.7349023079  
-0.02337863761  -0.6615691388  0.7495196554  
0.2079278523  0.6867837627  -0.69648695  
-0.7538170547  0.6403491737  0.1473525834  
-0.3989961039  0.706041808  -0.5850701449  
-0.8023208316  0.2900855001  0.5216624251  
0.8731455328  0.305940429  -0.379496156  
0.3946036198  0.342742357  -0.8525348438  
0.4696365051  -0.1560798496  0.868953758  
0.6788256953  0.6954389574  0.2357123926  
0.8599226749  -0.4955193842  -0.1224480831  
-0.5715635605  0.6816099764  0.456862054  
-0.9008193208  -0.01059426547  -0.4340648716  
-0.8116124432  -0.4633741061  -0.3557663277  
-0.03017124151  -0.2942531272  0.9552511677  
0.1634016656  0.6762015604  0.7183671383  
0.8649389519  -0.1387160449  -0.4823261017  
0.07722734263  0.04099117258  0.9961704981  
-0.5901318605  0.5626372056  0.5789505697  
-0.1680822782  -0.7869261792  -0.5937133452  
0.2157526617  0.325906674  -0.920454034  
-0.9514039496  -0.2486863277  -0.1816194787  
0.9851202014  -0.06222345279  -0.1602074612  
0.7022966812  -0.5581334733  -0.4418895762  
0.4507259883  0.4680072504  0.7601416296  
0.9396977047  -0.220237834  0.2616553462  
-0.8741430349  -0.1848001196  -0.4491356925  
-0.2727368538  0.9617034678  -0.02722220681  
0.5933531341  -0.424347239  -0.6840040051  
-0.2742858263  -0.2738128619  -0.9218426125  
0.5246218462  -0.09835826372  -0.8456344189  
0.1509199308  -0.251244121  0.9560855433  
-0.3171109334  -0.812434992  -0.4892750143  
-0.5672902267  0.8221214173  0.04793927236  
0.3149732995  -0.6192114184  0.7192836992  
-0.1709989597  -0.8965769545  0.4085451266  
0.4602117398  -0.4062349958  -0.7894164191  
-0.1838542492  -0.9827942655  -0.01769312525  
-0.1619325614  0.9811155987  0.1057829262  
0.7708317328  0.1837428196  -0.6099647662  
-0.9575142449  -0.05708359019  0.2826799153  
0.3114077726  -0.3761078494  -0.8726786836  
0.5936444744  0.7175072371  -0.3643756342  
0.09632695043  -0.9130936208  -0.3962084784  
0.01420109131  0.997603943  0.06771042732  
0.7772364456  0.2219925881  0.5887468034  
-0.2774445333  -0.4631175702  0.8417521293  
-0.06556749514  -0.9926504793  0.1017149425  
0.3180420086  0.7078831398  0.6306748299  
-0.4728293535  0.5703959615  -0.6716255278  
0.4516661323  -0.7770155988  0.4384569125  
0.08262932089  -0.7670021348  0.63630191  
-0.3330552384  -0.2020996594  0.9209939934  
-0.534220867  0.7809786062  0.3235436321  
0.9396626436  0.2146814595  -0.2663568794  
-0.3397252137  -0.8277566612  0.4465486413  
-0.5729180273  -0.7929335214  0.2074159219  
0.8883217144  -0.2728024633  -0.369409458  
0.4770806728  -0.8597506426  -0.1822714024  
0.8176231345  0.06990232412  0.5714945975  
0.1938257534  -0.083062474  0.977513275  
0.3239981471  -0.9346991144  -0.1461600704  
-0.4689513527  -0.8777414291  -0.09825788747  
-0.9356491018  0.3448141667  0.07525920994  
0.8926279612  0.305990591  0.3310363744  
-0.7093722904  0.4316877385  0.5571684216  
0.2296521279  -0.9540373415  0.1925425956  
-0.3966633478  -0.8836666456  -0.2485788567  
-0.3485994363  -0.7193711237  0.6008191237  
0.5532475712  0.3470471945  -0.7572815657  
-0.6707027094  -0.7384943629  0.069166116  
-0.8861864608  0.3908414013  0.2488303756  
-0.1755905997  -0.8753243502  -0.4505277164  
-0.7083620782  -0.5941043277  0.3811341155  
0.6320023593  -0.7532054954  -0.1823581627  
-0.5941573475  -0.6094326429  -0.5249465688  
-0.1332233489  0.8553150541  -0.5006872252  
0.7161926273  0.03609060174  -0.696968858  
0.4593221206  0.8242304137  -0.331160708  
-0.3152550315  0.5192697289  0.7943382238  
-0.1571254503  -0.5453932847  -0.8233211754  
0.6305828628  -0.746270108  0.2131810945  
0.9432704595  0.1287163569  0.306060353  
-0.296417037  0.8272183688  -0.4773329136  
0.1196627118  0.2216201231  0.9677630683  
0.7156631549  -0.1803676989  0.674754579  
0.3003821273  0.4401688208  0.8461808239  
0.8828832764  0.4615902528  -0.08632241168  
-0.02811562636  0.1364600385  -0.9902465195  
0.5850287693  0.4889629654  0.6470367512  
-0.751332883  0.4211239163  -0.5080881282  
0.4376828883  0.8127551367  0.3845292928  
0.03811680694  -0.1653321385  -0.9855010873  
-0.2698276809  0.3675946165  -0.8899815844  
0.04704853646  -0.9723380914  -0.2287904526  
0.2430799396  -0.746569069  0.6193115275  
-0.7385686172  0.660562004  -0.134811856  
-0.8223016867  0.09881782485  -0.5604060792  
-0.1208520262  -0.9583263062  0.2588541649  
0.2452263505  0.959010631  -0.1419952345  
0.2665452496  0.05216832105  -0.9624095262  
0.6179687788  0.7813668379  0.08706579714  
-0.3115909418  0.649395536  0.6936833015  
0.2536161328  0.9144399668  0.3154019726  
-0.1521639404  -0.1769126736  0.9723929459  
0.7102889867  0.4866516824  0.5085859764  
0.8043058937  -0.4779410175  0.3530784802  
-0.5884878785  -0.0518826862  0.8068396394  
0.02101976964  0.8601227869  0.5096537656  
-0.8220624353  -0.02460221657  0.568865611  
0.8072009908  0.5415653025  -0.2348054162  
-0.4179465634  -0.8910345348  0.1771387251  
-0.7930189639  0.5397849694  0.2824059307  
0.3915726423  -0.906504773  0.1578605786  
-0.08688140541  -0.01660340342  0.9960802921  
-0.5807407642  0.268769034  0.7684421716  
-0.8857761372  -0.4181390792  -0.2013959909  
0.5303035131  0.1943707164  0.825226156  
0.1064296065  -0.9925774417  0.05884522978  
0.1580854471  -0.5883701617  -0.7929877327  
-0.5989974467  -0.6129656893  0.5152427802  
0.4607312863  0.7157604838  0.5247986391  
-0.8957972059  0.3809281521  -0.2290002379  
0.06749218028  0.936690809  0.3435915218  
0.6876027142  -0.7260821836  -0.002677722667  
0.6228324035  0.06453634513  0.7796889491  
-0.7713823131  0.1306598205  0.6228140479  
-0.595968299  0.7081991611  -0.378517813  
0.1495497661  0.3938019667  0.9069481123  
-0.5710585551  -0.3409942819  -0.7467362496  
-0.6106049462  0.10169338  -0.7853789252  
-0.5858310526  -0.4861978207  0.6483931345  
-0.6918988748  -0.3611246543  -0.6251919154  
-0.154399929  0.2872569611  0.9453275095  
-0.4930043689  -0.01554338887  -0.8698879786  
-0.9823432491  -0.1847962971  -0.02919022937  
-0.9400843873  0.1171117904  0.3201970852  
0.002256219347  0.639613074  0.7686937134  
-0.2581455046  0.8630202166  0.43423151  
-0.1491801008  0.6498821757  -0.7452505989  
-0.0363398433  -0.8587494822  0.5111054124  
0.4311024509  -0.3208297527  0.8433379789  
0.6768330265  -0.6651182009  -0.3154597171  
0.5813428481  0.7148492655  0.3886270972  
0.2979488613  0.9073659803  -0.29650203  
0.6201056526  -0.5012803886  0.60347904  
0.4471927905  -0.2481322021  -0.8593305641  
