1  0  0  
0.4896552603  0.7865941799  -0.3761745901  
-0.1210334793  -0.3094840865  -0.9431704497  
-0.4268402037  0.2160126978  -0.8781491643  
0.03437001688  -0.01446864532  -0.9993044382  
-0.9558752982  -0.2641107469  -0.128638749  
0.5579569797  -0.27468333  0.7830919978  
-0.4733072993  -0.7053223782  0.5277315067  
-0.7163515499  -0.1601139364  -0.6791200073  
-0.6142225984  0.7597459793  -0.2133463068  
-0.1503684767  0.9675986803  0.2028351921  
-0.9581775843  0.2729322845  0.08604466902  
-0.1427486625  0.9554959813  -0.2581670954  
-0.8219673749  -0.1090046247  -0.559005927  
-0.2404845915  0.8831512903  -0.4027542176  
0.2811537585  -0.5218697929  -0.8053598471  
-0.7777220418  0.6284972341  0.01181746554  
0.9012543308  0.386564433  -0.1957257529  
-0.7215913197  0.056741166  0.6899901502  
-0.8545286084  0.07103976838  -0.5145232829  
0.4972021648  -0.638149085  -0.587839904  
0.9465515317  0.3208237224  -0.0333517168  
0.5664470809  -0.8189266428  -0.09217840461  
0.1815335901  0.06144180937  -0.9814634276  
0.0818506014  -0.8693327123  -0.4874024153  
-0.7375128462  0.5143130782  -0.437672091  
0.6103039158  -0.6253744064  0.4862468326  
-0.6993660526  -0.1209284659  0.7044596728  
0.6927734131  -0.3934960321  -0.6043392018  
-0.9249407885  0.2536950172  -0.2830607285  
0.986856386  0.09397985623  0.1314620098  
0.5517302419  -0.1015003894  0.827823297  
0.3160489585  -0.9237779995  -0.2162111548  
0.9511987897  -0.05056593868  -0.3044075364  
0.8225952  0.4520924804  -0.3448906002  
-0.9860166094  -0.1643310726  0.0276865412  
0.2383657668  -0.6175550908  0.7495381719  
0.6512959365  0.02521955187  0.7584046264  
-0.8836160562  -0.4667805787  0.03658628775  
-0.09497493548  -0.6060349856  0.7897476545  
0.7978290821  0.6011763403  -0.04534052936  
0.3745822311  0.7785994778  0.5034590404  
-0.5457077565  0.4379914392  -0.7143994287  
-0.57384488  -0.7730820746  -0.2702705306  
-0.2058991696  0.6525695599  0.7292177326  
0.4704562863  -0.8494252196  0.2390558074  
-0.67182586  0.3256123  -0.6653019193  
-0.844944697  0.52589166  -0.09750087698  
-0.8021357211  -0.3537242998  0.4811002023  
-0.3685866988  -0.4489676213  -0.813985209  
0.2284581337  0.5074581551  -0.8308387942  
0.7621885775  -0.02536280181  0.646858022  
0.8973011995  0.4225917697  0.1275411836  
-0.8724939042  -0.2297983016  -0.4312158714  
-0.121961107  0.07134696802  -0.9899672209  
0.5499827821  -0.7481667723  0.3711676444  
0.7425700297  -0.6490671859  0.1652317741  
-0.6107882081  -0.6665734844  0.4273377524  
0.1418280588  -0.7717168796  -0.6199498847  
-0.4170573165  0.7583137627  0.5010223868  
0.9397393695  -0.2224162541  -0.2596554012  
-0.1298891503  0.4067838728  -0.9042431584  
-0.1912254699  -0.8138761547  0.5486696862  
0.9046187837  0.06416560486  0.4213640129  
0.5751053418  0.1775909595  -0.7985707839  
-0.04191868859  0.6826869001  -0.7295076558  
-0.5741299188  -0.5042952701  -0.645027997  
-0.2994623101  -0.3259755453  -0.8966951927  
0.3346977754  -0.02617542305  -0.9419619134  
0.5901473907  0.5747757986  -0.5668852076  
-0.5278156853  0.8459815899  -0.07566869878  
0.8906113112  -0.4063913317  0.204101881  
-0.5247222465  -0.07897113363  -0.8476025744  
0.3121610133  -0.9155241314  0.2537145377  
0.05565148253  0.9517140248  -0.3018995321  
0.03119913501  0.4811498822  -0.8760829897  
-0.03212687296  0.1872376943  0.9817891372  
-0.01296112225  -0.3195691687  0.9474743035  
-0.01865084439  -0.9835433376  -0.1797071202  
0.1475224791  0.7180190013  -0.6802101381  
-0.9838965546  0.1067021138  0.1433953584  
-0.2701773409  0.4755369145  -0.8371791012  
-0.2198244109  0.9700269761  -0.1035610641  
-0.6667445085  -0.6567417925  -0.3523378752  
0.369065635  0.9216041204  -0.1201515808  
-0.3429287805  -0.8172785185  0.4630935917  
0.4009549409  -0.535962432  0.742953166  
0.5528007464  0.4689232682  -0.6888557928  
-0.09226316684  -0.8856122756  -0.455168546  
0.7607431701  0.2425970199  -0.6020103945  
-0.3488695992  -0.9345709444  -0.06976498216  
0.6044991224  0.001960516142  -0.796603394  
0.710830147  -0.597572227  -0.3709823927  
-0.3587917384  0.6741344127  -0.6456092333  
0.7180691386  -0.2293832688  -0.6570844909  
-0.2522355012  0.8268174894  0.5027425694  
0.4979549554  0.355010524  -0.79120692  
0.422391224  -0.3818294033  0.8220656669  
0.7066438032  0.7067651106  0.03372853197  
-0.6858241389  0.7182434382  0.1173525204  
-0.393887098  0.5883426186  0.7061911336  
-0.9776282692  0.1073591267  -0.1808783711  
0.8609053061  0.1827248234  -0.4748196424  
-0.1080084017  -0.1055995302  -0.9885256316  
-0.09428624769  -0.5970100396  -0.7966737827  
0.0531508259  -0.9904493401  0.1272206524  
0.2642231562  0.01928577583  0.9642687294  
0.6481711682  -0.5441820653  -0.5326725228  
-0.1529239144  -0.7100517166  -0.6873433175  
0.1816667827  0.2342784473  -0.9550449147  
0.9394328618  0.1944203846  0.2822527451  
0.9834650319  0.06076714371  -0.1705986087  
-0.5856252185  0.675215293  0.4484723085  
-0.3198023984  -0.6936851158  -0.6453893291  
-0.95260313  0.2808606132  -0.116895649  
0.5192033679  0.3950809126  0.7578515259  
-0.1018272  0.9940161593  0.03953601323  
-0.5550816649  0.4969908243  0.6669966011  
-0.7683884725  0.448415401  0.4566210501  
0.4680945958  0.06261049012  -0.8814575293  
0.1359090186  -0.2397324093  0.9612788932  
-0.263023643  -0.8745501432  -0.4074071799  
0.452022815  0.2736318328  0.848999997  
0.3008858284  -0.7894924015  0.5349480967  
-0.05919137343  -0.8777908768  0.4753730724  
0.5922490727  -0.3397320664  -0.730632027  
-0.2808327449  -0.622667161  0.7303551027  
0.1946631559  -0.913020779  -0.3584680082  
0.8057772493  0.06331497812  -0.5888244543  
-0.8139989752  -0.5692660727  -0.1155067392  
0.4746004445  -0.2764414933  -0.8356641184  
-0.3433595192  0.1950977625  0.9187170967  
-0.02733928194  0.9406488877  0.3382783376  
0.2301590919  0.9723150702  -0.04037569418  
0.7758583446  0.2796635832  0.5655370097  
-0.1629992993  -0.3853875337  0.9082442828  
0.1031177867  0.9833863866  -0.1493918896  
0.2096728733  0.8040783301  0.5563230403  
-0.5141706515  0.5878590173  -0.6245400843  
-0.6856067281  0.6478830024  -0.331950342  
0.1030198522  -0.5593454229  0.8225081203  
-0.4346627371  -0.2319037934  0.8702234975  
0.5048795619  -0.7838014523  -0.3615963377  
-0.9549812082  -0.2276723074  0.1902004531  
0.205120842  0.8982397302  -0.3887040357  
0.6100424716  0.7880009831  -0.08308208899  
-0.8048658568  0.2858026053  0.520103666  
-0.6295112738  0.7282780565  0.2707889004  
-0.5910259595  -0.2145811489  -0.7775880952  
-0.2814500471  0.1500341116  -0.9477740429  
0.2657069266  -0.9622874843  -0.05833203759  
-0.8121534789  -0.5172151591  -0.269991122  
-0.9036565433  0.3812677206  0.195037886  
0.7414408926  0.5284745064  0.4134973988  
-0.4639486865  0.7189703157  -0.5175261359  
-0.02477796701  0.6960851104  0.7175315821  
0.7123123069  0.6727146855  0.2001652551  
0.3232251909  0.3510354115  -0.8788057896  
-0.6397108191  -0.302452001  0.7066065772  
-0.7147459106  -0.6806877325  0.1606315475  
-0.892125153  0.1679778589  0.41939975  
-0.4149279538  0.04232150031  -0.9088694536  
0.6117599002  0.7434369308  -0.2702801407  
0.7634697397  -0.61117761  -0.2087483786  
-0.4247731641  -0.8364963647  -0.3461814422  
-0.4000166521  0.8277930858  -0.3933767726  
-0.8907767434  -0.006617706886  0.4543930009  
0.3233895303  0.7250358924  -0.6080642782  
-0.3251198368  0.3649100641  0.8724320815  
0.2629965917  0.5855553025  0.7667840507  
-0.4743657691  0.8520045122  0.2215071745  
0.9876323297  -0.1549097924  0.02419375139  
0.01099392951  0.7897625438  -0.6133141592  
0.2366041955  0.190586897  0.952730334  
0.8597480314  -0.2392136727  0.4512318043  
0.1970996163  0.4584232312  0.8666024938  
-0.7268408264  -0.6081976175  0.3190581001  
-0.1880966332  0.1099007763  0.9759823133  
-0.477484576  -0.657929188  -0.5823552724  
-0.8433682412  0.3891027779  -0.3705793276  
0.46052724  0.8696263856  0.1779455273  
-0.8928160591  -0.2914748115  0.3433976105  
0.3862745773  0.1361294901  0.9122832416  
-0.06501280237  -0.9977458654  -0.01662899687  
0.1274037456  -0.8365584756  0.5328585201  
0.6622776735  -0.7476114928  0.04965218004  
-0.9617659391  -0.02653430723  -0.2725843151  
-0.2363074478  -0.9441575959  0.2296197383  
-0.1895311387  -0.9727222615  -0.1337510729  
-0.3183036592  -0.1484542504  0.9362927513  
-0.8211872678  -0.5351982216  0.1980260963  
0.3165483276  -0.7146484075  -0.6237586152  
0.3086625891  0.9190078766  0.2452589018  
-0.02801024005  -0.157206125  0.9871685067  
0.6183721043  0.596804796  0.5113120144  
0.9147677434  -0.4039107685  0.007487766895  
-0.4822671657  0.1064344365  0.8695344108  
0.03526303653  0.8022280642  0.595975378  
-0.9361453082  -0.1221013852  0.329732033  
-0.4976264534  -0.8448768234  0.1963442544  
-0.4870886394  -0.8733229544  0.007188513236  
0.8680091047  -0.3339629436  -0.3674628505  
0.3784985417  -0.9205386937  0.0966817842  
0.7177037268  0.519116767  -0.464132678  
-0.6092739854  0.1717906555  0.7741273677  
0.8179236484  0.3858125359  0.4267898694  
0.6552961761  0.334279687  0.6773802569  
-0.421648874  0.9043969055  0.06540997191  
0.1625195824  -0.4390669828  -0.8836331648  
-0.4426834679  -0.6023164562  0.6642636779  
0.4273098937  0.561242086  0.7088113823  
0.8528974456  -0.5115964136  -0.1040915794  
0.1431726134  0.9433278277  0.2993897331  
-0.8227837462  0.4846215601  0.2969324004  
0.7668081427  -0.3661988687  0.5271656864  
0.81836262  -0.1140860609  -0.5632645852  
0.8006135437  -0.5316255926  0.2763913583  
0.03192793799  0.4700122929  0.8820822248  
-0.7054290106  -0.4404004411  -0.5553533673  
-0.6729393983  0.154904635  -0.7232960115  
-0.6882355906  -0.4165866776  0.5939590153  
-0.5947479923  -0.797012897  -0.105096468  
-0.04050830595  0.3402536474  0.9394607669  
0.7760755389  -0.2020483035  0.5973970547  
0.9258555667  -0.1085843565  0.3619404745  
-0.3913461527  -0.4856451658  0.7816629464  
0.08819368265  -0.5720747592  -0.8154461014  
-0.3545750676  0.8598413123  0.3673546504  
-0.180619786  0.7365022615  -0.6518749202  
0.07488286205  -0.9151344481  0.3961331833  
0.283699786  -0.3174868223  0.9048295691  
0.1954532602  -0.2741332352  -0.9416204078  
0.5288929129  0.7295186861  0.4336758851  
0.3679479139  0.8790782182  -0.3030442523  
0.6506541151  -0.4838274668  0.5852864298  
-0.4454006473  0.4396469257  0.7799543859  
-0.8905797584  -0.3575711942  -0.2810881268  
