1  0  0  
-0.4907172332  -0.7403333075  0.4594596728  
0.8641905682  0.5029647811  -0.01418064851  
0.4872729093  -0.08480810027  0.869121797  
0.2864697086  0.1086737806  -0.9519060434  
-0.9506557348  -0.2595510749  -0.1699615056  
-0.5639211172  0.205332085  -0.7998948109  
-0.3619418007  -0.7299088131  0.579854514  
-0.8077889171  -0.3751320541  -0.4547010088  
0.6252424033  -0.7307076899  0.2741134967  
-0.0916175933  0.9778814584  0.1880267799  
-0.9487549016  0.3136056848  0.03893085086  
-0.2096628803  0.9447808683  -0.2518542982  
-0.5522154606  -0.1747849241  -0.8151737946  
-0.3092739012  0.823467258  -0.4756588369  
0.4603614375  -0.3393727053  -0.8203008678  
-0.7234128192  0.6900050329  0.02381066326  
-0.9537096157  -0.2654768121  0.1412799745  
0.7859478709  -0.1210302458  -0.6063312822  
-0.8028482205  -0.1171265226  -0.5845648916  
0.4461899526  -0.6242131019  -0.6413053326  
-0.32106311  -0.3804123084  -0.8672975009  
-0.626957673  0.7725487497  -0.1004614639  
0.4626246377  0.07738436829  -0.8831704842  
0.1426507189  -0.7001293371  -0.6996211001  
-0.6878044431  0.5473178985  -0.4768313811  
0.5454525079  -0.6050345718  0.5800126969  
0.7484091303  0.0424399685  -0.6618781026  
0.7041483052  -0.4131985745  -0.5774444582  
0.936521232  -0.1989808595  0.2886773277  
-0.9836176579  -0.08219991302  -0.1604352746  
0.7244522252  -0.0005413035438  0.6893248004  
0.3843553498  -0.8780582038  -0.2851048155  
-0.9264735173  -0.0004821781968  0.3763596542  
0.805900187  0.5661292997  -0.1732700338  
-0.9872679286  -0.1053441972  0.1191832089  
-0.342123926  0.5039625435  -0.7930781639  
0.6848545415  0.1535468499  0.7123184835  
0.9370137988  0.3492195244  0.007131940568  
0.0895833426  0.5820348484  -0.8082142414  
0.636414359  0.7706604338  -0.03254626579  
-0.3730989478  -0.8183022257  -0.4372397998  
0.5769374832  -0.354099819  0.7360410714  
-0.7883276442  0.4408132632  0.4292122928  
-0.3362126855  0.4501069762  0.8272634043  
0.07094871185  -0.6101940559  0.7890687514  
-0.636410807  0.4650782182  -0.6153726804  
0.8241579834  -0.565659111  0.0281671522  
-0.8312391985  -0.459463147  0.3129457004  
0.4888837966  0.3352089438  0.8053741972  
-0.1462893091  -0.4275503563  0.8920763033  
-0.8178907468  0.05906394033  -0.5723339735  
0.8116998872  0.5696141475  0.1291627505  
-0.8632569922  -0.217776891  -0.4553686321  
-0.6719835596  0.09876278963  0.7339509568  
0.5912445717  -0.6798310378  0.4338889449  
0.8269199481  -0.5239810457  0.2040766112  
-0.631935806  -0.6236579895  0.4601172124  
-0.2642573146  0.5799321362  0.7706145528  
0.3895977306  -0.7525816428  -0.5308808522  
0.925236048  -0.3158492645  -0.2101844368  
-0.123079238  0.3376382779  -0.9331944569  
-0.03314346862  -0.8180160904  0.5742396593  
0.8904339374  0.04897401467  0.4524698322  
0.5550385322  0.202254402  -0.8068614408  
0.3326034835  0.9430038073  -0.01089688334  
0.4842464742  0.5822624256  0.6530511618  
-0.3382992561  -0.6357899825  -0.6937756925  
-0.3548712145  0.04347192025  0.9339039636  
0.5158371325  0.6275138234  -0.5832139009  
-0.5087716482  0.8318565688  -0.2217342079  
-0.8924121278  0.37143021  -0.2562034216  
-0.4101822659  -0.4853445734  -0.7721341553  
0.3484910209  -0.8793473427  0.324503096  
-0.04057815691  0.9586633744  -0.2816344224  
0.01770187793  -0.4654584108  0.8848927118  
-0.06193119288  0.1511160877  0.9865741003  
0.04290021114  0.3053164805  -0.9512840893  
-0.08181381743  -0.9810157553  -0.175825445  
0.06184458267  0.7114641479  -0.6999957242  
-0.9760046186  0.1659660282  0.1409619164  
-0.2848211885  0.3600060904  -0.8884100998  
0.3543566458  -0.9349111498  -0.01930050611  
-0.6428764029  -0.6511754624  -0.4033366433  
-0.2418810938  -0.9576734108  0.1560614454  
-0.3319978932  -0.82768822  0.4524484605  
0.4406592752  -0.3638185346  0.8206433312  
0.6457669208  0.4956116301  -0.5808220004  
-0.05209161326  -0.8806167493  -0.4709571155  
0.9033868481  0.3046670648  -0.3017783663  
0.2245034436  0.6738597261  -0.7039256163  
-0.3822481761  -0.6137088184  0.6908312515  
-0.6258669837  0.6912298411  0.3612365229  
0.391335856  -0.629808783  0.6709673202  
0.8010113764  -0.283289158  -0.5273784484  
0.2150067807  -0.7963697066  -0.5653029052  
0.6169571451  0.3509961136  -0.7043902393  
-0.3961845762  0.2223652743  -0.8908375084  
-0.4901195332  -0.8712322906  0.0271503057  
0.6012710204  -0.7954330295  -0.07589107706  
-0.4582015319  0.4985233998  0.7358843496  
-0.9825774947  0.08767322242  -0.1638745646  
0.8294675246  0.3310233645  -0.4498968302  
-0.112031019  -0.12791224  -0.9854377249  
-0.0826216638  -0.5651728143  -0.820824799  
0.02099932889  0.6949969951  0.7187059239  
-0.1711806523  0.03646521736  -0.9845646105  
0.6783607198  -0.5618925203  -0.473395743  
-0.1260372227  -0.7890812997  -0.6012198607  
0.2111833196  0.2619082634  -0.9417035983  
0.8925505391  0.3239202856  0.3137342566  
0.9496987606  0.1423685228  -0.2789327298  
-0.5442614499  0.6675354949  0.508110064  
-0.4523821633  -0.7021790831  -0.5498135262  
-0.9531838676  0.2701308111  -0.135903861  
-0.5664149697  -0.4500744126  -0.6903673698  
-0.2426758703  0.9653906508  -0.09554744014  
-0.5860235919  0.5287578618  0.6139963137  
0.4353580338  -0.7250546303  0.5336283028  
0.5252995099  -0.07341076181  -0.847744823  
0.06600352331  -0.1743359233  0.9824716386  
0.3157254871  0.9001627826  0.3000406332  
0.2820685975  0.1004174122  0.9541245462  
-0.2708859046  0.7396500103  -0.616067114  
0.001311206227  -0.9010060246  0.4338045923  
0.5895578356  -0.3841717343  -0.7105164579  
-0.414014245  0.1929117233  0.8895938804  
0.1996779175  -0.9284214004  -0.3133088453  
-0.6204632509  -0.05360374662  0.7824014268  
-0.8939407652  -0.4213192387  -0.1528398094  
-0.5740833771  0.2242585755  0.787487376  
0.2920825677  -0.3116159138  -0.9042031276  
-0.1205995014  0.8822023508  0.4551645554  
0.001466280581  0.9995877069  0.02867518613  
0.6338083581  0.3058854434  0.7104372321  
0.3077671285  0.3756050988  -0.8741854519  
0.0796236152  0.9869756648  -0.1397823917  
0.2166514948  0.8602768305  0.4615039596  
-0.4927560679  0.5011457646  -0.711367964  
-0.7253891241  0.6084283857  -0.3219091767  
0.1816798274  -0.4919242642  0.8514710557  
-0.4807662625  -0.3457436286  0.8058071383  
-0.4765727578  0.785670141  0.3944627183  
-0.8939390933  -0.4190986487  0.1588370868  
0.1669449054  0.8777855663  -0.4490232713  
-0.5550254966  -0.8120826498  0.1801900887  
-0.8746700605  0.3069552678  0.375140972  
0.5509826957  -0.7976964394  -0.2451498717  
-0.3892568428  -0.2275077062  -0.8925913701  
-0.3335096199  0.06247659212  -0.940674231  
-0.2808422754  0.9445864607  0.1699530367  
-0.001975471192  0.008133223809  -0.9999649735  
-0.8852191892  0.4551464869  0.09606592777  
0.8267773526  0.4781995045  0.2962506424  
0.1041676497  -0.7313477635  0.6740026333  
-0.04936740909  -0.2874047452  -0.9565361318  
0.6150991709  0.7447092057  0.2589617904  
0.394270785  0.4806377274  -0.7832866162  
0.7994938543  0.1891767167  -0.5701067854  
-0.6914049778  -0.6994947047  0.1807382494  
-0.9369525511  0.1641434446  0.3085074496  
-0.7480041809  -0.4840671193  0.4540581124  
0.6010438247  0.7297135668  -0.325982256  
-0.6855363293  0.7006673088  0.1977505083  
0.2483397158  0.9559939061  0.1562147146  
-0.476952455  0.7907511305  -0.3837043202  
-0.8498603889  -0.02390458112  0.5264654693  
0.1997059841  0.786653523  -0.5842035216  
0.2372308491  -0.1662343169  -0.957124692  
-0.01158143288  0.4405584523  0.8976492191  
-0.458097309  0.8789269593  0.132794035  
0.9872511773  -0.1583239182  0.01639054319  
-0.4086282133  -0.9028728577  -0.1335798865  
0.2197997522  0.2596726161  0.9403500419  
0.8920933702  -0.1266388759  0.4337418749  
0.2493086819  0.534340603  0.807666578  
0.7288296409  0.6039215085  -0.322623877  
-0.1745107641  0.01485919165  0.9845431416  
0.5201997353  0.7489766033  0.4103977133  
-0.8614118749  0.2988015576  -0.4107154867  
-0.4703901395  -0.8384706791  -0.2751363969  
-0.6993922492  -0.7052091941  -0.1163205669  
0.4459708571  0.07133567919  0.8922002104  
0.1695240839  -0.984396648  -0.04716804333  
-0.1362955155  0.8283690789  -0.5433490605  
-0.7376165655  0.6578967677  -0.151965935  
0.9374947198  0.1547383639  0.3117044899  
-0.1266878509  -0.9453749035  0.3003605836  
-0.1688077982  -0.9856040824  -0.009408511777  
-0.3899071687  -0.2278483821  0.8922205526  
-0.7631378484  -0.6456042475  0.0285618626  
-0.3025959601  0.6873595848  0.6602821261  
0.1536054546  0.9343778099  0.321470796  
-0.1049585033  -0.140834706  0.984453807  
0.7355043028  0.5205388134  0.4336735688  
0.9009411461  -0.4257990012  0.08366756686  
-0.688752284  -0.1994762309  0.6970147234  
-0.04438618172  0.8026409917  0.5948086292  
-0.8868538941  -0.1688039502  0.4301109124  
0.4532753265  0.8314245766  -0.3213637376  
0.4024683753  0.8992344592  -0.1714543502  
0.8494648595  -0.454933611  -0.2672917172  
0.3801482497  -0.9105133431  0.1626430456  
0.977105291  -0.02372259476  -0.2114296309  
-0.6991204437  0.2593942656  0.6662921433  
-0.7566424837  -0.2779340096  -0.5918148682  
0.6905754293  0.4341327726  0.5784758527  
0.4986234455  -0.8657249174  0.04353190807  
0.17688988  -0.4521477016  -0.8742267591  
-0.2453558955  -0.5396017272  0.8053759746  
0.1828128798  0.6733846801  0.7163326906  
0.797034198  -0.5853911626  -0.1485047942  
0.01622762417  -0.9439690732  -0.3296347267  
0.7496366776  -0.5810375574  -0.3169230326  
0.8023216952  -0.2189972741  0.5552657843  
0.8745816587  -0.1423955875  -0.4634980247  
0.8048867756  -0.4647517534  0.3690028267  
0.1554230163  0.4170393294  0.8955009122  
-0.6034321197  -0.5823917549  -0.544692134  
-0.6993610895  0.3028767442  -0.6474254739  
-0.733255367  -0.3469571054  0.5847711807  
0.98250081  0.1845754379  0.0249813142  
-0.1221669699  0.3049842077  0.9444892083  
0.6900792337  -0.1526979973  0.7074418512  
-0.9506227843  0.01718713783  -0.3098724321  
-0.527260776  -0.4941854388  0.6912140234  
0.08825853534  -0.5809333404  -0.8091519542  
-0.3004105457  0.8527797751  0.4272237811  
-0.2333087173  0.6274313193  -0.7428976928  
0.1723589821  -0.8994990439  0.4014895407  
0.23294261  -0.2026869991  0.9511339132  
0.08246121869  -0.9893881695  0.1196294176  
0.560765566  0.8195931314  0.1175120378  
0.291998452  0.90450294  -0.3108236407  
0.7619450802  -0.3918365658  0.5156586084  
0.2918389149  0.7573054883  0.584224653  
-0.7378770009  -0.618944477  -0.2691565824  
-0.602335157  -0.002833653249  -0.7982382658  
