1  0  0  
-0.5172150934  -0.7649281076  0.3838926118  
0.04763280048  -0.7766073388  0.6281816279  
-0.2510521883  0.2698303597  -0.9296044189  
0.2647679242  -0.03585451578  -0.9636453705  
0.9390085155  0.2474302284  0.2388331842  
0.6460700841  -0.2936637964  0.7045246775  
-0.6163826473  -0.5220128685  0.5895549145  
-0.8284953733  -0.1264904905  -0.5455232097  
0.5670993453  -0.7567324168  0.3251989883  
0.006306504135  0.9627930906  0.2701660466  
-0.8851809658  0.4601287587  0.06881993293  
-0.2177398643  0.9638778105  -0.1533913881  
-0.8126363784  0.05124321576  -0.5805137805  
0.2711254164  -0.8557959088  0.4405727761  
0.2477532061  -0.6261687672  -0.739277366  
-0.6703907676  0.7419856815  0.005785072823  
-0.9842540195  -0.1246849545  -0.1252904118  
0.7190024288  -0.266201674  -0.6420063677  
0.8696416841  -0.1568849281  0.4680923633  
-0.3313751282  0.8009884306  0.4986061156  
0.9848026855  0.1693195323  -0.03865962509  
-0.4768896241  0.8519190696  -0.216356616  
0.03389920651  0.0006954106487  0.9994250148  
-0.09310594325  0.6889378834  0.7188156065  
-0.9023334367  0.2626452791  -0.3417774516  
0.4778556182  -0.6165782381  0.625687849  
-0.7651718503  -0.08342412896  0.6383983507  
0.6921391627  -0.5393238781  -0.4796593937  
-0.898154814  0.3891518989  -0.2046429321  
-0.9857159713  0.04893935938  -0.1611488844  
0.6983279933  -0.1183217202  0.7059305804  
-0.1309691486  0.9801325134  0.1489541485  
0.9027487148  -0.1392213098  -0.4070161973  
0.8970109942  0.345799699  -0.2753068186  
-0.9847590412  -0.04765087023  0.1672693199  
0.160645922  -0.6800571662  0.715342672  
-0.6093441807  0.0107491258  -0.7928329747  
-0.9391810786  -0.3283505195  0.1006222536  
0.2029377331  0.6277010174  -0.7515368981  
0.729081654  0.6828351276  0.04664901157  
0.3898418012  0.7396493491  0.5485819997  
0.504670693  -0.3486410091  0.7897828426  
0.3785123172  -0.7501874965  0.5421689274  
-0.1368137339  0.5407986389  0.8299511036  
0.4889558675  0.8686875728  0.07939811356  
-0.3527904863  0.3944629213  -0.84849153  
-0.7550854544  0.6465488425  -0.108722357  
-0.8114386782  -0.4611357485  0.3590558354  
0.4986398061  0.1002582945  0.8609916481  
-0.2488687942  -0.4793569421  0.8415944661  
-0.7668654537  0.2232776871  -0.601717916  
0.89388209  0.4482239616  0.008371944242  
-0.8978526049  -0.1904486637  -0.3969760778  
-0.6374898644  0.1537524076  0.7549615023  
-0.5269709826  0.6989965004  -0.4834309424  
0.6968882571  -0.6688387381  0.2588464786  
-0.8217757544  -0.5577781125  -0.1164825594  
0.2116596167  -0.7583833656  -0.6164859102  
0.3147303276  -0.8823229496  -0.349930041  
-0.9377296713  0.2354033675  0.2554375034  
-0.02900755712  0.4395859207  -0.8977320201  
-0.1350929835  -0.7486846523  0.6490155447  
0.8980647451  0.01629039826  0.4395615275  
-0.5464779451  -0.123421002  0.8283291084  
-0.4736469164  -0.6151415793  0.6302852021  
-0.3762543503  -0.2357318956  -0.8960263039  
-0.6902752135  -0.6164320157  -0.3788557768  
-0.3853604444  0.133444152  0.9130662551  
0.5161397789  0.4671106401  -0.7179187827  
0.3251179226  -0.9047817049  0.2750789031  
-0.7980659671  0.5440793214  -0.2589756825  
-0.4986611403  -0.6228672838  -0.6028046234  
-0.1647807857  0.9307571226  -0.3264023152  
0.1040281812  0.9635595509  -0.2464368671  
-0.1202754217  -0.3881895605  0.9136972628  
0.06065231874  -0.2795393529  -0.9582165968  
0.1366103122  0.2390240601  -0.9613558765  
-0.1707436233  -0.9598132  -0.2227223297  
0.2445284569  0.8070865645  -0.5374170738  
0.9492699511  -0.2978120946  -0.100967897  
0.1930922256  -0.423453696  0.8851001976  
-0.260719831  0.9651429216  0.02289782904  
0.6430466534  0.5543960245  0.5283332751  
-0.3494674091  -0.9369034487  -0.009190090145  
-0.4433218586  -0.8544501291  0.2708887346  
0.09636192417  -0.5672248701  0.8179060621  
0.6478447089  0.3663066437  -0.6679196628  
-0.222377354  -0.7517374612  -0.6208374198  
0.8499225633  0.144693127  -0.5066512957  
0.4971057199  -0.2277854142  -0.8372572534  
-0.805229815  -0.5205698712  -0.2839224441  
0.5931892892  -0.756287898  -0.2759621034  
-0.3250989619  0.6589373612  -0.6783157222  
0.666733763  -0.4318567134  -0.6074256072  
0.05609540594  -0.8107623909  -0.5826814317  
0.6625735448  0.1954432125  -0.7230478881  
0.4131546541  -0.2329377353  0.8803654033  
0.3348157292  0.6478625688  0.6842313348  
-0.524998768  0.8500088689  -0.04314181584  
-0.5572533942  0.5889301655  0.5853459787  
0.9559909378  -0.2227380825  0.190968776  
0.835766826  0.316224276  -0.4488830803  
-0.06570403431  -0.1671689973  -0.9837365024  
-0.1377640348  -0.4872567516  -0.8623235638  
0.1073432194  0.3316057698  0.937291335  
0.1601232659  -0.1342597137  0.9779237542  
0.4741911144  -0.7101059071  -0.5204732344  
-0.1032532837  -0.8386665171  -0.5347683915  
-0.2814323479  -0.1450517071  0.9485546035  
-0.8149267312  -0.2993888342  -0.4962466612  
-0.9849223124  0.1274735847  0.1169552208  
-0.4664247112  0.7986632391  0.3802433685  
-0.5519797259  -0.6934456198  -0.4630891433  
-0.9364695239  0.3465286771  -0.05424672035  
-0.5167110955  -0.2600784368  -0.8157014469  
0.1039548297  -0.9943029011  0.02356128747  
-0.6022164291  0.6749250363  0.4263936771  
-0.1960700723  -0.03549051129  -0.9799474222  
0.4119953842  0.04602019555  -0.9100230464  
0.0007019290634  0.1625254729  -0.9867040985  
-0.2693239217  -0.8360971835  -0.4779185338  
0.3516164883  0.068157942  0.933659649  
-0.2187370656  0.7783666376  -0.588472152  
-0.1669139526  -0.8965004409  0.4103982113  
0.5398537126  -0.4735646474  -0.6959127056  
-0.6202593505  -0.7839850161  0.02541323802  
0.1562290252  -0.9364504694  -0.3140907673  
0.7555980388  -0.09105650995  -0.6486758172  
0.9528938652  0.2944282232  0.0728375117  
-0.444933716  0.3941203632  0.8041785422  
0.06304070995  0.8479325781  -0.5263422953  
-0.02164286983  0.902565786  0.4300076606  
0.1914044996  0.9798139376  0.05769718498  
0.7343369702  0.05446722078  0.6765962874  
0.2806611798  0.3177015934  -0.9057013855  
-0.2074641351  -0.971868978  0.1114868704  
0.1786290191  0.6320936278  0.7540220946  
-0.2648993883  0.5485943502  -0.7930148504  
0.6178891895  -0.5565887471  0.555357467  
-0.08641094755  -0.5445765977  0.8342478513  
0.4203246644  0.2241909236  -0.8792414949  
0.2903482599  -0.9375476843  -0.1915782545  
-0.9116928471  -0.198815418  0.359567215  
0.3480159072  0.8425981309  -0.4109906547  
0.5735352015  0.654558886  -0.4925546035  
-0.777276274  0.3751106014  0.5051075435  
0.5675425924  -0.8146968212  -0.1190146854  
-0.6347766791  -0.156988289  -0.7565799659  
-0.3169890753  0.101200441  -0.9430145263  
-0.03037690013  -0.9941594919  -0.1035574657  
0.3658598304  0.5556740452  -0.7465741356  
0.886792397  -0.3993849551  -0.232574509  
-0.7078698813  -0.3988546417  -0.5829538626  
-0.6127861482  -0.7764182616  -0.1471999311  
0.7715314986  0.5840107439  -0.2523303344  
0.7674245172  0.4666737526  0.4396307757  
-0.4042097888  -0.398180629  0.823448015  
-0.7597602401  -0.2593960899  0.5962197968  
-0.8103391894  -0.5825564399  0.06307449923  
0.8684636883  -0.3108078417  -0.3862244265  
0.9602469894  -0.0697449343  -0.2702986561  
-0.6553964464  -0.6820411913  0.3244615714  
-0.7022815792  0.6927181343  0.1641407018  
-0.4691184782  -0.8487570373  -0.2440068544  
-0.4253851763  0.8176211539  -0.3879988408  
-0.8516825099  0.02520745533  0.5234515131  
0.419214776  0.7408038042  -0.5248511172  
0.2986204963  -0.4777008819  -0.8262128458  
-0.2698560197  -0.3684332459  -0.8896261417  
-0.4469107121  0.8645458976  0.2298504001  
0.9834671888  -0.1772071982  0.03728132893  
-0.4089444815  0.5596392881  0.7208108477  
0.2256214209  0.2038912981  0.9526401802  
0.8126614149  -0.3246423969  0.4839305104  
0.4384120445  0.526794968  0.728204601  
-0.8657412903  -0.4702169301  0.1714294519  
-0.2237553489  0.2092754841  0.9519124516  
0.4366564289  0.8051092222  0.4014103929  
0.8382602059  -0.4178773805  0.3502832027  
0.5898214665  0.7454779199  0.3104405074  
0.9581596889  0.1967050869  -0.2079353729  
0.4681483412  -0.0658666972  0.8811916414  
0.05316839407  0.9962246157  -0.06862679492  
-0.1072741171  0.8664283431  -0.4876414565  
0.6189293111  -0.7703371897  0.1533203249  
0.9555813657  0.07483133955  0.2850693322  
-0.2650159748  -0.9212437946  0.2847391859  
0.3334303775  0.9274372417  0.1693645358  
0.6585477566  0.0184250875  -0.7523133446  
0.708342532  0.6917957925  -0.1402477764  
-0.3649353436  0.6843582124  0.6312495798  
-0.3077432569  -0.8936366136  -0.3266614313  
-0.1348693361  -0.06113395483  0.9889756831  
0.7349352804  0.2326782269  0.6369701535  
0.8555083224  -0.5092810381  0.09347905949  
-0.530520922  0.05446378784  0.8459203551  
0.06345923027  0.7319416574  0.6784057313  
-0.9257402257  -0.04280727269  0.3757293865  
0.5858604063  0.7827379193  -0.2099736507  
-0.4952017944  -0.8640774639  0.09025142257  
-0.8014348493  0.4747823453  0.3637085466  
0.3742430834  -0.9218212217  0.1009343833  
0.05725134373  -0.9777934081  0.2015994412  
-0.5948973134  0.3201585094  0.737289438  
0.8662713996  0.3616736691  0.3446244612  
0.6154289727  0.3316872507  0.7150040191  
0.4152235216  -0.9069889601  -0.07043048528  
-0.02124151251  0.4404300142  0.8975356265  
-0.3137535318  -0.6943284038  0.647662558  
-0.292202058  -0.5150341579  -0.8058273845  
0.7932015135  -0.6072022769  -0.04622503542  
0.1420088739  0.9131418948  0.3821064768  
-0.8107223195  0.5492188977  0.2027015615  
-0.7427974857  0.4963131724  -0.4493608018  
-0.8219742994  0.2054716917  0.5311681795  
-0.6628859226  0.6281111197  -0.4075029754  
0.4305115655  0.3930739947  0.8124977703  
-0.5748854096  -0.4754739535  -0.6659063638  
-0.5693931834  0.4590421288  -0.6819616754  
-0.7370263349  -0.4233497479  0.5268464412  
0.09909528881  -0.1083473996  -0.9891617485  
-0.1853472396  0.3815775868  0.9055633308  
-0.7024958018  0.4009970172  -0.5879634688  
-0.9430824589  0.09623385832  -0.3183308345  
-0.5413828448  -0.3004646015  0.7852551423  
-0.02089094204  -0.5962472568  -0.8025289884  
-0.1794384843  0.8638160487  0.4707692262  
0.01988953389  0.669884925  -0.7421984867  
0.0001752589615  -0.9279077908  0.3728097384  
0.07461488424  -0.2976642099  0.9517503019  
0.3404753797  -0.3046636707  -0.8895260331  
0.7191959823  0.6597030884  0.2180572729  
0.3566158388  0.9218751851  -0.1515628138  
0.4230263018  -0.5124827508  0.747268478  
0.7152958798  -0.6213103458  -0.3198831952  
-0.893197567  -0.4112405147  -0.1818772809  
-0.5652983062  0.183257572  -0.8042726449  
0.7035725373  0.5635880744  -0.4328442759  
