1  0  0  
0.5421866138  0.7181481877  -0.436230279  
-0.4368202041  -0.8855274516  -0.1582063262  
-0.3918803469  0.1738641017  -0.9034384693  
-0.1634905124  0.1297105813  0.9779805813  
-0.9603871528  -0.2572672786  -0.1070983853  
-0.5464403112  0.1498184905  -0.8239887173  
-0.4742980845  -0.6490973197  0.5947385952  
-0.7439264964  -0.2118836809  -0.6337812506  
0.4670468921  -0.8522806938  0.235552159  
0.1746806807  0.9608155789  0.21522101  
0.8751432061  -0.4820299757  0.04208885024  
0.03321493178  -0.9796822341  0.197786472  
0.7208149576  0.0451425239  0.6916559473  
0.1947766219  -0.8839507397  0.4250801776  
0.3173808704  -0.4912509766  -0.8111361545  
-0.567087199  0.8222053313  0.04889276016  
0.8939435226  0.4058354455  -0.1901645857  
0.7159595908  -0.1672867939  -0.6778030636  
-0.8238694485  -0.07281621235  -0.5620826727  
0.462722482  -0.711616074  -0.5286685803  
-0.4508229903  0.5151409129  0.7289639712  
0.451110807  -0.8903726444  0.06111950453  
-0.3268721257  0.008419723  0.9450310692  
-0.07355790819  -0.8664406523  -0.4938317833  
-0.6030526932  0.6590259805  -0.4494576801  
0.5846197089  -0.5549041572  0.5918624606  
0.7921636014  0.1114739237  -0.6000419927  
0.7783970175  -0.4001370799  -0.4837234751  
-0.9524772534  0.2442786027  -0.1819753995  
-0.9850356897  -0.09658024945  -0.1427478383  
0.6811858635  -0.1205785342  0.7221126203  
0.2409452376  -0.905743484  -0.3486748251  
0.8914747545  -0.1221657867  -0.4362892191  
-0.8008859814  -0.3757031395  0.4662926075  
-0.9528932836  -0.2392026413  0.1864845474  
-0.2182241396  0.4727414382  -0.8537527496  
-0.5976547273  -0.01620901819  -0.8015897296  
0.9412038246  0.334948466  -0.04410085829  
-0.06070737092  -0.6065092842  0.7927553868  
0.8633503172  0.5007805178  -0.0620088928  
0.5260666968  0.6175090587  0.5847532753  
0.5410160732  -0.4352713469  0.7196113279  
0.0770415497  0.8019525144  -0.5923991596  
0.1938366707  -0.6026468932  -0.7741085629  
-0.3369116159  0.8801104317  -0.3345088805  
-0.674176641  0.4065120454  -0.616631019  
0.6869341402  -0.7266050482  0.01290701238  
0.6872496199  0.4432601863  -0.5755070523  
0.398591311  0.2888495996  0.8704544076  
-0.1452907185  -0.4753394188  0.8677229074  
-0.7968265373  0.09017353888  -0.5974413799  
-0.8978234616  -0.4315012536  -0.08786182263  
0.8905057283  -0.04737405743  0.4524988912  
-0.09725421029  -0.7602816355  -0.6422721022  
0.4707342744  -0.7848152152  0.4030810352  
0.6988676504  -0.689198368  0.1912841256  
-0.612305199  -0.5955626023  0.5199880095  
0.1835392971  -0.7270568665  -0.6615902352  
0.2011931899  -0.8385291663  -0.5063498174  
0.9079678898  -0.3433978078  -0.2401504875  
-0.139699431  0.349490657  -0.9264665939  
-0.1117545649  -0.8863200997  0.449385801  
-0.9346942701  0.1487979772  -0.322809206  
0.2896590716  0.1653690798  -0.9427357475  
-0.465987991  0.212643383  0.8588585355  
0.5365752069  0.4802000865  0.6938983529  
0.2506182117  0.6899324427  0.6791050997  
0.4702549289  -0.04969035186  -0.8811306207  
0.6762785742  0.176928994  -0.7150828072  
0.324600889  -0.9313454963  0.1650146336  
-0.8125777416  0.5416143551  -0.2153399736  
-0.4003774225  -0.5956052921  -0.6963851345  
-0.1876885763  0.9458672926  -0.2647792725  
-0.5170591898  0.7696891113  0.374470915  
-0.03166596747  0.4769412827  -0.8783645481  
0.001311195107  -0.07701012997  -0.9970294482  
0.04768892694  0.3467242927  -0.9367539864  
-0.3215113983  -0.9052331785  -0.2778188498  
-0.2376867877  -0.7980981136  0.5536645121  
0.9570946525  -0.2675147327  -0.1113808511  
-0.3908701883  0.4523413711  -0.8016282055  
0.2755313912  -0.9435001016  -0.1840923974  
-0.8321068321  -0.4888211462  -0.2620154708  
0.4153564736  0.9092578628  -0.0270025697  
0.3933515962  0.769102454  -0.5037419349  
0.2940269999  -0.5835996378  0.7569409396  
-0.5545580201  -0.5055594069  0.6609652702  
-0.200449673  -0.8982380562  -0.3911372177  
0.8543437797  0.2123267281  -0.4743564763  
0.0228854237  0.08031880414  -0.9965064712  
0.2408884054  0.5830200083  -0.7759255416  
0.7277558374  -0.5528940675  -0.4058073328  
-0.475176367  0.6893216125  -0.5468483655  
0.7055615455  -0.3338453728  -0.6250841324  
-0.9853197863  0.09709085473  0.1404218095  
0.4806081696  0.402393021  -0.7791634257  
0.4754306477  -0.3060025435  0.8248200668  
0.6013916899  -0.1059737803  -0.7918949382  
-0.6851434264  0.7127035006  0.1504400395  
-0.3474775189  0.6349817474  0.6899692416  
-0.9838829903  0.07699511386  -0.1613877747  
-0.6046769249  0.6448885565  0.4674233265  
0.06008390931  -0.216422366  0.9744492205  
-0.1155718175  -0.4891031322  -0.8645352978  
-0.8223394171  -0.4705230595  0.3199467667  
-0.1387218457  0.04577031046  -0.9892731312  
0.526068283  -0.5902092917  -0.6122949891  
-0.2280917851  -0.8064676187  -0.5455127107  
-0.2270339506  -0.3318291243  0.9156118269  
-0.9026872545  -0.1174002324  -0.4139721078  
-0.9829651394  -0.06992959979  0.169968779  
0.3639610332  -0.8248697281  -0.4325763492  
-0.6530535901  -0.4972395894  -0.5712038159  
-0.9405150617  0.3381146324  -0.03331537324  
-0.5325135521  -0.3233249724  -0.7822341587  
-0.1460977042  0.9857936757  0.08286307808  
0.5852225784  -0.4281114636  -0.6886473033  
-0.5432621522  -0.8387162091  -0.0377008577  
0.4421006842  0.1207489598  -0.888800694  
0.2279155967  -0.1940617373  0.9541459652  
-0.503639345  -0.7313404616  -0.4598788312  
0.3498765262  0.1164029804  0.929535778  
0.1814187326  -0.7961471761  0.5772667645  
0.1194921756  0.9474548502  -0.296733764  
0.462466855  -0.3684379242  -0.8064601069  
0.9858830705  0.1647396213  -0.02992371152  
-0.1124309009  0.9603312495  0.2551924447  
-0.707833791  -0.004310460962  0.7063658714  
0.8135059503  0.570280694  0.1139649024  
-0.3192284296  0.3350553426  0.8864711655  
-0.66275232  0.5002673966  0.5572179952  
-0.07707012111  0.9036424541  0.4212962278  
-0.2737576195  -0.9582631549  0.08239230352  
0.6307869602  0.1847762666  0.7536348865  
0.3905714332  0.2889348347  -0.874054127  
0.122001974  0.9834086643  -0.1342494592  
0.380957772  0.7227119789  0.5766789155  
-0.447030141  0.5764185827  -0.6840363079  
-0.5930241307  0.7467301778  -0.3011916699  
0.1083917639  -0.594098009  0.7970563225  
-0.5411160288  -0.2377433524  0.8066421398  
-0.4042251456  0.8716742794  0.277102837  
-0.9331653597  -0.1448409515  0.3289734188  
-0.4237385939  -0.8349642612  0.3511129258  
0.6849667078  0.7077079917  -0.1731184788  
-0.8706240169  0.2895880093  0.3976840531  
0.5530099743  -0.805077228  -0.2145474896  
-0.4993322887  -0.1528422233  -0.8528226781  
-0.295241725  0.03267542092  -0.9548636765  
-0.01616426865  -0.9883814995  -0.1511314919  
-0.7092993804  -0.6887960442  -0.1498479177  
-0.8825550374  0.453284302  0.1250197884  
0.9078421603  0.3499657213  0.230968842  
-0.6124043447  -0.7193774574  -0.3278063336  
-0.02643106693  0.7251290209  -0.6881055891  
0.6675881894  0.7445298387  -0.001152666739  
-0.3222370655  -0.4458895422  0.8350723261  
-0.7495633583  -0.2800212493  0.5997856883  
-0.7882664254  -0.579233409  0.2076648753  
-0.9428731273  0.1836107869  0.27798803  
-0.1718676025  0.980714255  -0.09306490844  
-0.6790322874  -0.652792213  0.3358235836  
0.6562232206  -0.6875486616  -0.3108824903  
0.4718049077  0.8232540296  0.3156785261  
-0.3331291405  0.8029113848  -0.4943260907  
-0.8118570998  0.0591177857  0.5808555216  
0.321249919  0.6863686869  -0.6524542245  
-0.1752352135  0.4521819041  0.8745422491  
0.1198900085  0.3261823086  0.9376734439  
-0.4290507249  0.8961868125  0.1129808507  
0.9851972542  -0.1698897236  0.02288781769  
-0.2536774023  -0.2440668385  -0.935991001  
0.1607855062  0.1215961385  0.9794704692  
0.8871861901  -0.3083067719  0.3432893801  
-0.4073950828  -0.4494394859  -0.7950052798  
0.7288119093  0.5325519491  -0.4303738169  
0.3188705051  -0.173716337  -0.9317425799  
0.6437943942  0.6157126793  0.4543420238  
-0.8136364803  0.4582906241  -0.3577224927  
0.5849892858  0.7896245736  0.1851501238  
0.8902912648  0.309200094  -0.3343303242  
0.4563675102  -0.01511984631  0.8896629058  
-0.1451620546  -0.9886375474  -0.03903559562  
-0.04940050649  0.856362673  -0.5140063835  
-0.5840173326  0.8016196097  -0.1277879356  
0.9383492763  0.1998669863  0.2820528735  
-0.2759788812  -0.9287040869  0.2476779688  
0.2971599477  0.9499168619  0.09671567106  
-0.1768475777  -0.03329003755  0.9836751027  
-0.7739834601  -0.6320269961  0.03861968117  
-0.3191109406  0.749725167  0.5797244015  
0.3543518957  0.8268968045  0.436665099  
-0.1283824043  -0.2058629125  0.9701228889  
0.7615002239  0.492609871  0.421251616  
-0.7859647303  0.6138507253  -0.07380196339  
-0.5835756162  -0.0665305646  0.8093288479  
0.1131462066  0.6315571895  0.7670289775  
-0.8850609024  -0.0455179165  0.4632443399  
0.5649593514  0.7751163341  -0.2828702881  
-0.5599552464  -0.8190149939  0.1251581473  
-0.8313778537  0.4522777038  0.3228865791  
0.303446325  -0.952791319  -0.01044175729  
-0.03737783803  0.6891739292  0.7236312545  
-0.5979625511  0.2704333369  0.7545240869  
0.8368879125  0.234414891  0.4946395462  
0.6527171003  0.3502291033  0.671788629  
0.01405582628  -0.9996137985  0.02397264329  
0.02679980861  -0.4000129434  -0.9161175773  
-0.1571826089  -0.702466678  0.6941427762  
-0.2639894986  -0.5544142826  -0.7892619007  
0.7985999542  -0.595804856  -0.08517444881  
0.04958012003  0.9447466182  0.3240303059  
-0.7774084888  0.5811265267  0.2406823665  
0.7457090151  -0.2495660211  0.6177660284  
-0.8076763762  0.2287348562  0.5434512277  
0.7167210254  -0.6091834152  0.3394208868  
0.264591954  0.4060807858  0.8746939426  
-0.7570123789  -0.3706921311  -0.5380702576  
0.7904322992  -0.3621991506  0.4939924652  
-0.6235747876  -0.3453607551  0.7013418803  
-0.8555036429  -0.3479062924  -0.3835032317  
-0.00621037635  0.2326149919  0.9725490716  
-0.8530387157  0.2078267011  -0.4786784013  
0.9556798479  0.01876237933  0.2938094646  
0.405235918  0.553964668  -0.7272599242  
-0.03869462465  0.5553018469  0.8307482079  
-0.05492476032  0.80936506  0.5847319645  
-0.184195499  0.6931405488  -0.6968702876  
0.03919961609  -0.9317713897  0.3609230769  
0.3127120213  -0.3289158506  0.8910811158  
0.1668470062  -0.291598734  -0.941876985  
0.7332503668  0.6122866803  0.2957176367  
0.4241284706  0.8846881846  -0.193498983  
0.7075182318  -0.5156258539  0.4832679695  
0.3351672603  -0.7012391752  0.6292269279  
0.8951188468  -0.3997142829  0.1974607356  
-0.6199964415  0.2823357942  -0.7320457034  
0.2715914514  0.8735090058  -0.4040050745  
0.9508561275  -0.02055807123  -0.3089498188  
