1  0  0  
-0.5423527687  -0.7423906752  0.3933313611  
0.2459593048  0.5816428486  -0.7753680527  
-0.4284651668  0.08664313797  -0.8993945561  
0.2861848671  -0.08832412057  -0.9540948965  
0.8735134041  0.4406117629  0.2069676478  
0.5718858693  -0.09956285068  0.8142688692  
-0.507174981  -0.6721710674  0.5394067062  
-0.8025999283  -0.1780823933  -0.5693153927  
0.560495319  -0.7984366603  0.2198724559  
-0.001843579403  0.985881973  0.1674315876  
0.9395009756  -0.3021354841  0.1614065242  
0.03404168722  0.9420418813  -0.3337637748  
0.8104752603  -0.1242579428  0.5724419763  
-0.2524443469  0.904738489  -0.3431036553  
-0.4389512345  0.5330935312  0.7232794071  
-0.6913152453  0.6361998346  0.342539052  
-0.8030953967  -0.5871225736  -0.1016113542  
-0.7612235853  0.2511951955  0.5978625485  
-0.8637192459  -0.02206809262  -0.5034898842  
0.4146569595  -0.7495580143  -0.5159674303  
-0.2221789082  -0.1878987275  -0.9567291158  
-0.4159251382  0.8683483618  -0.2701432989  
0.2983398064  0.09525439651  -0.9496946666  
-0.02219218817  -0.7643648112  -0.6444020035  
-0.7278184543  0.5434544518  -0.4182553722  
0.6099450842  -0.6498392798  0.4535150546  
-0.6745529398  -0.1881044998  0.7138592498  
0.7734273711  -0.4917920968  -0.3999382891  
-0.9017247234  0.2859352078  -0.3242430882  
0.8039677366  0.5914056021  -0.06225184656  
-0.8307790946  0.2767878038  -0.4829022755  
0.2989312643  -0.8997736281  -0.3178797217  
0.9261819817  0.08812771402  -0.3666339358  
0.8811919009  0.4563613254  -0.1234308491  
0.9603231097  0.1570380166  -0.2304746979  
-0.1818708954  0.3322964966  -0.9254739412  
-0.6418572155  -0.04734550221  -0.7653611686  
-0.8897452825  -0.4545044044  -0.0421791253  
-0.1187782775  -0.3536223628  0.9278162239  
0.6900815899  0.6924926401  0.2103362609  
-0.4684739948  -0.6212203208  -0.6281858237  
0.6265293772  -0.4006580933  0.6685312497  
-0.3014010528  -0.9443160908  -0.1320019928  
-0.2596340405  0.6135216015  0.7457757099  
0.539663172  -0.2395305533  -0.8070865969  
-0.6261531381  0.5330032149  -0.5690692582  
0.8083180566  -0.5848692453  -0.06745283779  
-0.7594834815  -0.5197979006  0.3911457322  
-0.4040829885  -0.2127881994  -0.88962808  
0.1038335381  0.5132524676  -0.8519333899  
0.7635526944  0.03324440932  0.6448892092  
-0.8992706503  -0.2668617024  0.3465503272  
0.8917455613  0.166994243  0.4205981178  
0.3615719133  0.7240455156  -0.5873873023  
-0.4941003799  0.6641398037  -0.5610553767  
0.77726354  -0.5724319679  0.2611188075  
0.676666955  0.6649741872  -0.3161189053  
0.1150418933  -0.6970817018  -0.7077022423  
0.2786176286  -0.8363201511  -0.4721660957  
0.9382333884  -0.3002505876  -0.1719525912  
0.2010390131  -0.4823398675  0.8526028193  
0.08898067178  0.7778376244  -0.6221342862  
0.8963511109  -0.1331310035  0.4228839343  
0.4317585158  0.175847425  -0.8846820147  
-0.5644822739  -0.7855382508  -0.2535535822  
0.5569110485  0.2042734014  0.8050605328  
0.4715152629  0.4919157139  0.7319100268  
0.5597246091  -0.07412038545  -0.8253572138  
0.5732881151  0.5357073379  -0.6199664387  
-0.5822272534  0.8113494678  -0.05218684311  
-0.8033717827  0.5872630015  -0.09856949771  
-0.324666309  -0.4764745789  -0.8170457536  
0.3756602303  -0.8249106006  0.4223764818  
-0.08872748086  -0.8773428965  0.4715897327  
-0.03990995472  0.4323018742  -0.9008453169  
-0.1312217565  0.1676612195  0.9770724467  
-0.02037784219  0.2735327163  -0.9616468149  
-0.1542855792  -0.9588349249  -0.2383936803  
-0.2303621093  -0.8165383662  0.5293376949  
0.9860484819  -0.1524713827  -0.06678973625  
-0.4932175258  0.3955482566  -0.7747761283  
-0.4532601583  0.8897325601  0.05414056217  
-0.5966842326  -0.6075256379  -0.5242904976  
0.1653631662  0.981921227  -0.09211800684  
-0.4263743967  -0.8527380364  0.3017328538  
0.3433351063  -0.3728941217  0.8620156488  
-0.6470302066  -0.3614073682  0.6713692173  
-0.006789620013  -0.9433097812  -0.331844177  
0.7593734041  0.277470046  -0.5885256212  
-0.9853810701  -0.1544832466  0.07182668872  
0.8581064805  0.422626649  -0.2916161581  
0.8003673874  -0.5512153794  -0.235740643  
-0.3595979872  0.7485138865  -0.5571501139  
0.8233792025  -0.3373239593  -0.4563542872  
0.02001746812  0.8713933003  0.4901765163  
0.5511847264  0.2693812834  -0.7897019194  
0.4709041046  -0.2449384584  0.8474989533  
0.5900724179  -0.483970969  -0.6462094419  
-0.5257657279  0.6223292938  0.5798936535  
0.3805917684  -0.6600944586  -0.6476304591  
0.9531291094  0.1575343879  0.2583172806  
0.8132334956  0.3645361533  -0.4536129127  
-0.00752207431  0.1053934676  -0.9944021497  
0.1634020966  0.4625015661  0.8714310393  
0.05496294727  -0.5779856886  0.8141938456  
0.1495161264  0.03231312337  0.988231142  
0.5621789178  -0.7037554131  -0.4343767752  
-0.1659572526  -0.8156935977  -0.5541679755  
-0.2782965194  -0.2640669545  0.9234823717  
0.8125532287  0.4481085577  0.3727679855  
-0.9838724692  -0.00522764919  0.1787949555  
-0.5823375227  0.7635645124  0.2790201516  
-0.592058809  -0.3465991364  -0.7275544003  
-0.9836109875  0.1520572197  -0.09689183224  
-0.4488831634  -0.3530102527  -0.8209066129  
-0.3044692915  0.9524480514  -0.01188107311  
-0.7178910887  0.4166705789  0.5576898901  
0.01404593325  -0.05058676197  -0.9986208947  
-0.4316257656  -0.00176801818  0.9020510366  
0.1538607631  -0.1686855837  0.9735872018  
-0.3207067531  -0.7321466343  -0.6009230271  
0.34166599  0.07432312699  0.9368780199  
-0.3568102616  0.513271148  -0.7805377414  
0.05861866031  -0.8221750603  0.5662084624  
0.642912997  -0.3277204814  -0.6922876312  
-0.6582658866  0.5654919004  0.4968952939  
-0.3077288465  0.9387122619  0.155313381  
0.7795275262  0.0999028435  -0.6183496242  
0.9508336996  0.309419977  -0.01321187424  
-0.5020432556  0.3945330283  0.7696078606  
0.3592833279  -0.6404015444  0.678823506  
-0.1382545514  0.9017659379  0.4095166324  
-0.0003665842567  -0.9999999166  0.000180057765  
-0.8188600886  -0.3179550933  -0.4778835777  
-0.252280981  -0.4263484144  0.8686664125  
0.01416411594  0.9860806176  -0.1656634946  
0.171451364  0.7093660652  0.6836696683  
0.4999161334  -0.5360174301  0.6802713975  
-0.693230597  0.7056586524  -0.1465510344  
-0.08864124386  -0.6532143245  0.7519666058  
0.4092626625  0.3388974122  -0.8471437995  
-0.4392273419  0.8180824764  0.3712417054  
-0.9338257914  -0.3103086419  0.1779829711  
0.2545851804  0.8894855299  -0.3794757938  
-0.5931944119  -0.8022419851  0.06729180506  
-0.9055561305  0.2480550602  0.3441464537  
0.4520399335  -0.8654341347  -0.2160640112  
0.6903584999  0.1933053809  0.697164379  
-0.2736224083  0.06546757197  -0.9596065729  
0.1566031982  -0.984245037  -0.08208011559  
-0.4186799806  -0.6025466202  0.6794443645  
-0.9514058953  0.3079054346  0.004589736978  
-0.9412316819  -0.3014039053  -0.1524421425  
-0.4388648175  -0.8770530215  -0.1953859499  
-0.3159088803  -0.9481567612  0.03464585803  
0.4571939547  0.8888089805  0.03150054012  
0.3783511129  0.4911735717  -0.7846011457  
-0.8532722815  -0.1855597722  0.4873335456  
0.7073030603  0.7062404823  0.03076949862  
-0.8674391693  0.4042573321  0.2900436123  
-0.0009745914452  0.4738447305  0.8806078705  
-0.7006901371  -0.6979486767  0.1479897848  
0.5886273138  -0.8000821723  -0.1156996242  
-0.3088022459  -0.8304875018  -0.46360725  
-0.2202106535  0.8363513327  -0.5020196375  
-0.7794297385  0.07935442949  0.6214436075  
0.3905184217  0.8035346982  -0.4492519907  
-0.3815871362  0.3327449935  0.8623642077  
-0.1772868309  -0.5897282232  -0.7879022797  
0.4417940965  -0.8903897524  0.1096542988  
0.9844999119  0.003705327025  0.1753459268  
0.681981147  0.01182432658  -0.7312741622  
0.0519173891  0.1918077193  0.9800583572  
0.8255599824  -0.4212169312  0.3755356339  
0.2841674404  0.3331075943  0.899048495  
-0.7895851286  -0.5689775541  0.2298257331  
-0.4150152665  0.1702332014  0.8937466004  
0.6052747969  0.4825317084  0.6330920711  
-0.8702388783  0.4433377638  -0.2147927418  
-0.5876341819  -0.7094881193  -0.3889893016  
-0.9632121448  0.1461424304  0.2255321578  
0.5003559652  0.05996286782  0.8637409117  
0.1526829082  0.9856573329  0.07188568383  
0.2083199649  -0.7405098503  0.6389428408  
-0.70561021  0.7084154701  0.0161787913  
-0.9383795016  -0.01274037454  -0.3453716749  
-0.167406825  -0.9516333218  0.2576217689  
0.3030689971  0.9038299445  0.3020606138  
-0.1600990795  -0.01705017759  0.9869536849  
0.5878514611  0.8031473419  0.09687624501  
-0.2497391334  0.7474363465  0.6156048028  
0.162363847  0.9015854573  0.4009758652  
-0.1391229021  -0.1866026304  0.9725349744  
0.4603303594  0.7315138177  0.5029746462  
-0.5169765725  0.7633307596  -0.3873775611  
-0.5644819811  -0.09703783855  0.8197217522  
0.02149482204  0.6275715881  0.7782620859  
-0.8637737225  -0.008016108689  0.5038161354  
0.5736257445  0.7846619444  -0.2350726234  
-0.4589393754  -0.8781883871  0.1347583257  
-0.8865085942  0.4473333149  0.1183022307  
0.2868350815  -0.9409967761  0.179584808  
0.06357506929  -0.3213191147  -0.9448345025  
-0.6711240248  0.1617469163  0.7234849538  
-0.8960944949  -0.3070434434  -0.3205292187  
0.7163804128  0.3359832092  0.6114853942  
-0.1481895977  0.9851125044  -0.08713895071  
0.3159514142  -0.4763910296  -0.8205036811  
-0.2316615616  -0.7030080027  0.6723932398  
0.3289098545  0.6127338246  0.7185927691  
0.8898542309  -0.4535385869  0.0496205393  
0.1527188925  -0.9563900668  -0.2489879112  
0.7057549157  -0.6849226926  -0.1810825895  
0.9547593329  -0.141722373  0.2614371534  
0.8572274241  -0.1649993317  -0.4877872117  
0.660975521  -0.6859658069  0.3042404844  
-0.109355384  -0.3319126491  -0.9369500485  
-0.719407231  -0.4718543607  -0.5097123682  
-0.7317824749  0.2669590463  -0.6270783659  
-0.7040063839  -0.4554681497  0.5449071261  
0.7015677064  0.5959254336  0.3907372915  
-0.1851299766  0.4129664232  0.8917318123  
-0.6096290574  0.2551967162  -0.7504845425  
-0.984190848  -0.1518104682  -0.09122475785  
-0.5188148103  -0.4343625121  0.736315422  
0.129104213  -0.5551837849  -0.8216465585  
-0.1168334183  0.8190320371  0.5617263343  
-0.2084250058  0.6200554486  -0.7563664837  
0.09201967243  -0.9018389897  0.422159705  
0.3168132055  -0.2229804761  0.921905147  
0.2532312992  -0.263468047  -0.9308375247  
0.4414062829  0.8207894014  0.3625813729  
0.3145156878  0.9271604451  -0.2036010587  
0.7405114036  -0.4111126769  0.5316288442  
-0.05825478699  0.7110845425  -0.700689056  
-0.7816156059  -0.567684359  -0.2584792316  
-0.7007976124  0.1128395124  -0.7043791244  
0.6416483068  0.6048638127  -0.471621902  
0.9298242627  -0.07016077067  -0.3612537983  
0.1243661723  -0.9589131319  0.2549875696  
