1  0  0  
-0.655576577  -0.6311537852  0.414565135  
-0.5921255459  0.02096864165  0.8055728731  
0.4208214631  -0.1995159434  0.8849308925  
-0.3199584302  0.06632535157  0.9451071636  
-0.9844366793  -0.1125134284  -0.1350005664  
-0.4444556921  0.03466911676  -0.8951297057  
-0.7367072942  -0.4878492159  0.4682579473  
-0.7054873738  -0.09070812795  -0.7028937338  
0.8977145419  -0.440218756  -0.01777773961  
0.1743558244  0.9402764556  0.2923700285  
-0.8935030924  0.3769233227  -0.2440922626  
-0.07050490992  -0.9910143198  0.1136647512  
0.799103029  -0.01314518254  0.6010503749  
-0.3634218962  0.9315623188  0.01077829191  
0.4378374705  -0.4557261683  -0.7749916186  
-0.5074800355  0.8110635737  0.2909293608  
0.9607321308  0.190958164  -0.2013175411  
-0.7060642122  0.2488073117  0.6629994343  
-0.8671330365  0.1202060916  -0.483353693  
0.4308431904  -0.7869209575  -0.4417347076  
0.9399772944  0.3327260351  -0.07573685733  
0.421138188  -0.8951770217  0.145947684  
0.309670153  0.09702994151  -0.9458803237  
0.2394165533  -0.6843773974  -0.688699711  
-0.4428024966  0.710110012  -0.5474209713  
0.4858367721  -0.5840945535  0.6502277936  
-0.7603741142  -0.2120963886  0.6138781055  
0.8650523439  -0.3375898021  -0.3711031768  
0.9018354189  -0.2464057028  0.3549325385  
0.8568462964  0.4815084626  -0.1842933119  
0.5839025185  0.03394480489  0.8111138016  
0.1921396933  -0.927532088  -0.3205722445  
0.8874827777  -0.02024009218  -0.4603961968  
-0.9109613193  -0.3406169324  0.2326576456  
-0.937650567  -0.08664110501  0.3366076843  
0.2129058421  -0.5984891292  0.7723223838  
-0.5880259067  -0.1975782623  -0.784339444  
-0.9082037595  -0.4144725055  -0.05812463725  
-0.143507648  -0.6520786983  0.7444453816  
-0.8298585684  -0.5387245373  -0.1452949739  
-0.5474220986  -0.7111900972  -0.4410642715  
0.6554079983  -0.2735548009  0.7039944081  
-0.9851575416  -0.03363874435  0.1683242501  
0.1639388749  -0.4616246363  -0.8717951253  
-0.3271005748  0.8984206505  -0.2929941102  
-0.5229808833  0.4345557044  -0.7332477995  
0.5747149242  -0.7003870379  -0.423273851  
0.8965347897  0.2475463654  -0.3673501978  
-0.3054145651  -0.2163470303  -0.9273165079  
0.3108655987  0.6315120241  -0.7103204509  
0.6894638665  -0.0820202119  0.7196612131  
-0.9854988582  -0.1654634741  0.03760105258  
0.88791127  0.0426002186  0.4580379875  
0.05598589339  -0.7291326129  -0.6820785971  
0.3853612049  -0.815509872  0.4317874366  
-0.5466396734  0.7288227885  -0.4123134856  
0.7660972151  0.5657877947  -0.3049249554  
-0.1275770854  0.6115374288  0.7808623826  
0.3419873115  -0.7430344897  -0.5752776946  
-0.9551598951  0.2854232323  0.07876009981  
-0.1308396859  0.3517625998  -0.9269002373  
0.0202547122  0.7517713426  -0.6591127332  
0.9391517831  -0.08169163645  0.3336471263  
0.4333619823  0.2101691633  -0.8763711058  
-0.7276160293  -0.6498728931  -0.2196363737  
0.540946062  0.5163426138  0.6639033538  
-0.4751819637  -0.6612077567  -0.5805225266  
0.5954686473  -0.1914467263  -0.7802340938  
-0.6979872065  -0.3881695897  0.6017792197  
-0.5685699402  0.8093458706  -0.1472667134  
-0.6886325933  0.6211520501  -0.3741059771  
0.3907270212  0.5942021415  0.7030335767  
0.4833868513  -0.8250352917  0.2926669087  
-0.638855041  0.7211119109  0.2680706037  
0.08849238246  0.5362558957  -0.839403784  
0.007621964147  -0.06946275745  -0.9975554275  
0.02533527214  0.4089216996  -0.9122177194  
0.3541538264  0.9027448549  0.2441859827  
0.2866709303  0.8907596085  -0.3526571955  
0.9835393625  -0.1263677972  -0.1291568899  
-0.3951030636  0.3740616487  -0.8390300663  
0.2029685638  -0.9789713932  -0.02046395525  
-0.746253504  -0.4762784164  -0.4650425549  
0.4375295154  0.8944891147  -0.09196274685  
0.5200060547  0.6878242397  -0.5064499169  
0.2495744438  -0.4511454461  0.8568432665  
-0.4204337915  -0.4999805618  0.7571359619  
0.09468631137  -0.885559969  -0.4547725187  
0.6429517881  0.2758756885  -0.7144967479  
-0.3985633583  0.6091787551  0.6856008268  
0.1959043758  0.7515107215  -0.6299627854  
0.796910975  -0.2969481585  -0.5260747941  
-0.3297045448  0.6658082157  -0.6693237879  
0.7605691494  -0.4507969982  -0.4672436574  
-0.7448179755  0.6437815676  -0.1754750024  
0.3573737631  0.3845953873  -0.8510995133  
0.5313123056  -0.2887082904  0.7964639082  
-0.8509884113  -0.3630205034  -0.3795192195  
0.6319260891  -0.5609053408  -0.5348407394  
-0.4947331559  0.6621177046  0.562884757  
0.9841772496  -0.04636258805  0.1710136012  
0.7196356731  -0.6874518703  -0.09764437492  
-0.01589496867  -0.260909098  0.965232507  
-0.2149491271  -0.6322186053  -0.7443765901  
-0.2443871258  -0.9596481368  -0.1391056659  
0.1483681905  -0.01228259254  0.9888559137  
0.4444323428  -0.8824249996  -0.1542919721  
-0.01547086612  -0.8269164054  -0.5621120091  
-0.1808723394  -0.3806211345  0.906869753  
-0.8065314866  -0.1527677967  -0.5711120393  
0.9509759466  -0.07610806746  -0.2997537506  
-0.5952499859  0.7939892305  0.1235255282  
-0.4414670044  -0.442182451  -0.7807570454  
-0.956434613  0.2078094275  -0.2050562676  
0.4516086601  0.2891597244  0.8440594007  
0.03846456279  -0.9988182127  -0.02970951781  
-0.679782596  0.4095425423  0.6084164103  
-0.1511304207  -0.1548793567  -0.9763052703  
0.4581882938  0.03896642661  -0.8880006222  
0.139983391  -0.1841989401  0.972869673  
-0.207179707  -0.8209060622  -0.53215581  
0.3037477289  0.05616416731  0.9510956332  
0.05082718323  -0.9063012248  0.4195648786  
-0.2433759929  -0.8320618835  0.4984387105  
0.5799060572  -0.3566680168  -0.7324594805  
0.2754705153  -0.7808843969  0.5606563599  
-0.116469882  0.9770294805  0.1784605302  
0.6920315872  0.09423790914  -0.7156895268  
-0.9342434491  -0.2395361574  -0.2642188623  
-0.4614543412  0.2942962453  0.8369286774  
-0.07195787862  -0.8431999101  0.5327625881  
-0.2687838697  0.8487378688  0.4554110906  
-0.3926792857  -0.917092421  -0.06888011281  
0.7016827546  0.256958483  0.6645401793  
-0.2525943443  -0.5157861152  0.8186334837  
0.2657513773  0.9629012114  -0.04687710141  
-0.3033212551  -0.7179007087  -0.6265898089  
-0.3738837651  0.5273283606  -0.7629781978  
0.6358658202  -0.7254484444  0.2634373041  
0.03484335919  -0.6408940753  0.7668381346  
-0.2851376732  -0.2600744355  0.9225279374  
-0.3561024321  0.8812046695  0.3109170119  
-0.8587770108  -0.1457384982  0.491184625  
-0.3196196508  -0.9276402954  0.1932013488  
0.6667025131  0.7424813498  -0.06503233228  
-0.8194894856  0.4821168522  0.3098391903  
0.284370791  -0.943754467  -0.1687031691  
-0.5787537151  -0.3572296609  -0.7330969286  
-0.2910362936  0.1088900654  -0.9504950444  
-0.05825403101  -0.9819268997  -0.1800722951  
-0.9379177444  0.2367373646  0.2535068539  
0.9403883816  -0.3277948801  0.09066536498  
0.8918805199  0.3940197645  0.2220305462  
0.7572611006  0.6517696746  0.04185590487  
-0.4726046563  -0.6032865891  0.6424096281  
-0.6443822603  -0.75576201  -0.1165988288  
-0.3629368585  -0.7270396606  0.5828294507  
-0.5083269176  -0.3347271981  0.7934490833  
-0.7671411505  -0.626357512  0.1384583776  
0.8994895212  -0.3908619317  -0.1953088623  
0.006397874707  -0.3803427473  -0.924823476  
-0.6696964323  -0.6998633989  0.2483906428  
0.7527971072  -0.6133910546  -0.2388470841  
-0.285336181  -0.8729624838  -0.3956257899  
-0.2203463012  0.8747635354  -0.4315509989  
-0.8883717578  0.1824416041  0.4213201645  
0.4417595402  0.8531440654  -0.2774774085  
-0.3148620186  0.3859707344  0.8671150451  
0.1454364986  0.4802759771  0.864975844  
0.5179852034  -0.8553886392  0.001266871567  
0.9587410459  0.2672605318  0.09688867315  
-0.5434585416  0.5145172282  0.6632682982  
0.1502104759  0.3189311739  0.9357989737  
-0.8238638907  0.4081322783  -0.3932891214  
-0.3006199512  -0.3692404267  -0.87936861  
-0.8350759609  -0.4189950149  0.3564986914  
0.3214102397  -0.2280508537  -0.9190692389  
0.6834826175  0.6224963988  0.3812476164  
0.7225351202  -0.4980648999  0.4794521411  
0.6007981195  0.747295734  0.2838850217  
0.6153153281  0.5502527691  -0.5644545483  
0.4529793503  0.1295899141  0.8820522447  
0.1292168607  0.9910835691  0.0325017225  
0.1572501914  -0.7218427168  0.6739550946  
-0.797690853  0.6026237793  -0.0231059219  
-0.9500665205  -0.08031134841  -0.30153556  
0.1208958639  0.9128866413  -0.3899002055  
0.4552434956  0.8199386869  0.3470647048  
-0.1631381698  -0.01577155599  0.9864771642  
0.5464541194  0.837398983  0.01228164031  
0.2876943878  -0.542858026  -0.7890102045  
0.09685664548  0.8959493269  0.4334669466  
0.1542060262  0.1857788769  -0.970415741  
-0.6214754349  -0.5762814544  -0.5307240046  
0.7961428414  -0.531613664  0.2890389044  
-0.5696547714  -0.1543464673  0.807261178  
0.1246357505  0.745387751  0.6548763474  
0.7982763425  0.03338711624  -0.6013652646  
0.5532098593  0.7548888776  -0.3522806184  
-0.5621283516  -0.8087915699  0.172823357  
-0.8347438542  0.5356363371  0.127657402  
-0.2647875836  0.9542518534  -0.1388918133  
0.8491886469  0.5270975143  -0.0323550988  
-0.4660485794  0.1295872246  0.8752176146  
0.882768008  0.2043750579  0.423026571  
0.6737260743  0.4215347802  0.6069609592  
-0.1007233394  0.9865122792  -0.129028415  
-0.1664494835  0.3084804361  0.9365545312  
-0.4075312268  -0.8007636081  0.4389714604  
0.3853390637  0.7789423664  0.4947348743  
0.8570663764  -0.4970373355  0.1356138399  
-0.01578076334  0.9467523104  0.3215758545  
-0.7021887875  0.5938941442  0.3927093738  
0.8228643207  -0.2813303232  0.4937079693  
0.7097533772  -0.08110784475  -0.6997654329  
0.5946165144  -0.6124283475  0.5209248698  
0.292431348  0.5112161379  0.808171991  
0.7877815797  0.3165949039  0.5283633688  
-0.7243924522  0.3622192079  -0.5865601594  
0.5682259858  0.449178703  -0.6894619074  
0.006077144028  0.09425182338  -0.9955298399  
-0.00741521139  0.2282525792  0.9735737131  
-0.7662121776  0.1827155992  -0.6160632344  
-0.9855938142  0.1643022256  -0.04011997202  
0.6719351107  -0.7390155187  0.04857231873  
0.009432872847  -0.5219857804  -0.852902026  
-0.1684265829  0.7967541039  0.5803579793  
-0.1032291102  0.8251025228  -0.5554723915  
0.001936164749  0.9628786371  -0.2699277338  
0.2779699919  -0.2798913714  0.9189088659  
0.1675199226  -0.1489605013  -0.9745500729  
0.7989157829  0.515143712  0.3104199217  
-0.1699725169  -0.9578428682  0.231616889  
-0.6224662711  0.4764340465  -0.6209237801  
-0.50403769  -0.8448129347  -0.1795469643  
-0.09168886485  0.5123423869  -0.8538726079  
-0.5681074683  0.1321625699  -0.8122727126  
0.8080445334  0.3209581656  -0.4940140565  
-0.8100733737  0.1348813252  0.5706033275  
0.1648411746  -0.9441529781  0.2853113055  
0.05714631537  0.6369197167  0.7688091916  
