1  0  0  
0.6410363165  0.7413390588  -0.1987179935  
-0.6421877191  -0.145867303  0.7525408051  
-0.3399731842  0.07003849955  -0.9378234603  
0.4571646383  -0.04037467542  -0.8884651817  
-0.9420119553  -0.2471082922  -0.2270483826  
-0.4846104774  0.1133224557  -0.8673584647  
-0.5651428433  -0.6854026075  0.4591697206  
-0.7541453347  -0.4736516967  -0.4548833745  
-0.300704131  0.9222053017  -0.2431345453  
0.0762035409  0.9755107594  0.2063292966  
0.9542945121  -0.2904911082  -0.07026307809  
0.1128561672  0.9830251834  -0.1446546726  
-0.6968381959  0.02318135342  -0.7168536487  
0.1534044141  -0.7533459947  0.6394817417  
-0.4592401592  0.7181202879  0.5228783112  
-0.8922876485  0.403872483  0.2017666223  
-0.9510202608  -0.2093157473  0.2274805079  
-0.7695727026  0.4103663109  0.4892416032  
-0.8398331466  -0.1577380051  -0.5194218012  
0.5628080705  -0.5940257331  -0.5747873557  
-0.8922025763  0.04753989872  0.4491263975  
-0.7043538553  0.7095024976  -0.02217774633  
0.2407084119  0.2403697774  -0.9403626059  
0.2707606878  -0.6114292822  -0.7435340495  
0.7552621895  -0.1596223503  0.635688391  
-0.3011741107  0.77030946  -0.5620653795  
-0.5143806286  -0.1306701487  0.8475481586  
0.6511504954  -0.454945666  -0.6074763151  
0.9519765694  -0.2179468843  0.215034339  
-0.9859377413  -0.1200266969  -0.1162770925  
0.6206026599  -0.1521619646  0.7692197833  
0.1965048958  -0.8255229428  -0.5290535859  
-0.8174231534  -0.009949101139  0.5759517373  
-0.8869580025  -0.2554163652  0.3847960268  
-0.9843260657  -0.168067753  0.05343619272  
-0.2942750373  0.5277558267  -0.7967910578  
-0.5125218923  -0.2000285221  -0.8350508369  
0.9394001431  0.325483994  -0.1076454403  
0.3017107646  0.4054031628  -0.8629130258  
0.8225014241  0.5683900584  -0.02059487375  
0.4054833335  0.7456833133  0.5287151053  
-0.448808837  0.6632869393  -0.5988497842  
-0.2570901787  -0.7733696022  -0.579486064  
0.3159474092  -0.728639387  -0.6076692178  
-0.7072975152  0.534074772  -0.4631353614  
0.5838398041  -0.6482465829  0.4887815984  
0.3297378072  -0.9358573496  -0.1242738898  
0.8050501801  0.4018667921  -0.4363453779  
-0.4646798236  -0.3658710229  -0.8063566557  
-0.3068302957  -0.5531978652  0.7744851784  
0.5700323749  0.02062834797  0.8213632344  
-0.9013463374  -0.4325979258  -0.02082821934  
0.9024000402  0.02844057262  0.4299596508  
0.4768141415  -0.8002699012  -0.3636156759  
-0.5827163012  0.5403204077  -0.607038359  
0.669646353  -0.7179106076  0.1902054719  
-0.6761725999  -0.6552327474  0.3368392227  
0.04927275964  -0.8086541033  -0.5862173115  
-0.1635560334  0.7192207441  0.675256207  
-0.8667195802  0.3482452659  0.3571027921  
-0.08602273324  0.1556245308  -0.9840635624  
-0.001095591666  0.7137889094  -0.7003600449  
0.8651064029  -0.1437397821  0.4805515443  
0.7128861527  -0.006364592293  -0.7012509004  
0.8162882092  -0.5498822254  -0.1769268143  
-0.6228924806  -0.5601808133  -0.546079128  
0.3362676196  0.6554437089  0.6762526395  
0.8637857956  0.1340238853  -0.4857074196  
0.5788552036  0.5718329296  -0.581320698  
0.4247921622  -0.8455919032  0.3233047358  
-0.8044919897  0.5140061268  -0.2976412943  
-0.4056688371  -0.5186274097  -0.7526343099  
-0.2924991962  0.8604719414  -0.4171717371  
0.57851276  -0.8135545301  0.05875383372  
-0.2690922527  0.3736303494  -0.8876878514  
0.2220269181  -0.2075226653  -0.9527005779  
0.1557828649  0.5191012112  -0.8403961158  
0.2211185772  0.9633427368  0.1519122979  
0.1457560671  -0.4904010593  0.8592217234  
0.9844825874  0.05043374149  -0.1680787695  
-0.526911388  0.2795713784  -0.8026233448  
0.3131472239  -0.9480613455  0.0558435434  
0.8945773644  0.4060622496  0.1866675885  
0.3855461341  0.9181276348  -0.09162873296  
-0.2905002292  -0.7937982221  0.5343163852  
0.4165720614  -0.4068787034  0.8129682887  
0.574309331  0.4414529216  -0.6894114231  
-0.03195696198  0.8936604697  0.4476044207  
0.6733051429  0.2995824343  -0.6759515882  
0.4414705349  -0.7647177277  0.4693725213  
0.3026932212  0.6828074831  -0.6649441743  
0.7999010272  -0.4962239016  -0.3375206457  
-0.5705687478  0.7385587061  -0.3591411166  
-0.5364381101  0.1884293677  0.822635112  
0.8885739834  -0.2637105458  0.3753571953  
0.5444777674  0.2924089625  -0.7861558112  
-0.4419373886  0.5438529485  -0.7133830072  
-0.863674463  -0.3680015585  -0.3444434278  
-0.8900857173  0.3764448067  -0.2569761145  
-0.340956202  0.8234592125  0.4535017019  
-0.9843523623  0.1691395027  -0.04941918161  
0.1525384416  -0.6323280838  0.7595348697  
0.0765337584  0.117160012  -0.9901596414  
0.1460542666  0.4396253037  0.8862266886  
-0.1544350627  -0.6514955013  0.7427674085  
-0.2798162202  -0.111498979  -0.9535569519  
0.5922168813  -0.6854523294  -0.4235968244  
-0.1768178311  -0.6734090751  -0.7178131179  
-0.4014139712  -0.2719337032  0.8745964125  
0.9024080226  0.2049252314  0.3790322023  
0.75732334  0.1536223663  -0.6347137365  
0.338788927  -0.8935763042  -0.2945224127  
-0.4847190738  -0.6183643217  -0.6186056783  
-0.9388294071  0.3318874289  -0.09192431115  
0.5509061602  0.4745164359  0.6865395508  
-0.187129974  0.9818526605  0.03078515594  
-0.7857309273  0.1416747537  0.6021255467  
-0.1186412342  -0.1532570621  -0.9810384959  
0.3746820828  0.1105685852  -0.9205367591  
0.2387709592  -0.2041954689  0.9493643344  
-0.2862052868  -0.8545734188  -0.4333483652  
0.3690400038  0.2427992312  0.8971387902  
0.3034195721  -0.6589932023  0.6882328985  
0.1284843596  0.9395329998  -0.317442139  
0.4585696629  -0.3454262172  -0.8187762776  
0.1493522327  0.7680418458  -0.6227404224  
-0.1933505965  0.9571316605  0.2156722774  
-0.4227305306  0.6120864299  0.6683181134  
0.8214343525  0.5518333905  0.1439635847  
-0.3075957175  0.06218993252  0.9494826417  
0.4658390203  0.8584924767  0.2144403752  
0.1239301023  0.86692658  0.482783217  
-0.243838636  -0.9693157105  0.03114117822  
0.7553588309  0.1071695457  0.6464887664  
-0.004132665115  -0.4386673884  0.8986399966  
-0.03989351178  0.9971291405  -0.06435825347  
0.1025753087  0.7800903663  0.6172012041  
0.5628300429  -0.4177307502  0.7132484583  
-0.5441630189  0.8099020037  -0.218964274  
0.0008469013833  0.5854733739  -0.8106911935  
-0.04304842004  -0.2702619222  0.9618239584  
-0.4730998299  0.8578062658  0.2008605518  
0.936251843  0.08517705329  -0.3408479956  
-0.420926992  -0.7973200664  0.432551938  
0.6159886333  0.7875153959  -0.01942948546  
-0.690227538  0.5551492392  0.4641069575  
0.5983869711  -0.7945994507  -0.1026876125  
-0.6418882599  -0.1546552998  -0.7510400789  
0.1874464185  -0.02289751006  0.9820079145  
0.05696027302  -0.991338058  -0.1183401116  
0.1059738183  -0.5964791161  -0.7956017936  
-0.9858759273  0.1211136618  0.1156725421  
0.6848795196  0.4161919605  0.5981005732  
-0.7245778452  -0.6832702803  -0.09015913882  
0.6685088437  -0.170022937  -0.7240083748  
-0.6027115501  -0.7832890264  -0.1523059045  
-0.4421495751  -0.4307824331  0.7867212013  
-0.7911992147  -0.282845216  0.5422198691  
0.7693172813  0.6062982301  -0.2013786902  
0.5983754727  -0.3296386996  -0.7302637341  
-0.8664801711  -0.4756453837  0.1515703863  
0.8878571785  0.3703908529  -0.2729839679  
-0.6036655033  0.7524637872  0.2634126213  
-0.438994636  -0.8160238046  -0.3760171005  
-0.1503745277  0.85335471  -0.4991725558  
0.9428910337  -0.243278029  -0.22753527  
-0.2775136791  -0.8821805599  0.3804518599  
-0.5178241694  0.47853341  0.7091289764  
-0.04541122179  -0.320791985  -0.9460604227  
-0.4588291226  0.887913164  0.03295526567  
0.984591668  -0.04965802496  0.167670295  
-0.3697435333  0.4863916353  0.7916520048  
0.02559070386  0.01790092301  0.9995122174  
-0.7993056114  -0.5193130933  -0.3023647643  
-0.3122781156  -0.403564108  -0.8600106913  
-0.796372993  -0.5112377618  0.3231501306  
0.3888576454  -0.2046205085  -0.8982873589  
-0.5464830378  -0.6951035149  -0.4671053339  
0.809109612  -0.4064434055  0.4244353825  
0.5812630711  0.7509705539  0.3133312455  
0.4398057734  0.694679391  -0.5692024468  
0.4305330351  0.06560550354  0.9001873269  
-0.09458361993  -0.994994729  -0.03224016302  
0.1407767563  0.8663329694  -0.4792171647  
-0.4327471556  0.8906344005  -0.1396433456  
-0.9575804996  -0.0758058426  -0.2780162962  
-0.2624065647  -0.9417441612  0.2103823415  
0.3153229662  0.9076305928  0.2770886754  
-0.2269757823  -0.08303904176  0.9703538075  
-0.7252039914  -0.6848391676  0.07123542282  
-0.1943224053  0.9037176615  0.3814881272  
-0.1500308146  -0.9289001304  -0.338578355  
-0.1543663676  -0.3725186674  0.9150960971  
0.6793373018  0.6163901695  0.398200941  
-0.8685971732  0.4795909985  -0.1246251372  
-0.958321812  0.06895454624  0.2772446126  
-0.07341755331  -0.5760670687  -0.8140986398  
-0.59263319  0.02285133117  0.8051482589  
0.5387821873  0.7793501043  -0.3198861821  
-0.4938273419  -0.8688062118  -0.03619837871  
-0.7184174595  0.6806656195  0.1434247827  
0.02352568173  -0.9696468952  0.2433751032  
0.00218292073  -0.8230185445  0.5680103083  
-0.7221871591  0.3028378359  0.6218801753  
0.8086174031  0.3209372548  0.4930894178  
0.6040382477  0.3194615593  0.7301247205  
0.1724525243  -0.9726192356  0.1557945743  
-0.3014527547  0.3493989788  0.8871564633  
-0.4478654742  -0.572340843  0.6869079098  
0.248116274  0.5480326733  0.7988106807  
0.8938055226  -0.4465939256  -0.04081119097  
0.0465123342  -0.9519437618  -0.3027204603  
0.8095962458  -0.5868716359  -0.01164481933  
0.6983237872  -0.4187306168  0.5805243826  
0.8294007703  -0.2512058553  -0.4989889582  
0.7781786904  -0.6078008107  0.1581647884  
0.2118586558  0.2833592165  0.9353199797  
-0.7297518608  -0.2648972936  -0.6303107532  
-0.6690201902  0.2918608169  -0.6835416949  
-0.6975735147  -0.4308231723  0.5725230002  
0.1377788011  -0.05693786984  -0.9888251013  
-0.129547231  0.3424638148  0.9305568497  
-0.8203512948  0.01959101047  -0.57152423  
-0.9394541052  0.09774402382  -0.3284388679  
-0.7121019873  0.6316017684  0.3065778299  
0.2071876862  -0.4805450233  -0.8521442033  
-0.0003704569605  0.6956491981  0.7183815532  
-0.1170081733  0.3260597977  -0.938080005  
0.01018769551  -0.9104699519  0.4134497279  
0.3854996853  -0.2470188418  0.889028506  
-0.3610770452  -0.9278076997  -0.09378827144  
0.7101106274  0.6595314657  0.2464977537  
-0.5180957687  -0.8423026909  0.1486706135  
0.6978332541  -0.6343369232  0.3326340593  
0.9567806706  0.2834231173  0.06513129033  
0.4044738061  0.8738246558  -0.2698729538  
-0.7930796453  0.287158516  -0.5371821506  
0.6964794542  0.5504445939  -0.4603554267  
0.9067631219  -0.1870245707  -0.3778921152  
0.158762454  -0.9287925037  0.3348715698  
-0.03097182669  0.4664886464  0.8839847786  
-0.04745943148  0.1913765444  0.9803686147  
