1  0  0  
-0.717419873  -0.6026662142  0.3494311951  
-0.517949388  0.8199918929  -0.2436015743  
-0.3085783972  0.3022940887  -0.9018856118  
-0.2848735788  0.08748762263  0.9545642775  
0.9426512396  0.2928806427  0.1600923783  
-0.4232160094  0.1697428291  -0.8899862816  
0.7914893541  0.4611963528  -0.4010517754  
-0.7419024459  -0.2581426369  -0.6188239974  
0.3648484313  -0.895090728  0.2563166223  
-0.2034069355  -0.9397060226  -0.2749149133  
0.9038687642  -0.3184081565  0.2857227729  
-0.3765854258  -0.8781107193  0.295135531  
0.7840301647  -0.03073203386  0.619961485  
0.1037027498  -0.9007186157  0.421843235  
-0.2335332315  0.6339473025  0.7372740653  
-0.6744736127  0.7006003107  0.2329045953  
0.9059949324  0.4042788978  -0.1254262946  
0.7177748186  -0.3341803276  -0.6108378005  
-0.8237785737  -0.122871114  -0.5534361308  
0.4936206048  -0.5839693148  -0.6444521223  
-0.8754606341  -0.4288433646  -0.22284983  
0.4969965631  -0.8658927744  -0.05678133114  
0.3872903288  0.05058995195  -0.9205687687  
0.1091665584  -0.7183232442  -0.6870912453  
-0.656707244  0.7186320063  -0.2286998801  
0.526491881  -0.4372362317  0.7291301509  
-0.675170315  -0.2845942574  0.6805520953  
-0.617100152  0.4672755098  0.6331200521  
0.7212596225  -0.1853238434  0.6674126385  
0.515444378  0.8307155426  -0.2103063965  
0.5212483875  -0.03938815525  0.852495567  
-0.4507244064  0.8188745773  0.3553757676  
0.8928219222  -0.200269576  -0.4034366273  
-0.950270122  -0.247288987  0.1893009563  
-0.9268840465  -0.04588613892  0.3725324504  
0.2615792011  -0.5839595648  0.7684839285  
-0.3801214416  -0.008701285474  -0.9248956575  
-0.9023457147  -0.4281598554  -0.04951110322  
-0.1599380831  -0.5115103658  0.844261189  
-0.6827478514  -0.651278631  -0.3311970957  
-0.5284916844  -0.6421178794  -0.5553207798  
0.8772209116  -0.02515150518  0.4794276526  
-0.2735705398  -0.3319667974  -0.9027498021  
0.1832046574  -0.511356032  -0.8396136385  
0.9002750303  -0.39893109  -0.1742379273  
-0.7433131824  0.4736541599  -0.4723740569  
0.7491355824  -0.6571115555  -0.08366769235  
0.7858973657  -0.03238669469  -0.6175082449  
-0.4721047216  -0.1415525931  -0.8701034394  
0.06464328186  0.633605822  -0.7709506524  
0.7166303428  0.117124874  0.687548337  
0.854056317  0.1093096636  -0.5085658314  
-0.9012257615  -0.1390205084  -0.4104453984  
0.5414202294  0.583201216  -0.6055910145  
0.5793899904  -0.7230963045  0.3760837319  
0.5842348738  -0.8067508339  0.08844605234  
-0.8469096167  -0.3000003976  0.4390260387  
-0.2311816204  0.7700542427  0.5946188037  
0.1844257304  -0.8683318295  -0.4604204425  
0.9480435035  -0.234865625  -0.2145964905  
-0.1999024208  0.4612978066  -0.8644323894  
0.1268618906  0.7428361746  -0.6573435011  
0.9050546949  -0.1744866141  0.3878536073  
0.324144872  0.2127695849  -0.9217696055  
0.3218920828  -0.7847370215  0.5296916972  
0.4358344638  0.2993287924  0.8487936111  
0.3744838527  0.6869270594  0.6228106126  
0.4414928009  -0.1138296977  -0.890015116  
-0.6155673066  -0.4413199556  0.6529269391  
-0.2030220527  0.941725305  -0.2682079345  
0.7773073902  -0.593263934  0.2093588443  
-0.2937338281  -0.5914511716  -0.750936715  
-0.03980625996  0.9597549237  -0.2780035037  
-0.4037879772  0.8926705843  0.200236104  
-0.01300971931  0.5073138105  -0.8616631853  
-0.05923258926  -0.07999108431  0.9950341335  
0.08575538504  -0.3739033529  0.923494611  
0.3184426771  0.8667301831  0.3838919785  
-0.348522593  -0.8131612158  0.4661553811  
-0.986935879  0.1502367934  -0.05819344211  
-0.4112969469  0.5480846973  -0.7283117369  
0.5483798607  -0.8074648448  -0.2174397682  
-0.8076628032  -0.4390544986  -0.3935885461  
0.5199932116  0.8533786483  -0.03676877213  
0.5898781868  0.6703712405  -0.4501623314  
0.3696123849  -0.6752886145  0.6382569797  
0.323843008  0.5001484292  -0.8031047596  
0.01224814605  -0.900373773  -0.4349448837  
0.5469436181  0.3216882195  -0.7728967383  
-0.008872714272  -0.8292647465  0.5587855181  
0.1836873543  0.830627206  -0.5256590154  
-0.8468137922  0.5229688196  0.09700523215  
-0.4824870172  0.7098163468  -0.5131929774  
-0.7198177711  0.4803094072  0.501163895  
0.7864747965  -0.5716087068  -0.2339249469  
-0.4033933224  -0.3505856758  0.8452002789  
0.4754892991  -0.3110040675  0.822913359  
0.05058056552  0.7223009517  0.6897267151  
0.5814022559  -0.7211650464  -0.3766860666  
0.3634030262  -0.6840019145  -0.6325184752  
0.9553581948  0.1462955291  0.2566872371  
0.8077186102  -0.4725765347  -0.3525082489  
0.08420890789  0.3765481673  -0.922561834  
0.06698045535  -0.3767369106  -0.9238955129  
0.6666941639  -0.01503315826  -0.7451797742  
-0.1106185109  0.09060371246  -0.9897244628  
0.6043185533  -0.6050222877  -0.5184082538  
-0.1041330815  -0.819086135  -0.564140235  
-0.2479877146  -0.3693047074  0.8956093604  
0.8302406789  0.2856680304  0.47863785  
-0.9753419303  -0.05848430896  0.2128090802  
-0.7001847888  0.6048022664  0.3794146546  
0.4538865271  0.5579060742  0.6947861778  
-0.8254459816  0.1811748086  -0.5346163299  
-0.5124482845  -0.4142058061  -0.7522169274  
0.1801066613  -0.9833025099  -0.02603391359  
0.6077573883  -0.3100416222  -0.7310985908  
0.5989748106  0.7649082467  0.236948413  
-0.5352509657  -0.0206464838  0.8444407181  
0.1721309288  -0.2454877763  0.9539951232  
-0.2678477704  -0.8024038742  -0.5332969103  
0.3230454586  0.1756823468  0.929934054  
-0.2677506474  0.8741188336  -0.4052478939  
0.236523459  0.8956707509  -0.3766039821  
-0.4989784566  0.439668264  0.7468013909  
-0.4989003077  -0.8558104695  -0.1367001213  
-0.0760262159  0.9837929676  0.1623927692  
-0.7391128586  -0.114681719  0.6637471548  
-0.9848647734  -0.1466153665  -0.09244085855  
-0.4768700379  0.2839521202  0.8318450339  
0.9875536513  0.1369920716  -0.0772719754  
-0.1327026911  0.9396001144  0.3155021725  
0.2515976595  0.9605096705  0.1188267252  
0.5902139357  0.2500932698  0.7675290656  
-0.2332137316  -0.6317979016  0.7392176722  
0.2050081746  0.9781979427  -0.03317277767  
-0.124267061  -0.6088400749  -0.7834994963  
-0.5258838589  0.5838712402  -0.618498619  
-0.4382004304  0.8930738074  -0.1019782197  
-0.06340158167  -0.9029740445  0.4249918991  
-0.4762442502  -0.1879116638  0.8589997793  
-0.4788315173  0.7134022482  0.5116420725  
-0.8741496359  0.05921694771  0.4820329523  
-0.4906961128  -0.7843020216  0.379588809  
-0.630274432  -0.7738325913  -0.06274759813  
0.8118868229  -0.3418598002  -0.4732564461  
0.2985770352  -0.8932262744  -0.3361526092  
-0.6017546279  -0.09229382527  -0.7933304593  
0.2790620636  -0.1212199092  0.9525912546  
0.2446321606  -0.9522126049  -0.1828831897  
0.9193396959  0.1966835301  -0.3407786856  
0.946569597  -0.2978398061  0.1236828522  
-0.8968246442  -0.2969182307  -0.3279407292  
-0.3633738575  0.5480424881  0.7533982153  
-0.9874291207  0.09780278782  0.124170634  
-0.367356795  -0.9031918029  -0.2220215134  
0.2951763777  0.7333066909  -0.6124803695  
0.4767839074  0.4760266972  -0.7389693425  
0.7434064586  0.6687887645  -0.00827198808  
-0.8841503803  0.339408037  0.3210611926  
0.1065436154  -0.6121240808  0.783551254  
-0.8235982018  -0.5146758187  0.2383166039  
-0.822892774  0.5653255493  -0.05704827573  
-0.4233770793  -0.7671272793  -0.4819414757  
0.429432368  -0.8138148307  0.3915268352  
-0.7042541755  0.1730459448  0.6885355164  
0.624864304  0.7265455458  -0.2857904328  
-0.2231829411  0.3706565912  0.9015559141  
-0.1046578274  -0.3547375124  -0.9290898969  
-0.6324940286  0.7712548493  0.07153503571  
0.9855845047  -0.007040140443  0.1690373346  
-0.00321524662  0.2319660543  -0.9727185676  
0.1614297692  0.2019765342  0.965994777  
-0.8369805374  0.3289780641  -0.437306544  
0.3622817177  0.4531219368  0.8145136386  
-0.8841876577  -0.3664261677  0.2897309951  
0.3364223155  -0.2448726231  -0.9093170097  
0.5664281396  0.711706789  0.4154908052  
-0.7117768773  0.6055560178  -0.3559151391  
0.4716027599  0.8206720874  0.3226269702  
-0.6724179878  -0.5392876358  0.5069742554  
-0.2200267914  -0.04165677486  -0.9746039832  
-0.0961958835  -0.987146432  -0.1276255219  
0.04622935092  -0.7323572698  0.679349451  
-0.3449780715  0.937673962  0.04192458897  
-0.9440435225  0.01346943088  -0.329545751  
0.1202268731  0.952490997  -0.2798328065  
-0.378710435  -0.9249170913  -0.03326831132  
0.2268028843  0.07055418562  -0.971381778  
-0.7215118386  -0.6726263529  -0.1642998972  
0.345238731  -0.8049434876  -0.482572482  
0.1537006992  0.8922460651  0.4245857443  
-0.1630061717  -0.2270974602  0.9601331843  
0.7325164496  0.4189052202  0.5365986093  
0.6269917074  -0.6028650868  0.4933914126  
0.6154105296  0.1538770018  -0.7730405865  
-0.05531155914  0.6072018116  0.7926200801  
0.7861280185  0.2371583855  -0.5707526948  
0.7411747666  0.6464067507  -0.1811581575  
-0.6394387836  -0.7604423022  0.1133381975  
-0.9618592206  0.2677414024  0.05604802618  
0.2782391653  -0.9536284828  0.114785381  
-0.0719012947  -0.9888995  0.1300306993  
-0.5788199427  0.1497199064  0.8015930536  
-0.9595284535  0.1620580547  -0.2303092136  
0.6817656242  0.5632593602  0.4668345818  
-0.005023759018  0.999959782  0.007429416299  
0.006952856701  -0.224251459  -0.9745065115  
-0.4518230264  -0.7081500374  0.5425674864  
0.213993436  0.7138410181  0.6668116752  
0.8210450082  -0.4678895224  0.3270542605  
0.0393291617  0.9570166205  0.287354146  
0.9109020956  -0.4125540845  0.007516618713  
0.7464472304  -0.3309317235  0.5773220303  
-0.806386605  0.195458667  0.5581545958  
-0.7131730318  0.6970064759  -0.07460696536  
0.1990016732  0.4787844361  0.8550811645  
0.6436421733  0.3674338357  0.671354697  
-0.6313484206  0.3173152875  -0.7076087761  
-0.3937683854  -0.6140452108  0.6840284627  
-0.6013265485  -0.5128070522  -0.6127277612  
0.1175192524  -0.07357954172  -0.9903409899  
-0.5804913176  0.1844901347  -0.7930909282  
0.9578814029  0.2868579803  -0.0132558317  
-0.8766997682  0.4493808727  -0.17162269  
-0.1721365561  0.2246491252  0.9591151008  
-0.06105176642  0.820134475  0.5689043196  
-0.158897685  0.8178513728  -0.5530557456  
-0.2506365417  -0.9492693117  0.1899186612  
0.3589219425  -0.4329652504  0.8268712906  
0.3597416944  -0.4120754906  -0.8371258587  
0.7868465287  0.5501475399  0.2796609101  
0.3879731738  0.9131303494  -0.1251789976  
0.6449512253  -0.4637395847  0.6074401325  
0.8230224582  0.557807554  0.1071670004  
-0.2112351424  0.712467622  -0.6691558879  
-0.6676129982  0.04907249656  -0.7428894768  
0.738006711  0.393854344  -0.5479277783  
0.9514228593  -0.09239576293  -0.2936963838  
0.1077970432  -0.9859442156  0.1276471746  
0.02384187589  0.4945492405  0.8688225444  
0.05069557771  0.06692063661  0.9964695614  
-0.8359461881  -0.544617282  0.06771991419  
