1  0  0  
0.5980610511  0.7265919569  -0.3382116309  
0.6746519901  -0.4862871397  -0.5553102827  
0.4332062648  -0.1779222016  0.883558726  
-0.2138156495  -0.01177388453  0.9768030731  
0.9042713435  0.4147459095  0.1013862311  
-0.575446548  0.1378837626  -0.8061323331  
-0.3906025643  -0.6773077843  0.6234451076  
-0.8323472517  -0.1314901905  -0.5384314092  
0.4889603525  -0.8185020356  0.3016159669  
-0.3196947119  0.7792654547  0.5390182207  
-0.9540268074  0.2855051646  0.09121212515  
-0.215185777  0.9386812421  -0.2693930347  
0.8134375484  -0.03593657942  0.5805410555  
0.326563427  -0.8703770666  0.3685106375  
0.4078212715  -0.5908601026  -0.6961078578  
0.7997705802  -0.6001607922  0.01319252202  
-0.9852139359  -0.1670247792  0.03816049702  
-0.6149449858  0.2394764272  0.7513279611  
0.9001625715  0.02392899775  0.4348962496  
-0.2086137303  0.9159535536  0.3427964398  
0.8261898334  0.4616055207  -0.3230026354  
0.4674063402  -0.8758008824  -0.1204330835  
0.3584601455  0.1030472958  -0.9278402766  
-0.4838959991  0.8282087432  0.2826923057  
0.6882698858  -0.6092126516  0.3938838781  
0.5356145091  -0.6566916866  0.53091725  
0.8200589316  0.06998621708  -0.5679835193  
0.5919634471  -0.3962940732  -0.7018050191  
0.9065564785  -0.2432386067  0.3449497522  
-0.9847663952  -0.1130226873  -0.1321401492  
0.7011509728  -0.08986620877  0.7073269244  
0.1413268401  0.9874391896  0.07064397471  
-0.8293424608  0.09514029639  0.5505809719  
0.803944223  0.3604394351  -0.4730297031  
0.9399727135  0.3373452014  -0.05147341915  
-0.2718085337  0.2100821272  -0.9391408951  
-0.6186294444  -0.0381319771  -0.7847570088  
-0.8941774962  -0.4055850673  0.1895978862  
-0.7222424428  -0.6118421574  0.3225136094  
0.5887175559  0.7998672636  0.116721892  
0.1457203975  0.7539087694  0.6406146526  
0.5194144953  -0.305568653  0.7980202882  
0.1863091773  -0.3310124348  -0.9250511653  
-0.1480082325  0.7606829603  0.6320245225  
-0.1656407465  0.6137641129  -0.7719175842  
-0.5814831201  0.4270460257  -0.6924659364  
-0.7585407218  0.6269947783  -0.1774641411  
0.8926050956  0.3035428934  -0.3333434492  
-0.5182236829  -0.1703097467  -0.8381162239  
-0.1219867426  -0.6786469221  0.7242634809  
-0.7349924223  -0.07643641363  -0.6737533776  
-0.8665062243  -0.4972505386  0.04369056092  
-0.9523262181  -0.09594109948  -0.2896033145  
-0.4936844536  -0.718109957  0.4905035678  
-0.5523847191  0.8201908518  -0.1488559326  
-0.7466754544  0.473806748  -0.4668864223  
-0.4579457461  -0.814276742  0.3567058746  
0.2822214925  -0.6855092158  -0.6711394372  
0.8194261095  -0.5537373952  -0.1480396844  
0.9566871664  -0.05634879475  -0.2856124628  
0.1090098058  -0.4880408202  0.865986732  
0.04841552043  -0.7141696657  0.6982962308  
0.8895561858  0.2015260328  0.4099720118  
0.2193549587  0.1846053235  -0.958021021  
-0.1023199224  0.8152045816  -0.5700632628  
-0.5552356624  -0.4875473177  -0.6738033631  
-0.292901409  -0.6822608765  -0.6698722722  
0.3539773512  -0.07034506376  -0.9326047431  
0.6243848123  0.6236298298  -0.4703503392  
-0.3865893933  0.8981334035  -0.2095352727  
-0.9024126444  0.3711094554  -0.2189273653  
-0.1375850173  -0.49068071  -0.8604085099  
-0.4280248252  0.7775978647  -0.4605825765  
-0.04061550974  0.9472626996  -0.3178738089  
0.007579722633  0.59147548  -0.8062873584  
-0.09060559996  -0.1740641463  -0.9805571366  
0.058214953  0.4452348074  -0.8935194377  
0.181382206  -0.8500746084  -0.4944427727  
0.06784075359  0.7939213139  -0.6042239482  
-0.9850216448  0.1153871411  0.1281333954  
0.6319640235  -0.5330884944  0.5625283371  
-0.1596916197  0.9871625368  -0.002951693172  
0.6707217595  0.6142389251  0.4157437483  
-0.2003371885  -0.9767347274  0.07651328733  
-0.30265102  -0.8801232055  0.3657670068  
-0.4878217673  0.5694538147  -0.6616285033  
0.6561682492  0.4835960316  -0.5792910382  
-0.2269504282  -0.08451753942  -0.9702320798  
0.7097161412  0.1641033493  -0.6851080862  
-0.380917234  -0.8888658057  -0.2545970154  
0.4275398165  0.531802694  -0.7310236658  
0.7122545845  -0.5727837848  -0.4057242201  
-0.5746280769  0.718285646  -0.3922605053  
0.8179607326  -0.2590290831  -0.5136576428  
0.8595000849  -0.4948848525  0.1278615926  
0.4579309384  0.3643218286  -0.8109061973  
-0.3705947151  0.3362501076  -0.8657917892  
0.06725841954  -0.9567043122  -0.2831839756  
-0.7248023119  0.6422962073  0.2492332053  
0.3215853691  -0.3970931604  -0.8595928527  
0.9853124729  -0.1677398775  0.03197912114  
-0.7916658213  -0.2327040757  0.5649017973  
0.01768813068  -0.4143315498  -0.909954118  
0.4498781515  -0.6844580718  -0.5736957353  
-0.5299987791  -0.588723468  0.6103326735  
0.06154579341  0.004789468153  0.9980927694  
0.001270248299  -0.7037315411  -0.710464851  
0.06880436964  0.09828500699  -0.9927769216  
0.2036657915  0.3672009321  -0.9075702291  
0.8606170528  0.351324406  0.368658989  
0.9441480271  0.1199246644  -0.3069243846  
-0.7144361624  0.3324455704  0.6156792287  
-0.4307021803  -0.5933753805  -0.6800009482  
-0.9587223573  0.2108340803  -0.1907889729  
-0.5415008491  -0.3380632325  -0.7697337729  
0.07624872829  0.9736376984  0.2149785193  
-0.4500415619  0.4553497597  0.7681921563  
0.08084253033  -0.1877613678  0.978882094  
0.608895156  0.09382201136  -0.7876827528  
0.2119784975  -0.3533650916  0.9111521435  
-0.289574571  -0.7913603181  -0.538419367  
0.380618328  0.1273788587  0.9159171986  
-0.276261483  0.4861004394  -0.8290874235  
-0.01383144497  -0.8842033112  0.4668974145  
0.4791961452  -0.307758483  -0.8219828286  
0.9592946869  0.2655965087  0.09598019688  
-0.5491416839  0.5436056969  0.6347726029  
-0.7299294753  0.005309167651  0.6835018463  
0.8196484652  0.562641266  0.1077552746  
-0.3475469308  0.239663661  0.9065166631  
-0.4134386362  -0.8116907848  -0.4125852202  
0.1450428772  0.6322785721  0.7610429495  
0.02100057616  0.9986034334  -0.04847843407  
0.7505899168  0.2373210842  0.6166793979  
-0.1724949  -0.5378844812  0.8251822795  
0.09868504943  -0.9818580329  0.1619137557  
-0.03842413603  0.8986511392  0.436977935  
-0.3823831796  0.7009931355  -0.6019898071  
0.6483490639  -0.719291061  0.2495272749  
0.1210580402  0.334926123  0.9344353606  
-0.3437800376  -0.2803038893  0.8962393739  
-0.4799531938  0.7615781127  0.43548101  
-0.9527744892  -0.2368096589  0.1901103842  
0.1338609119  0.9266474389  -0.3512915886  
0.5102428698  0.8586695046  -0.04836213168  
-0.7831913334  0.4172885628  0.4609572547  
0.6064352262  -0.773142996  -0.1857046695  
0.6418574169  0.2080533642  0.7380601967  
-0.3476548128  0.04270240502  -0.9366496868  
-0.1061815526  -0.9252287512  -0.3642488653  
-0.9854029375  -0.05582977911  0.160823153  
0.8960848105  -0.3969320509  -0.1986880954  
-0.8570961829  -0.4529300698  -0.2454393717  
0.6197645154  -0.07606325768  -0.7810930331  
-0.2576708048  -0.2455907927  -0.9345003579  
0.6471626113  0.7122762588  0.2717408428  
0.2829693763  0.6165367261  -0.7347181756  
0.5960027707  0.2713599764  -0.7557410009  
0.6909301147  0.6990433652  -0.1842659767  
-0.899885788  0.1635239717  0.4043086435  
0.3028686157  0.9493362802  0.08385242218  
-0.5596143182  -0.8050951853  0.1966050797  
0.6113017888  -0.7126051205  -0.3442441941  
-0.2330173007  -0.9439562161  -0.2337725381  
0.4345384387  -0.4606777699  0.7739201106  
-0.9017263376  -0.007762254251  0.4322376191  
0.346136979  0.7934492443  -0.5006270953  
-0.2851993153  0.5438920687  0.7892038825  
0.1361263109  0.852050604  0.5054496965  
-0.5823972675  0.81260196  0.02216928816  
0.9854965984  -0.04663603248  0.1631610708  
-0.7131714665  -0.6912721197  -0.1163155874  
0.2885069896  0.5519189989  0.782399601  
-0.7697397351  0.2010490572  -0.6058712874  
0.4223649798  0.4535478925  0.7847943253  
0.8054960865  0.5629863332  -0.1849930898  
-0.2109672945  0.1667510876  0.9631650302  
0.4330079526  0.7102015139  0.5550837078  
0.8166290844  -0.303943017  0.4906481233  
0.5191462735  0.8109352114  0.2699467164  
-0.5613009287  -0.4340323804  0.7046681206  
0.489875858  -0.004118850988  0.8717824722  
0.04172858051  -0.9934529951  -0.1063478827  
-0.2697876414  0.8096914008  -0.5211664455  
0.6818120869  -0.7276982614  0.07474970589  
-0.9307685745  -0.2675420171  -0.2491809177  
-0.0799502838  -0.9761351214  0.2019113093  
-0.1966285407  0.9656007951  0.1701538171  
-0.4836731143  -0.1934207663  0.8536092348  
-0.645798982  -0.7626374091  0.03643977255  
0.3476119399  -0.8514805172  -0.3926154201  
0.266913448  0.880873209  0.3909214767  
-0.08076319044  -0.2666583231  0.9604012941  
0.5653934476  0.6094148118  0.5558271643  
0.9403343151  -0.3338632703  0.06562539678  
-0.4907053621  -0.01699331986  0.8711598445  
-0.3428497542  0.9108643943  0.2297392025  
-0.8788743706  -0.1814753568  0.4411876422  
0.4140627989  0.88457855  -0.2146457256  
-0.3620767694  -0.9297456484  0.0668837981  
0.8737126684  -0.3302522291  -0.3571549218  
0.3209221915  -0.9453688258  -0.05733001107  
0.2346424809  0.7470947383  -0.6219263286  
-0.4905506939  0.1490102189  0.8585778773  
-0.7870407398  -0.3465900064  -0.5103354205  
0.6634004264  0.3677258712  0.6516728917  
0.4407761032  -0.8962385177  0.04972872597  
0.154240545  -0.4846888041  -0.8609800331  
-0.1838344311  -0.8504991905  0.4928042501  
0.00757865578  -0.8163078912  -0.5775673041  
-0.8908540679  0.4527984079  0.03677813827  
0.4066510827  0.296027014  0.8642932974  
-0.8147191919  0.4921498665  0.3066286799  
0.1945132354  -0.07748471539  0.97783471  
0.7322235492  -0.1714860817  -0.6591215349  
0.8431446962  -0.397454264  0.3621286088  
-0.2776159277  -0.4041628783  -0.8715398812  
-0.6837964771  -0.4890437308  -0.5415335698  
-0.7947063824  0.5315202709  -0.2931347257  
-0.694939298  -0.3399383539  0.6336412926  
0.7751350985  0.4889121751  0.4001630469  
-0.04797630254  0.2560084172  0.9654832804  
-0.8715354208  0.1417301496  -0.4694023594  
-0.9452020796  0.08033304925  -0.3164484634  
-0.3190631489  -0.4566299672  0.8304744307  
-0.1452588576  0.6338750258  0.7596725057  
-0.7130531048  0.695431538  0.08905192682  
-0.05967701852  0.3406862122  -0.9382811723  
0.1579133463  -0.8913642995  0.4248918223  
0.3317497541  -0.6028618099  0.7256030174  
0.07391736815  -0.08753396884  -0.9934153346  
-0.5489562762  -0.72211148  -0.4209536998  
0.2543244638  0.9410068138  -0.2232156883  
0.7081463819  -0.3739405383  0.598913329  
-0.4514684452  -0.8862670425  -0.1034745008  
-0.7608485056  -0.5931534716  -0.263208113  
-0.6524615522  0.2611807497  -0.7113919727  
-0.7379223676  -0.5037638456  0.4491019565  
0.9416535911  -0.2270225661  -0.2484940016  
0.2756033153  -0.9550102189  0.1095367267  
-0.5916224415  0.6354451411  0.4961777499  
-0.004856266595  0.5675721871  0.8233093156  
-0.7664958522  -0.6411028843  0.03835622967  
0.219140362  -0.7220357385  0.6562331096  
