1  0  0  
0.4952285691  0.7803029323  -0.3819371654  
0.608140961  -0.6537687748  0.4502787587  
0.3600251662  -0.1435026818  0.9218399319  
0.2247308588  0.1124007479  -0.9679163771  
-0.9482573529  -0.2506851496  -0.1948459607  
-0.4901939111  0.218005248  -0.8439097353  
-0.362668677  -0.7876271423  0.4981113485  
-0.7789078126  -0.2453733212  -0.577143442  
0.6416197241  -0.7110519511  0.2876269329  
0.09590675308  -0.9772045866  -0.189401929  
-0.9542178545  0.2874147649  0.08283138885  
0.2627633434  -0.9403962684  0.2158941494  
-0.8088856294  -0.08104414992  -0.5823537449  
-0.2386346782  0.8976807919  -0.3704358059  
0.3295269617  -0.472519099  -0.8173968942  
-0.7406798151  0.6718556841  0.001830669786  
0.9530254252  0.2814935118  -0.1118210259  
-0.7011651376  0.143610864  0.698386261  
-0.8194274943  0.08529008974  -0.5668017133  
0.4865835324  -0.6622850859  -0.5697498846  
0.9335709548  -0.2579115173  -0.2488512035  
-0.5336511052  0.8452695648  -0.02712675384  
-0.3706990108  -0.153545695  0.9159726868  
-0.04651546783  0.8158639154  0.5763700052  
-0.6797257195  0.5110421425  -0.5261262917  
0.5486025916  -0.5837078136  0.5985986843  
-0.6322560867  -0.177277307  0.7542048775  
-0.6904837244  0.4514954843  0.5651407382  
-0.9419883712  0.1994530601  -0.2699562657  
-0.9838265837  -0.07361466862  -0.1632976846  
-0.612049236  0.1212668283  -0.7814666269  
0.361100892  -0.9035462701  -0.2306735434  
0.8788719823  -0.05650149189  -0.4736999263  
0.8109454198  0.5713652054  -0.1261321851  
-0.9875511618  -0.1211353233  0.1003440898  
-0.2795914778  0.6054117069  -0.7451880774  
-0.6049032705  -0.05180862591  -0.7946117918  
-0.9373804286  -0.3459171465  -0.0407340129  
-0.07304110284  -0.8361414348  0.5436290079  
0.6596050319  0.7501776184  0.0464192072  
0.4684461556  0.6903065285  0.5513937758  
0.4731634371  -0.3778520613  0.7958292414  
0.06260748785  -0.09219996708  -0.9937703299  
-0.2487542316  0.6171627295  0.746479402  
0.3602303023  -0.8094456752  0.4637152447  
-0.4423581991  0.524143139  -0.7277315395  
0.8258416788  -0.5587698075  0.07590667832  
-0.8247685401  -0.4936137956  0.2758664098  
0.4548534928  0.3159967469  0.8326189741  
0.1503645195  0.536267465  -0.8305466376  
-0.8018885116  0.2507856902  -0.5422926816  
-0.8127410678  -0.5503505694  -0.1912229262  
0.9379853941  0.1431687424  0.3157310749  
-0.3493773303  -0.687151157  0.636991969  
-0.5109484615  0.7766841  -0.3683659573  
0.8196235791  -0.5052102878  0.2701476514  
-0.6207810898  -0.6707019377  0.4059430369  
0.1512823324  -0.7288067517  -0.667798154  
-0.4022715959  0.7750129215  0.4873730958  
-0.8823328028  0.2261328314  0.4127381345  
0.04610817606  -0.3205032468  0.9461245716  
-0.06843181353  0.884821419  -0.4608775796  
0.7213939969  -0.02364876049  0.6921209702  
0.5033601565  0.1956513154  -0.8416347875  
0.3997890051  0.905088272  0.1448584529  
-0.6623140603  -0.4608691286  -0.5907112085  
-0.3757341494  -0.6270094117  -0.6824097351  
0.3701243145  -0.009679876301  -0.9289318015  
0.6141309456  0.5726058049  -0.5431075159  
-0.535178167  0.8195288599  -0.2048335357  
-0.8917677604  0.357975115  -0.2767744182  
-0.2660832551  -0.5506098063  -0.7912196551  
-0.393275991  0.8691891414  -0.2997402733  
-0.1162568352  0.9811980537  -0.1540607921  
-0.01402686671  0.4728762486  -0.8810171965  
0.1350208883  -0.2285186781  -0.964130994  
-0.1225635088  -0.3884052579  0.9133014518  
-0.08816735422  -0.9731710663  -0.2125196304  
-0.07743645871  -0.9166628405  0.3920877858  
-0.9814405576  0.123910977  0.1463574451  
0.3177074675  -0.4647156104  0.8264994655  
0.4122049933  -0.9017828764  0.1299026074  
0.697365482  0.6320664935  0.3378954458  
-0.3179587898  -0.9480995595  -0.003071358383  
-0.3601118108  -0.8680447133  0.3417862775  
0.3973687154  -0.6565279678  0.6411467317  
-0.8200574747  -0.3938881641  0.4151600322  
-0.06048752862  -0.8805078466  -0.4701565601  
0.8845970996  0.2348252723  -0.4029206656  
0.9816940778  0.1848984717  0.04570878237  
0.3200305674  0.5701532359  -0.7566410797  
0.6896333677  -0.6379451719  -0.3426832005  
-0.1843193246  0.396925034  -0.8991534374  
0.7155673648  -0.2890301771  -0.6359441038  
-0.2308456249  0.8083421053  0.5415656362  
0.716418788  0.4328916471  -0.5471279029  
-0.3454989083  0.3104853462  -0.88556725  
0.6720577064  0.02434661434  -0.740098427  
0.6330927038  -0.769987481  -0.07945380793  
-0.4086767292  0.5789012638  0.7055895817  
0.9838017937  -0.09312972643  0.1531694641  
0.8992045132  0.3456122631  -0.2682972364  
-0.069250353  -0.06914505486  0.9952001557  
-0.03967324448  -0.3439061338  -0.938165553  
-0.4723264615  -0.8352583681  -0.2815158473  
-0.08558754838  -0.0155510852  -0.9962092829  
0.631901967  -0.5942613335  -0.4975473561  
0.1395036287  0.7957528753  0.5893353027  
0.2512933322  0.2793525525  -0.9267220795  
0.8928156122  0.03637594569  0.448951081  
0.9763655758  0.01753292857  -0.2154132282  
-0.5547918962  0.7189638071  0.4186848409  
0.4180355659  0.4845565428  0.7684082394  
0.9530270618  -0.2805958737  0.1140411113  
-0.554197826  -0.405754085  -0.7267932252  
-0.2774581978  0.9593156028  -0.05225440474  
-0.5553249793  0.5310017274  0.6400401026  
-0.7183982866  -0.6719425462  -0.1799919896  
-0.5180752866  -0.03813567244  0.8544844457  
-0.07201965239  0.157085356  -0.984955512  
-0.2439890136  -0.8493044721  -0.4681359578  
0.2151469035  0.1189208349  0.9693140074  
-0.2617074871  0.7343541019  -0.6262852738  
0.05659724919  0.9692166925  -0.2396158473  
0.6073529916  -0.3837685654  -0.695588982  
0.4940356453  0.6902115029  -0.5287124573  
-0.2018359456  0.9329064958  0.2982410452  
0.7517830366  0.1488248054  -0.6423966401  
0.8932570581  0.4066460483  0.1916528619  
0.4225587328  -0.3021164986  -0.8544997008  
-0.3444207024  -0.2168532229  -0.9134270959  
0.1262345687  -0.8863674884  -0.4454408031  
-0.3460802767  -0.9225686452  0.1705741392  
0.7023158475  0.1468804167  0.6965476248  
-0.2804900793  -0.4377882351  0.854205348  
0.132860865  -0.9910857239  -0.009852834044  
-0.3135435983  -0.7510783254  -0.5810092607  
-0.4703122022  0.7146427481  -0.5177761823  
-0.7258491505  0.5793841609  -0.370751945  
0.1500084224  -0.5441041717  0.825498712  
-0.5510421025  -0.3350458469  0.7642623122  
-0.4632456091  0.8228766335  0.329055545  
-0.9488594255  -0.1862688401  0.2548915649  
0.2172207238  0.9318764959  -0.2905535295  
-0.5837310002  -0.806956701  0.08988326931  
0.7975373039  -0.343235064  -0.4961087983  
0.6045064535  -0.7548086839  -0.2546287464  
0.4790164243  0.1346421493  0.867418444  
-0.2248687824  0.06494537061  -0.9722222634  
-0.2523338503  0.9596093679  0.1244085572  
-0.475969863  -0.5828247504  0.6586106588  
-0.8912977586  0.4141403453  0.1845970746  
0.8832409566  0.321279216  0.3415626999  
-0.5378938049  -0.8368267831  -0.1019371859  
-0.7579280122  0.499319213  0.4197921533  
0.6048017368  0.7599180407  0.2382004001  
0.4418164012  0.4611660739  -0.7694960168  
0.6836619047  0.3109173727  -0.6602550927  
0.7054516185  0.6991200067  -0.1164870389  
0.8092641579  -0.177244301  -0.5600678357  
-0.1891687131  -0.6611409642  0.7260219167  
-0.6105986856  -0.7499962132  0.2543126528  
-0.7265152911  0.6642058517  0.1760855427  
0.4089395471  0.7998902442  0.439253963  
0.2111588368  -0.83072869  0.5150745473  
-0.8501080172  -0.1093920523  0.5151210906  
0.2139332944  0.7718297061  -0.598758257  
-0.2690860687  0.3435760112  0.8997489717  
0.1584295133  0.4533052177  0.877162738  
-0.5060407708  0.8480573642  0.1572305484  
-0.9866871216  0.1622910338  -0.01049496816  
-0.8937983655  -0.432456886  0.118766677  
0.05999305892  0.1927527359  0.9794116681  
0.8959342092  -0.1289939418  0.4250440634  
-0.3131678214  -0.3923814393  -0.8648483808  
0.7271375566  0.6302705626  -0.2720845306  
-0.2173456379  0.05299022131  0.9746552776  
0.5265764402  0.5533196012  0.6454104674  
0.8662139359  -0.2871691956  0.4089098559  
0.3247615763  0.8904758309  0.3187204309  
-0.8924658233  0.4294600847  -0.1380897893  
-0.3558070204  -0.03707191205  -0.9338238793  
0.01322477389  0.9971810092  0.07385892057  
0.1257918335  -0.6800826958  0.7222630694  
-0.746906852  0.6366593732  -0.1918202205  
-0.8680931501  -0.2037289498  -0.4526685296  
-0.03345988746  -0.9958940577  0.08411576412  
0.1687549832  0.9848015442  0.04108131176  
0.3989284821  0.3232397058  -0.8581212961  
-0.7765886047  -0.6294163244  -0.0272988942  
0.3276698974  -0.706610578  -0.6271633992  
0.1626292892  0.924039656  0.3459803872  
-0.09254691131  -0.2315294532  0.9684158102  
-0.6061747589  -0.6135123405  -0.5061173478  
0.905716074  -0.4235157001  -0.01768742665  
0.5861771152  -0.09739586157  -0.8043074262  
-0.03286923435  -0.7217677386  -0.6913544279  
-0.9262908381  -0.0663988331  0.3709130331  
0.4813328694  0.8485612916  -0.2196870576  
0.4581057377  0.8880529815  -0.03874319514  
-0.8574063328  0.3833963791  0.3433097684  
0.6510933397  -0.7511749914  0.1086903644  
-0.45274557  0.1422072373  0.88022642  
-0.5705607932  0.2552156611  0.7805929462  
0.6754171996  0.3197273698  0.6645193868  
-0.5839495182  -0.2312897892  -0.7781439415  
0.4007060283  -0.9147687706  -0.05131057637  
0.1731323244  -0.5072691509  -0.8442175115  
0.2235515749  0.863430364  -0.4522308037  
0.2110208787  0.6855039824  0.6968173928  
0.8276338983  -0.5530166901  -0.09588884601  
-0.01968546283  0.9416149888  0.3361155982  
0.80273689  -0.5351743637  -0.2630625131  
0.7182806817  -0.1926564403  0.6685479477  
-0.7865107156  0.0172019874  0.6173370116  
0.791339284  -0.4279964312  0.4365789648  
0.1984313356  0.2902133408  0.9361630317  
0.790874626  0.3744802103  0.4840267534  
0.7115347271  -0.3663737239  0.599573704  
-0.7956419497  -0.2772201938  0.538611968  
0.72378487  0.520649728  0.4528347632  
-0.1126214191  0.3777841097  0.919018815  
0.609479972  -0.2921639233  0.7370036673  
-0.9526838488  0.02581477992  -0.3028647905  
-0.590403199  -0.459697242  0.6634022221  
-0.002497631122  0.4988468629  0.8666865461  
0.305305028  -0.8654277914  -0.3972701571  
-0.08272004082  0.7893931711  -0.6082892538  
0.05241692463  0.7323193704  -0.6789409442  
0.2105477141  -0.2370524842  0.9484069695  
0.3019035429  -0.1862774899  -0.934962538  
-0.5595858347  -0.7276082005  -0.3967996979  
-0.1953800672  -0.9725017723  0.1267554029  
-0.5874827384  0.4445277282  -0.676209384  
-0.4751312996  0.4297806224  0.7678143426  
-0.8146163969  -0.4750847449  -0.3327079968  
0.488427111  -0.04410013523  0.8714896071  
-0.7309336459  -0.540446188  0.4167180381  
0.9415106633  -0.1037034585  -0.3206294801  
0.09213458547  -0.946020765  0.3107345015  
-0.07272413343  0.6264012285  0.7761009608  
-0.1029529976  -0.6019507071  -0.7918686927  
0.8679978076  0.4952239831  0.03651044454  
-0.01236101309  -0.6144297995  0.7888746585  
-0.2496828248  -0.9508741441  -0.1830214442  
