1  0  0  
0.5083958759  0.82518717  -0.2461702009  
-0.1155819405  -0.8972139131  0.4262018408  
0.2350640937  -0.05116439138  -0.9706323078  
0.3578856036  -0.1510345259  -0.9214697319  
-0.8957115388  -0.4446324624  -0.00167709903  
0.6635777692  -0.2119031336  0.7174688887  
0.1342668716  -0.6904863912  0.7107748946  
-0.8393243846  -0.307223348  -0.4484956988  
0.5984439129  -0.776829773  0.1959601666  
0.02881972902  0.9950378734  0.09523157908  
-0.8410321646  0.4720562399  0.2642495117  
-0.2083263989  0.9703125217  -0.122856509  
-0.744692366  -0.1121772206  -0.657913027  
0.3418268504  -0.7866897767  0.5140754805  
-0.02987797623  -0.7459358532  -0.6653472848  
0.8209854981  -0.5590651035  -0.1158836565  
-0.6909971859  0.3055483214  0.6551054208  
-0.8004596213  0.2582057674  0.5409197504  
-0.870966164  0.1623098956  -0.4637601092  
0.4203528145  -0.5446002495  -0.7257507007  
-0.9533906515  0.2469377738  -0.1734012729  
0.5804456829  -0.8078109622  -0.102587809  
0.4906417885  0.03397092745  0.8706989212  
0.1341348177  -0.5657041269  -0.8136256458  
0.8391758889  0.1438161498  0.5245004696  
-0.4637615944  0.8644981578  -0.193824969  
0.6288797343  0.7641593722  -0.1434250107  
0.7318611448  -0.4193010529  -0.5371832943  
0.899322614  -0.2900603292  0.3272366747  
-0.9820146306  -0.1855660649  -0.03482098298  
0.817248393  -0.0244048595  0.575768588  
0.3456141696  -0.871953436  -0.3467680076  
0.8404901026  -0.08892280601  -0.5344802354  
-0.407319667  -0.7521277377  0.5180680988  
0.8804395709  0.3416315483  -0.328807006  
-0.295436354  0.462554026  -0.8359193345  
-0.6495645585  -0.2368776314  -0.7224644435  
0.6766306602  0.5260518044  -0.5152091311  
0.003988799612  0.6256277988  -0.7801114964  
0.4270841375  0.873157893  0.2349349558  
-0.3237675363  -0.7298766531  -0.6020420697  
0.4468795983  -0.1323115335  0.8847554932  
-0.04837388927  -0.02604326164  -0.9984897172  
-0.1818564827  -0.6648457115  -0.7245056242  
-0.4945817964  -0.8648540718  0.08611783338  
-0.5149298191  0.2568352229  -0.8178526455  
0.8734572959  -0.485943713  0.0305132779  
0.7066973923  0.5974669034  -0.3789618648  
-0.5343812432  -0.3519022901  -0.7685059955  
-0.1452027413  -0.5487676591  0.8232680124  
-0.9548402876  -0.03457359791  -0.2951011546  
0.8283586074  0.5504686901  -0.1039530598  
-0.8966855816  -0.3346721708  -0.2897404111  
0.5184582541  -0.6953047842  -0.4977472208  
-0.5283653561  0.8478346725  -0.04479306324  
-0.7353858978  0.5849781734  -0.3420644939  
0.4143224102  0.5114974979  -0.7527996082  
0.2708995352  -0.6317005381  -0.7263386758  
0.2173954531  -0.8596826856  -0.4622606376  
0.5340658319  0.07690296137  -0.8419380154  
-0.1647590833  0.3946727886  -0.9039291092  
0.1285443402  0.8103711245  -0.5716423647  
0.9092917499  0.1742588663  0.3779184584  
0.2593120549  0.1198470449  -0.9583287244  
0.938000733  0.3286422956  0.1102218962  
0.6314692621  0.5395455159  0.5568996385  
0.4383894439  0.7500281906  0.4952498448  
0.271380744  0.736194632  -0.6199757702  
0.2657431155  0.838094569  -0.4764221762  
-0.6192311197  0.7050352331  -0.3456561014  
-0.8349693842  0.4424835212  -0.3271612156  
-0.4950561467  -0.6350810616  -0.5929514792  
0.4839746134  -0.8062794376  0.3401206288  
0.1791490935  -0.936554493  0.3012827308  
0.1311883655  -0.541176036  0.8306130933  
-0.08085453387  0.1262023512  0.9887039551  
0.004057599946  0.4729178512  -0.8810971807  
-0.1889356821  -0.9815538303  -0.02924698583  
-0.03280510277  0.854137443  -0.5190116123  
0.9598111664  -0.2475239503  -0.1322664693  
-0.8221895008  0.321202389  -0.4699291969  
-0.2540897386  0.9661554001  0.04452131534  
-0.6591069616  -0.6920235985  -0.2944169702  
-0.05742226753  0.9795231734  -0.1929690028  
0.2805135207  0.608549845  -0.7422797659  
0.7499369459  -0.4725391277  0.4629269381  
-0.5671727655  -0.6503639244  0.5053135857  
0.1151764005  0.9208678989  0.3724737703  
0.847885627  0.2550760369  -0.4647861647  
0.3736305721  0.6109912132  0.6979182853  
0.5381708912  0.5518971035  -0.637009952  
0.908541612  -0.3145395841  -0.2749854349  
0.601747442  -0.3586694669  0.7136219094  
-0.1820836249  0.9325825248  0.3116655064  
0.241126502  -0.7610145175  -0.602258179  
0.661338962  0.2813222642  -0.6953334171  
-0.303376793  0.1701941978  -0.9375481089  
-0.9861080432  -0.1184014776  0.1164990014  
0.7798575365  -0.6248029805  0.03799287271  
-0.5216797557  0.588433765  0.6177345196  
0.9874489819  0.06844904168  0.1423349456  
-0.7907104785  -0.4403703864  0.425265637  
-0.0280716307  0.1512449518  -0.988097641  
-0.02739589816  0.4645208081  0.8851383415  
-0.7123987606  0.6932193581  0.1092470935  
0.6268773917  0.0742685156  0.7755700635  
0.6140105871  -0.1926829967  -0.7654177041  
-0.0658934944  -0.8535274925  -0.516864457  
-0.01178322387  0.3202421398  -0.9472624386  
0.8683465326  0.4622116724  0.1798184339  
0.3987954506  -0.5578070596  0.7278828703  
-0.3722692494  0.7895904642  0.4878140064  
-0.5872202481  -0.6707294284  -0.4530942663  
-0.943000804  0.3320365829  -0.02238729925  
0.5238387124  0.5030004085  0.6874471561  
-0.3057226423  0.9313241493  0.1979115835  
0.1782651503  -0.07198865864  0.9813455911  
0.6634243546  0.1260304793  -0.737553011  
-0.3395254235  0.006739711333  -0.9405727314  
0.3427050264  -0.3114038144  0.8863300341  
-0.2643939353  -0.9163288269  -0.3007279966  
-0.3723156609  -0.152987525  -0.9154102172  
0.3314327458  -0.6945808578  0.6385215477  
-0.6476370711  0.03315562805  0.7612272515  
0.5612393425  -0.3501423235  -0.7499405001  
0.210313606  0.09405247939  0.9730993363  
-0.1486715731  -0.9683047076  -0.2007056464  
-0.7714515055  -0.1873684565  0.608075354  
-0.9458413021  -0.2335800681  0.2254430816  
0.4298090925  -0.4117977796  -0.8035463476  
0.2412467815  0.9181460426  -0.3143371357  
-0.05704432389  0.906117293  0.4191627327  
0.1336714176  -0.9785587219  -0.1566996486  
-0.6507210674  -0.3944775983  -0.6488062245  
0.4088536472  0.3488818949  -0.8432793835  
-0.03316641059  0.9293658891  -0.3676670144  
0.1761926151  0.7753982359  0.6063940453  
-0.4916046551  0.7291494465  -0.4760944735  
-0.818675473  0.5425540319  -0.1881637382  
0.005702225178  -0.7591213613  0.6509241457  
-0.4067905403  -0.1829902752  0.8950061539  
-0.4693652769  0.8532915662  0.2271337488  
0.9168671343  -0.02947123686  -0.3981031328  
0.5150655561  0.7569337432  -0.4021924681  
-0.8955209408  -0.4087617805  0.1759433184  
0.7388612708  -0.1426649439  -0.6585823687  
-0.6412241084  0.6640094166  0.3846077708  
0.7562951016  0.2752358255  0.5935174469  
-0.586869059  0.09238353055  -0.8043941763  
0.009929311246  -0.9637400748  -0.2666579777  
0.500713622  -0.7840289462  -0.366857575  
-0.9498803234  0.1451288446  0.2768844339  
0.9513115019  0.2998378933  -0.07143993394  
-0.7320104799  -0.6802196489  0.03823462421  
-0.5347678912  0.5000646207  -0.6811451223  
-0.6100705712  -0.7920906472  -0.02015700626  
-0.2828536013  -0.4572047162  0.8431830689  
0.7546661995  0.3494859197  -0.555282378  
-0.7381994788  -0.6422223455  0.2064267141  
-0.5099115257  0.08557564566  0.8559597215  
-0.4701686537  0.2468608081  0.847349502  
-0.6295482842  -0.713746926  0.3069760308  
0.6469409611  -0.5628774108  -0.5144282392  
-0.4675204521  -0.880761073  -0.0753960153  
-0.4898635285  0.6340932326  -0.5982971635  
-0.765465994  -0.02273736563  0.643074509  
0.2739922588  0.2882473197  -0.9175193321  
-0.6037479825  0.4601029103  0.6509943821  
-0.1199886778  -0.5162199032  -0.848009274  
-0.6183099117  0.7461908275  0.2467632509  
0.9853000123  -0.1702627271  0.01394594957  
0.5239820062  0.7797903104  0.3425929494  
-0.2383462899  -0.2541079037  -0.9373474379  
0.6489870486  -0.4907841569  0.581331852  
-0.4037615486  -0.459797011  -0.79092561  
-0.4143469986  -0.6476817549  0.6393941735  
-0.3226214174  0.3227246227  0.8898113502  
-0.373165907  -0.8418725874  -0.3898688913  
0.9390984416  -0.1306202566  0.3178560455  
0.5754500166  0.7971012425  0.1829942283  
-0.6644091384  0.7461652084  -0.04240257702  
0.5199737082  0.1957810773  0.8314427897  
-0.06504644187  -0.9945741799  0.08118596576  
-0.09307978469  -0.9617778617  0.2575257238  
0.7175285385  -0.6687619797  0.1947054467  
-0.9541593952  -0.2036325945  -0.2193481592  
0.6243103729  -0.6143878466  0.4824563526  
0.3455861297  0.9378681841  -0.03120090203  
-0.1052443854  -0.05048495424  0.9931640795  
-0.9190903493  -0.1503959342  0.3642169585  
-0.3865087212  0.6847281077  0.6178660268  
0.310587652  0.9407927486  0.1358098472  
-0.1250086314  -0.2231506212  0.9667350425  
0.7122669163  0.5719368672  0.4068956376  
-0.9043244253  0.4086244801  0.1233830136  
-0.3891951024  -0.01643714936  0.921008682  
-0.1209987953  0.6990181289  0.7047928397  
-0.8571320864  -0.08300510284  0.5083647701  
0.9660685913  0.03819031181  -0.2554466227  
0.2190947819  0.9650941394  -0.143494873  
-0.9876095904  0.07652009154  0.1370108485  
0.4247465213  -0.9016206982  -0.08167318564  
-0.2542242103  0.6063646243  -0.7534533783  
-0.7545663558  0.5233586775  0.395885475  
-0.7746529706  -0.5846106571  -0.2411289173  
0.3950340712  0.3089339102  0.8651635231  
0.09114427975  -0.9957441914  0.01364644666  
0.2061009818  -0.2257113746  -0.9521432459  
-0.1379172976  -0.6913164394  0.7092675093  
0.2643400697  0.5494879732  0.7925826738  
0.7430850318  -0.6182965348  -0.2559961534  
0.2399624848  0.8469362674  0.4744649248  
0.8325696669  -0.3712438213  -0.4111031195  
0.7793872257  -0.1878221185  0.5977277007  
-0.8871756881  0.205249342  0.413269895  
0.8995816962  -0.3990472391  0.1775220349  
0.25725875  0.4066272906  0.8766254514  
-0.7461469475  -0.4298699633  -0.5084058884  
-0.7231832797  0.3429676353  -0.5994823977  
-0.6416441143  -0.4298655405  0.635223148  
0.8156736275  0.4586758626  0.3525521047  
-0.05263466347  0.2983799098  0.9529947647  
-0.7133771405  0.05249271703  -0.6988115412  
-0.8978524432  -0.003724839785  -0.4402807239  
-0.53166766  -0.3979997108  0.7476133556  
-0.07773638818  -0.196372385  -0.9774430625  
-0.08909710326  0.8175166028  0.5689712737  
-0.1844926461  0.7847076848  -0.5917738697  
0.3208540091  -0.9187449374  0.2301313641  
0.1652427713  -0.2466554146  0.9549114791  
0.1751102043  -0.3981591344  -0.900447511  
0.8130247935  0.5780595726  0.06955440862  
0.1863096552  -0.8712968525  0.4540159769  
0.4495027956  -0.4042409978  0.7965779639  
-0.2837345712  0.4921554564  0.8229688329  
0.7051966728  0.6971127909  0.1293499492  
-0.9827795859  0.09022772531  -0.1612552111  
-0.3837812851  -0.8495972078  0.3617962268  
-0.5408645291  -0.2390321373  0.8064299092  
0.3688905828  -0.9270215102  0.06746004392  
0.02087135213  0.6241261593  0.7810447644  
-0.1022616727  -0.3604005586  -0.9271752734  
0.8145276788  0.5093400373  -0.2777001744  
-0.335781406  0.862944993  -0.3775934143  
-0.3680704641  -0.9084478412  0.1981076808  
-0.1435995902  -0.3896146146  0.9097140264  
