1  0  0  
-0.1812970961  0.3787555348  -0.9075657595  
-0.5229649952  -0.8519330244  -0.02679059068  
-0.4068575563  0.1863870624  -0.89427445  
-0.3025738415  0.04640314145  0.9519957032  
-0.9618040132  -0.2346087168  -0.1410382577  
0.5504389401  -0.1142103486  0.8270265833  
0.1619754452  -0.1210620188  -0.9793405653  
-0.7295304339  -0.2561655537  -0.6341644543  
0.3623999845  -0.7837851286  0.5043283885  
0.1214065256  0.9897088959  0.07574138239  
-0.9096239226  0.413549639  -0.0395096901  
-0.001652257041  0.974388701  -0.2248642464  
-0.7609127038  -0.06862637133  -0.6452149087  
0.2441317047  -0.8681952795  0.4320146612  
0.4812174835  -0.4286168097  -0.7646681398  
0.6439307023  -0.7640862005  0.03905801775  
0.8726744446  0.4275111261  -0.2359524334  
-0.7259548934  0.2402880255  0.6443998429  
0.8291695224  0.1645333502  0.5342346674  
-0.4509375796  0.7703192055  0.4508476694  
-0.9872482681  0.1531298884  0.04349821074  
-0.5442570109  0.8245187652  -0.1547679292  
-0.4254679149  -0.04163174044  0.9040154045  
-0.0229530069  0.7784299154  0.6273117457  
0.6061262213  -0.6007188149  0.5212944554  
-0.5450519226  0.5219939861  -0.6560797819  
-0.7527825101  -0.07791154879  0.6536423204  
0.7627295921  -0.4711036128  -0.4430631506  
0.8837474473  -0.2864923001  0.3700170419  
-0.9611717366  0.01287143206  -0.2756505378  
0.6718030441  -0.02991788135  0.7401253882  
-0.2171881732  0.9069840054  0.3608452734  
0.946384003  -0.02092784025  -0.3223652346  
0.8206774011  0.5559924737  -0.1317610432  
-0.9879069545  -0.1439761437  0.05753885023  
0.275038617  -0.4833964047  0.8310726051  
-0.5625312205  -0.05803565127  -0.824736618  
-0.90118004  -0.4280262806  0.06832304646  
0.2037712468  0.6154450271  -0.7613834104  
0.8416150736  0.5381784785  0.04525475895  
-0.3318105567  -0.7481194293  -0.5746469125  
0.6074128724  -0.3710339847  0.7024125459  
0.6453707761  -0.1554357357  -0.7478878883  
-0.2631771552  0.6432289545  0.7190231547  
0.9875370104  0.08108558125  0.1348917405  
-0.6807274736  0.4544313919  -0.574545226  
-0.7588338032  0.6442538579  -0.09543702489  
0.7077134389  0.5365632666  -0.4596102147  
-0.3620754092  -0.2777050615  -0.8898209353  
0.2416034028  0.4700769597  -0.8489142758  
-0.7620494481  0.1203358219  -0.6362388927  
-0.9105153504  -0.3993134834  -0.1072871785  
0.9059521685  0.0704061636  0.4174848986  
0.5959744095  -0.6940626465  -0.4038459434  
-0.5104419434  0.7295284837  -0.4552331424  
0.7609480691  -0.5904016892  0.2690425274  
0.6360968588  0.7678008059  -0.07656832686  
0.1948597645  -0.7607997706  -0.6190423097  
0.2920181575  -0.8245552724  -0.4845967379  
0.9163463099  -0.3197419214  -0.2409866057  
-0.03634369027  0.2918094845  -0.9557857296  
0.1130077169  0.8469634033  -0.5195019244  
0.8451680078  -0.02402457602  0.53396054  
-0.6528644494  -0.1900598564  0.7332429759  
0.5279070617  0.7721173577  0.3537639327  
-0.5260680578  -0.4900922832  -0.695026584  
0.2655180428  0.6673062929  0.6958465926  
0.5364504436  -0.06591733989  -0.8413535677  
0.9635357022  0.1364413897  -0.2301797076  
0.5438899609  -0.7818543568  0.304774466  
-0.8342155203  0.4464463088  -0.3236821882  
-0.3665855194  -0.5399032755  -0.7577067441  
0.4086421585  -0.8981345724  0.1623757252  
-0.05271068735  -0.9224879868  0.382410117  
-0.08235462126  -0.5362593527  0.8400259657  
0.009796515245  -0.1783980527  -0.9839096316  
0.1131146397  0.3822788885  -0.9170975574  
-0.2309171385  -0.9510641206  -0.2053151568  
-0.4270644846  -0.725564846  0.5396031692  
0.9491430519  -0.3043759139  -0.08051565073  
-0.4585833644  0.4358500961  -0.7744262338  
0.295555861  -0.9326144535  -0.2070676558  
0.7174967869  0.5107005806  0.4736911205  
-0.5047858121  -0.8525531554  0.1354415041  
0.5109624926  0.4574125082  -0.7277988242  
0.3919471433  -0.5711557422  0.7212201849  
0.5762353185  0.6376950589  -0.511173033  
-0.1178988436  -0.9229430442  -0.3664368974  
0.8397804158  0.1121591825  -0.5312148068  
-0.2127501903  -0.3076558026  -0.9274078195  
0.4748707924  0.6002182049  -0.6436115575  
0.7235583425  -0.5972332938  -0.3460862866  
-0.2383887669  0.6137828653  -0.7526230066  
0.7819583105  -0.3317984904  -0.5276845292  
-0.04729591127  -0.8617655367  -0.5050972744  
0.6417763529  0.3562257443  -0.6791364605  
0.5156611327  -0.2808744737  0.8094461849  
-0.1153399303  0.9284190165  -0.3531781849  
-0.7250730994  0.6845388321  0.07533649727  
0.4189148065  -0.5900123994  -0.6902142808  
0.9866516509  -0.09712984016  0.130706977  
0.838811244  0.2701050703  -0.4726932916  
0.02052981046  0.1373828144  -0.9903052505  
-0.009776646338  -0.570286017  -0.8213880179  
0.3054960956  -0.706749243  0.6381047274  
-0.1452101052  -0.009407980635  -0.9893561114  
0.5105448479  -0.6555491278  -0.55641648  
-0.1533470403  -0.7718872717  -0.6169884319  
-0.2764978583  -0.3129040778  0.9086473312  
0.7857514916  0.3466283756  0.5122922629  
-0.9867854698  0.01028225572  0.1617056333  
0.379704339  -0.862799438  -0.3337689991  
0.4361153475  0.6296852701  0.6428840209  
-0.9104439999  0.3567894638  -0.2092677746  
-0.5262418507  -0.2398291732  -0.8158133869  
0.2074238702  -0.9755505452  -0.07263932668  
-0.6784154279  0.4291745963  0.5962899237  
0.7468415024  0.5809154376  0.3236742571  
0.5464366429  0.1170458498  -0.8292811733  
0.1344257337  -0.155446567  0.9786552442  
0.3868268454  0.813405315  0.4344384711  
-0.2905863574  -0.1081333859  -0.9507190646  
-0.1872138427  0.7981245436  -0.5726676087  
0.2222573445  0.8925484798  -0.3923759472  
0.6115901789  -0.3399482054  -0.7144177144  
-0.7501640493  -0.6610093192  0.01790472251  
-0.1271760958  0.9651646541  0.2286557042  
0.7725844864  -0.07728140396  -0.6301910789  
-0.7587801817  -0.6323455579  -0.1561785234  
-0.3865374703  0.3348981132  0.8593206839  
-0.5575776071  0.5171795003  0.6493324083  
0.0482818278  -0.9274185055  -0.3708959162  
0.2194277185  0.9699621587  -0.1049994618  
0.6553677623  0.1592478539  0.7383313736  
-0.3970095291  -0.3918231441  0.8299747331  
-0.1555749397  -0.9551559941  0.2519394074  
0.2186944533  0.8437537393  0.4901554483  
-0.4601428116  0.6589383041  -0.5950368933  
-0.6484918493  0.6643458137  -0.3716220676  
-0.03098455696  -0.662758758  0.7481916773  
-0.5343925284  -0.2961821848  0.7916443261  
-0.4517198527  0.8754940074  0.1716374601  
-0.9033934146  -0.2816268551  0.3233676745  
0.3666279547  0.8313358901  -0.4176895745  
-0.6599521788  -0.6597156044  0.3594974867  
-0.860405957  0.3275355154  0.3904126987  
0.5926697449  -0.7961887307  -0.1217623861  
0.4327576577  0.1354582048  0.8912754257  
-0.2853687881  0.06917106312  -0.9559184164  
0.03939046439  -0.9951219955  -0.09044669941  
-0.8347297474  0.2050368721  -0.5110637239  
-0.8829736547  0.4504199725  0.1322095821  
0.9048501745  0.3339109733  0.2641015403  
0.2942828298  0.1407642458  -0.9452952148  
0.155421671  0.738401368  -0.6562069216  
-0.6540812908  -0.7099212054  -0.2611312835  
-0.362134941  -0.5439000154  0.756988149  
0.7524698114  0.2441006756  -0.6117221943  
0.7771530426  0.5530317715  -0.3003148482  
-0.9134917754  0.1742945849  0.3676332058  
-0.5312743947  0.795405682  0.291680165  
-0.2674137357  -0.7952653718  0.5440982287  
-0.6667587778  0.7062741271  0.2379276983  
-0.4085654401  -0.8716238876  -0.2708248138  
-0.4079658494  0.8436341888  -0.3490633484  
-0.8766352245  0.03197664056  0.480091843  
0.38058293  0.9218461652  -0.07318661891  
-0.3331788156  0.5002409245  0.7992189276  
-0.1186432202  -0.4546690838  -0.8827229523  
-0.5016387656  0.8650722274  -0.002930904898  
0.9620642938  -0.2579806197  0.08875975662  
0.4201322666  0.2215237193  -0.8800091592  
0.1478890874  0.1716220743  0.9739993231  
0.7332791793  -0.2936085885  0.6132663711  
0.4501305846  0.3919126862  0.8023633237  
0.6546564901  0.7504754716  0.09061703185  
0.2775451981  -0.2327698006  -0.9320873795  
-0.4930369955  -0.7058147121  -0.5086650305  
0.957959966  0.2868596874  -0.004921711342  
0.5417236191  0.8188021473  0.1899962213  
0.6663698851  -0.7161205817  0.2076595498  
0.429184201  -0.02312267629  0.9029209619  
-0.06214015379  -0.9951682605  0.07601798833  
-0.002582747819  0.7824452768  -0.622713994  
-0.2902626651  0.9162413564  -0.2761328704  
-0.9446011452  -0.1593088494  -0.2869657942  
-0.3171416313  -0.9176824109  0.2393327774  
0.4005967965  0.908701699  0.1174028486  
-0.1665908538  -0.05073858179  0.9847197996  
-0.7175155542  -0.6697365229  0.1913750752  
-0.3590653688  0.7192513786  0.5947684552  
0.2733462479  0.8976335306  0.3457396035  
-0.1457760394  -0.2293695696  0.9623611312  
0.5876368421  0.5759310391  0.5683189069  
0.8466673313  -0.5087935405  0.1558318428  
-0.6556837923  -0.007564483137  0.7549977107  
-0.08312940145  -0.6806670109  -0.7278611975  
-0.912986197  -0.1262514117  0.3879649276  
-0.5217465758  -0.7519835216  0.4028663474  
0.5949756653  0.7646815111  -0.2475199876  
-0.834673723  0.4662976541  0.2930636005  
0.3653319716  -0.9299952418  -0.04051420397  
0.2336912976  -0.4018274577  -0.885394303  
-0.5227861596  0.2492240033  0.8152190059  
-0.8771127383  -0.2545289133  -0.4072938455  
0.605092593  0.3378958064  0.7208948452  
-0.1015296022  0.9931077115  -0.05855606857  
-0.06296449765  0.4423408865  0.8946340102  
-0.3201927292  -0.6795297561  0.6600878175  
0.1925694911  0.5699082322  0.798825136  
0.8309804113  -0.5559935165  -0.01851393002  
0.05268784178  0.9718262595  0.2297340043  
0.7882306682  -0.5860865292  -0.1876032887  
0.2552165145  -0.2411136037  0.9363379523  
0.8372427976  -0.1813724852  -0.5158764575  
0.7325507992  -0.5279677098  0.4296736249  
0.2890049816  0.4345672417  0.8530108048  
-0.6698237226  -0.4281933367  -0.6066190296  
0.04077483316  -0.4450622373  0.8945708568  
-0.7389045928  -0.3970265302  0.5444170617  
-0.8232796074  -0.4274955618  -0.3734410698  
-0.1248380814  0.2939093387  0.9476459012  
0.9099352088  -0.1088792648  0.4002039748  
-0.947526522  0.1923379089  -0.2553421605  
-0.6166594435  -0.5053446781  0.6036206483  
0.1679440244  -0.5481727138  -0.8193298973  
-0.124132884  0.8556624951  0.502426832  
-0.09984656379  0.5674660741  -0.8173205726  
0.06247977759  -0.8667251461  0.4948573516  
-0.3597387427  0.3478513087  -0.8657872164  
-0.6456247093  0.5719379127  0.5060195241  
-0.6297939296  -0.6517733448  -0.4225530894  
0.4492096539  0.847409537  -0.2830331491  
-0.7946457691  0.374626387  -0.4776956895  
-0.01335992217  0.02149689248  0.9996796467  
0.8406185105  0.4954450852  0.2188485489  
-0.6509426222  0.2061647434  -0.7305955114  
-0.9434249976  -0.2870541777  0.1659794353  
0.9635820096  -0.1664560456  -0.2092895022  
-0.2765710519  0.9568961715  -0.08864632079  
-0.0941039468  0.6736542552  0.7330309623  
0.04686513858  0.32491044  0.9445829052  
-0.8176470727  -0.4186711849  0.3951805959  
0.1229604149  -0.7063196368  0.6971322019  
-0.2736361948  -0.9607275567  -0.04610634117  
0.1610692006  -0.9659432152  0.2025102903  
0.4146112467  -0.1545515845  -0.8967783014  
