1  0  0  
0.506787074  0.7840030855  -0.3584773682  
-0.2852680472  -0.2419195278  -0.9274141919  
0.3314631232  -0.2003480916  0.9219505628  
0.1668959099  -0.1088809378  -0.9799442314  
-0.9521661128  -0.2255877639  -0.206130673  
-0.4868189218  0.1838785849  -0.8539297415  
-0.4522559858  -0.7337544335  0.5070196788  
-0.7600529008  -0.1500829396  -0.6322932066  
-0.6088307423  0.7533311233  -0.2486309432  
-0.02504777632  -0.9639197904  -0.2650117857  
-0.8703104174  0.4919952256  0.02237130678  
-0.06016505368  0.9446408461  -0.3225427695  
0.6420544938  0.1414380503  0.7534993729  
0.2222225902  -0.9145655768  0.3379155606  
-0.383144561  0.4849473828  0.7861464757  
0.656422074  -0.7535635913  -0.03538325481  
-0.959627641  -0.262389413  0.1013241659  
0.6888626281  -0.1152985632  -0.7156636926  
0.8099327235  0.005343087967  0.5864984526  
0.3836797697  -0.7406933995  -0.5515098569  
0.5722338731  -0.8152728009  0.08876178565  
-0.4216932856  0.9046232204  -0.06189993497  
0.267613237  0.01710319886  -0.9633746083  
0.05845542331  0.734861149  0.6756937584  
-0.6163901718  0.5763544054  -0.5365433399  
0.4889549948  -0.5899852433  0.6425265954  
0.7264927811  0.1760997655  -0.664226702  
0.7299767653  -0.3818962219  -0.5668237802  
-0.9431730636  0.1857555911  -0.2755348117  
-0.9845035358  -0.07072106583  -0.160472175  
0.571855338  -0.02110524732  0.8200829476  
-0.2281891144  0.8949347935  0.3834337537  
-0.8995090625  0.03639583557  0.4353834972  
0.8147161961  0.4459045723  -0.3706840058  
-0.9864774352  -0.09761519839  0.1316569132  
0.1148031052  -0.4617131443  0.879568769  
-0.5084241673  -0.1242609369  -0.8520939418  
0.9085025354  0.4124145359  -0.06736017938  
0.07454245489  0.7074586717  -0.7028126708  
0.8768482304  0.468606547  0.107448057  
-0.4756038141  -0.7830024326  -0.4008842758  
0.5471603987  -0.3202992701  0.7733200344  
-0.9058628382  -0.3496626904  0.2390575689  
-0.2469675903  0.5909311473  0.7679891851  
0.4966874005  -0.7819222859  0.3766950558  
-0.5913403048  0.4563910344  -0.6648487555  
0.8115901429  -0.5704600783  0.1260822707  
0.6895162964  0.5354332088  -0.4877279527  
0.4335267648  0.2675654127  0.8605017688  
0.3136809809  0.5617064604  -0.7655652125  
-0.7000951855  0.005190259402  -0.7140306663  
-0.8342783062  -0.5503544098  0.03301108035  
-0.8640848336  -0.1281027257  -0.4867721151  
-0.1803096396  0.5809074681  -0.7937474078  
0.4991742833  -0.7007299994  0.5097082527  
0.7283388632  -0.6309135246  0.2673399049  
-0.6008996711  -0.6652768344  0.4430872587  
0.0970736146  -0.6788931977  -0.7277916868  
-0.2401607748  0.8167072853  0.5247018319  
0.9014901591  -0.3003518774  -0.3116155368  
0.04758973778  -0.3292028284  0.9430592318  
-0.1614549252  0.9695625325  -0.1840673862  
0.9019978099  -0.03253694019  0.430512832  
-0.4541485767  -0.2698564703  0.8490739401  
0.5150887556  -0.5057738948  -0.692008917  
-0.6184551651  -0.5623909644  -0.5488438868  
-0.4935205793  -0.6819246711  -0.5398297702  
-0.4219474017  0.02427235966  0.9062953397  
0.5426410165  0.3803999174  -0.7488902657  
-0.4766249924  0.8525274626  -0.214535643  
-0.8245652944  0.4940859513  -0.2756286415  
-0.3566076634  -0.5488889673  -0.7560104999  
-0.3696213594  0.8661712176  -0.3363442767  
-0.6044426398  -0.7966194663  0.006820633397  
0.05636429908  0.4619105236  -0.8851337379  
-0.01616175158  -0.08695014897  -0.9960815576  
0.1256178764  0.3210379682  -0.9386984458  
0.1886710334  0.9323275652  0.308494007  
-0.2339035097  -0.6917783085  0.68317781  
0.9564711586  -0.2396341467  -0.1665484868  
0.4560949095  -0.4595148953  0.7621177694  
0.3108818048  -0.9172699004  -0.2489345962  
-0.8130681376  -0.5137610703  -0.2738060742  
0.3291141648  0.9373606606  -0.1141878208  
0.3564692138  0.8414843875  -0.4059971985  
0.2922698674  -0.464114995  0.8361672058  
0.5408885956  0.6071962882  -0.5820242218  
-0.05722249473  -0.8333615966  -0.5497581609  
-0.8087083413  -0.2403220643  0.5368762652  
0.09000860945  -0.05595030652  0.9943681478  
0.390038204  0.6582629558  -0.643863402  
0.7400325492  -0.5013330502  -0.4483491929  
0.2421308973  -0.6853035664  0.6868272348  
-0.7465689781  0.2383073018  0.6211637392  
-0.2958784933  -0.9362803518  -0.1893013998  
0.5989112916  0.2265856565  -0.7680912739  
-0.3961489095  0.3336333261  -0.8554267036  
0.8972113008  -0.3453947112  0.2751624524  
0.3756747694  -0.8349720648  -0.4021070985  
-0.3879114844  0.6221908208  0.6800023991  
0.9862403818  -0.1000057051  0.1316387794  
-0.9434057727  -0.3237756917  -0.07179728087  
0.02059418033  0.1870307226  -0.9821381718  
-0.0518006925  -0.4873348935  -0.8716773427  
-0.01348444916  0.5912415438  -0.8063817995  
0.2000401188  0.07802837295  0.9766757517  
0.513562027  -0.6394237789  -0.5721811561  
-0.2122751232  -0.7658618391  -0.6069554477  
0.2939772847  0.3015524045  -0.9069969699  
0.8038055551  0.2795725598  0.525105526  
0.9572784202  0.02719951041  -0.2878857635  
-0.5040699889  0.7488806311  0.4302223223  
0.4937449908  0.563434324  0.662387837  
-0.9550592363  0.2672325156  -0.1282522424  
-0.4794218661  -0.4247792529  -0.7679305051  
-0.2044101997  0.9710397285  0.1236863611  
-0.6260505865  0.3709233984  0.6859128922  
0.6123278322  -0.7232427485  -0.3193345465  
0.5072976444  0.1068768593  -0.8551177913  
-0.1585586171  0.198797093  -0.9671291955  
-0.3319684991  -0.8695676525  -0.3655803787  
-0.3610273491  -0.1011558585  -0.9270527199  
-0.2009615844  0.7912738149  -0.5774947545  
-0.1355599204  -0.8042294426  0.5786523236  
0.4953048341  -0.3603515463  -0.7904554917  
0.5618735825  -0.06894947874  -0.8243446164  
-0.1299636957  0.9525301553  0.2753102631  
-0.7500041818  -0.017421879  0.6612036035  
0.7367610648  0.676153141  0.0002516957697  
-0.3601682371  0.3238246721  0.8748808049  
-0.7857092699  -0.6030515823  -0.1378032376  
0.08887642246  -0.885272066  -0.4565023009  
0.06996415433  0.9974809293  -0.01169669826  
0.6930278888  0.2944983751  0.6580144773  
-0.2242424909  -0.4481090231  0.8653979482  
-0.004895794391  -0.9856863653  0.1685183089  
0.3535734927  0.7813532583  0.5142692593  
-0.3528950609  0.581422764  -0.7330843373  
-0.6262229871  0.6711905661  -0.3966711413  
-0.1517130859  -0.5847296491  0.7969155395  
-0.3873397431  -0.4200148479  0.8207042409  
-0.4620045305  0.8474903309  0.2613655539  
0.9452901661  0.1947860187  -0.2616962148  
-0.1983557259  -0.8765521426  0.438533177  
-0.6673159687  -0.7323175994  0.1356478214  
-0.8230816781  0.3498318082  0.447386027  
0.5858660572  -0.7894442686  -0.1831357686  
-0.5699766127  -0.2861121255  -0.7702379584  
-0.2682557372  0.06117651391  -0.9614032939  
0.03974607578  -0.9920889648  -0.119078694  
-0.6299648064  0.6299349905  0.4542314943  
0.9004913894  -0.4004970774  -0.1694619386  
0.8948777908  0.3735043123  0.2443118259  
-0.3914316426  -0.9180232318  -0.0633609896  
0.9851492414  0.1688203874  0.03131531513  
0.666381905  0.7322053045  0.1407499509  
-0.4704305481  -0.5232809581  0.7105435513  
0.8694345152  0.296732296  -0.3950108459  
-0.7396928464  -0.582367958  0.3371973525  
-0.8644274232  0.2017832711  0.4604875042  
-0.5786220065  -0.7680396927  -0.2744295976  
-0.5464380946  -0.8140956125  0.1966055502  
0.734319744  -0.6002608015  -0.3169565961  
0.4363681327  0.8653927983  0.2463293677  
-0.3708364328  0.7109984363  -0.5974626044  
0.8362297909  0.07751867482  -0.5428725374  
0.03406979115  0.889053996  -0.4565328483  
0.246128374  -0.4460323991  -0.8605091066  
-0.2085206206  -0.5235626105  -0.8260758704  
-0.5101070411  0.8574526446  0.06757047294  
-0.9847936438  0.1728777725  0.01716842879  
-0.9850342047  0.07298377384  0.1561441142  
-0.1253021149  -0.2136516233  -0.9688407319  
0.8819058121  -0.2337534749  0.4093915626  
0.341305668  0.4045052411  0.8484609307  
0.6449164811  0.7054941803  -0.2938719004  
-0.3234484758  0.1528443331  0.9338199469  
0.6087856297  0.6744815071  0.4176778109  
-0.8185507891  0.3948072832  -0.4172550955  
0.5274215961  0.8408992402  0.1213051023  
-0.712652022  0.6791190983  0.1758531942  
0.427517676  -0.04181796625  0.9030392541  
-0.1026277319  0.9942445744  -0.03074532385  
0.3293173756  -0.8146628992  0.4773619453  
-0.7026848244  0.7017632848  -0.1173129558  
0.935187358  0.1177131748  0.3340182837  
-0.102236282  -0.9460276425  0.3075377088  
0.1363051916  0.980004682  0.1449541926  
-0.09279690108  -0.04027698286  0.9948700919  
0.7661816599  0.6185032508  -0.1744115615  
0.2458805643  -0.7143253576  -0.6551961779  
0.2053583811  0.8589088717  0.4691518788  
-0.1949745541  -0.172111581  0.9655892123  
0.724458956  0.5473733414  0.4189769042  
0.8960360328  -0.4252148693  0.1277174337  
-0.6377580249  -0.06208786593  0.7677302903  
0.2133851079  0.6535800998  0.7261541495  
-0.9021982782  -0.1362574256  0.4092336506  
-0.4097646371  -0.8782779698  0.2464158071  
0.4746776829  0.8776502461  -0.0664164354  
-0.832304719  0.4573795992  0.313165702  
0.37027086  -0.9231406963  -0.1034927292  
-0.6307389125  0.5157315994  0.5798183695  
-0.6016563626  0.2333085792  0.7639219385  
0.8882174476  0.2651996097  0.3751518797  
0.6067687126  0.4347260617  0.6654659876  
0.2651599473  -0.9636861868  0.03160910857  
-0.1035873932  0.3994899899  0.9108662909  
-0.3599662245  -0.1465293475  0.921386709  
0.3599916125  0.6747809458  0.6442644753  
-0.7750434308  0.631421282  0.02479606707  
0.0559302107  0.9116048436  0.4072449148  
0.8180730282  -0.548830868  -0.1718755331  
0.6749682966  -0.3100521531  0.6695412317  
0.8143954565  -0.1003383605  -0.5715699903  
0.7328436872  -0.5402759205  0.4135723151  
0.1950900664  0.3768530528  0.9054952471  
-0.7228812513  -0.4259381534  -0.5440766362  
-0.7847958283  0.292700682  -0.5462799819  
-0.6829170805  -0.3286909361  0.6523699332  
-0.8180848483  -0.4082644453  -0.4050399038  
-0.06182197933  0.22907  0.971444789  
0.7413041546  -0.1539120221  0.6532834299  
-0.9581192695  0.03250110511  -0.2845191446  
-0.9409457844  0.3379110789  0.02090774024  
0.1000764047  -0.5478112654  -0.830594685  
-0.09521399998  0.7915493032  0.6036422739  
-0.03022142876  0.8083578878  -0.5879151218  
0.1364191476  -0.8755541956  0.4634594554  
-0.2256924158  0.3365634115  -0.9142144188  
0.21609412  -0.2785590512  -0.9357928116  
0.7064564972  0.6486811331  0.2830759706  
0.2600500986  0.9232456115  -0.2828276632  
0.7109982014  -0.4391961778  0.5491705337  
0.2968856685  0.7791682636  -0.552046843  
-0.8389125536  0.1393388788  -0.5261277452  
-0.6241839204  0.1667322311  -0.763278977  
0.7590629767  0.3933897011  -0.5187175921  
0.9401105994  -0.1407491976  -0.3104540614  
0.3187411966  -0.9287790245  0.1891390314  
0.05692622471  0.6185900906  0.7836489678  
0.04288256294  0.3435130379  0.9381683637  
-0.8459833568  -0.4907463394  0.2085190409  
0.08543136197  -0.7056845565  0.7033568007  
-0.2380998069  -0.971079286  -0.01770599189  
-0.6204737614  -0.4729461884  0.6255671141  
0.4671458692  -0.1971361694  -0.8619234697  
-0.1703341839  -0.9743870752  0.1468199355  
