1  0  0  
0.4738917776  0.7826235703  -0.4036420819  
-0.269936724  -0.1154539311  -0.9559312501  
0.3855058186  -0.2299587579  0.8935906409  
0.2160901696  -0.08474978934  -0.9726882912  
0.9058920022  0.3332337149  0.2613713289  
-0.5143325198  0.1346954331  -0.8469469873  
0.4153346798  0.714367981  -0.5631833551  
-0.8270751522  -0.1491920278  -0.5419302829  
0.5144259097  -0.8165805431  0.2618438467  
-0.05074354646  -0.9825093847  -0.1791658488  
-0.8828355088  0.4635005863  0.07595176742  
0.07337201854  -0.9474717365  0.3113099025  
-0.639719733  -0.1295787449  -0.7576067661  
-0.2337367551  0.909799708  -0.3429746646  
0.4218597485  -0.4657393041  -0.7778953999  
0.7102083471  -0.7037125625  0.01981749336  
-0.9096621432  -0.3674706727  0.1935977531  
0.7703536841  -0.1317193433  -0.6238631389  
0.8409446174  -0.02147764506  0.540694795  
0.3963601875  -0.7766130222  -0.4896639822  
-0.913907869  0.3380128415  -0.2247659358  
0.480566954  -0.8705518987  0.1058054554  
0.3024664452  0.06819322805  -0.9507174834  
-0.1314463119  0.7608319273  0.6354971641  
-0.6301117221  0.6120618759  -0.4778488021  
0.676468103  -0.448342476  0.5842772713  
0.6757332072  0.1937880629  -0.7112178425  
0.7310001534  -0.4553046863  -0.5082680577  
0.9495665159  -0.1796168172  0.2570237945  
0.9590688063  0.253901045  0.1253845452  
0.6499153521  -0.04673193054  0.7585684951  
0.2292462903  -0.9405887128  -0.2504775674  
0.916845302  -0.04245695325  -0.396978714  
0.7577947899  0.4305475644  -0.4902814001  
0.9616047845  0.2121960137  -0.1740376115  
0.2858178994  -0.5323300489  0.7968267361  
-0.5358761845  -0.02696170017  -0.8438659737  
0.8338791761  0.5115133556  -0.207363465  
-0.065355119  -0.6107635847  0.7891112418  
0.8796573329  0.4729764219  -0.0499627952  
0.3756292243  0.722748562  0.5801182655  
0.5971229601  -0.3772799717  0.707886992  
-0.8332291672  -0.2856308008  0.4734386977  
0.2679096558  -0.5104434336  -0.8171119369  
0.7177993355  0.6914831854  0.08133337756  
-0.7208939017  0.2851946338  -0.6316454729  
0.8247413555  -0.5631921706  0.05114954108  
-0.6369319228  -0.4556161237  0.621877539  
-0.36578834  -0.2628400608  -0.8928124063  
0.1767301022  0.4938741691  -0.8513840356  
-0.7499052082  -0.05293219142  -0.6594242654  
-0.9456675904  -0.3233005156  0.0344903619  
-0.8797327284  -0.2431083715  -0.4086179712  
-0.5892381719  -0.8052735398  -0.06582478906  
0.4970085872  -0.655603591  0.5684772604  
0.645008893  -0.7025557192  0.3006309855  
-0.551841975  -0.6766504301  0.4874573111  
0.2029857287  -0.6454322746  -0.7363517996  
0.2293603407  -0.825426423  -0.5158149419  
0.9157145439  -0.2069566431  -0.344435512  
0.05096427364  -0.3363066989  0.9403725044  
0.1126290525  0.730249547  -0.6738325427  
0.9072145855  0.07281232841  0.414318791  
0.3771377617  0.2188079063  -0.8999390028  
0.5249302344  -0.5219765588  -0.6723010643  
0.549115369  0.4757234086  0.6871386687  
-0.3053646954  -0.6400149725  -0.7050767602  
-0.5243008306  0.06827748884  0.8487913899  
-0.3824328331  -0.6116252282  0.6925746951  
-0.3605074881  0.9069084489  -0.2180628724  
-0.8396261942  0.5032895832  -0.2042729776  
-0.3949514184  -0.5157302862  -0.7602865572  
0.3902273991  -0.8461906643  0.3628828139  
-0.9045847801  -0.4124594482  -0.107719911  
-0.009565609571  -0.4775400451  0.8785579118  
0.1208562912  -0.2508813229  -0.9604438134  
0.1182442447  0.3534929623  -0.9279337391  
-0.1947570956  -0.9516057708  -0.2377312151  
-0.1664511461  0.4496191477  -0.877574292  
-0.9877791189  0.1451358817  0.05681538692  
-0.3416089749  0.3890145313  -0.8555530391  
0.4384374022  -0.8970332604  -0.05571331953  
0.7416109418  0.5571356627  0.3736483165  
0.3963402139  0.9061783818  -0.1474963565  
-0.320298554  -0.8187913238  0.4764342603  
0.453945811  -0.4641548555  0.7605875826  
0.5291269117  0.5832336499  -0.6163304479  
-0.107081248  -0.8524255365  -0.5117658752  
0.8857818417  0.1257843615  -0.4467312653  
-0.05599986117  0.1056029296  0.9928303162  
-0.245189913  -0.9461361469  0.2114433685  
0.6830319225  -0.6045890631  -0.4098041698  
-0.3957620198  0.6018685089  -0.6936329877  
0.7738155205  -0.3030960219  -0.5561855281  
0.602423812  0.3073916686  0.7366111001  
0.4410274551  0.3533273993  -0.8250178984  
-0.4970641358  0.3071433594  -0.8115357058  
0.6108266516  -0.7316672904  -0.3025785481  
0.6660457246  -0.7325482299  -0.1405566918  
-0.3664684374  0.6031025999  0.7084970983  
0.9863435119  0.0864966055  0.1401599578  
-0.9088096008  0.09892772221  -0.4053127377  
-0.02481189843  0.03851429037  -0.9989499583  
-0.05489325706  -0.5408644013  -0.8393166445  
-0.9860981273  -0.1655012539  0.01482626904  
0.1905877659  -0.0185310639  0.9814952385  
0.4664977188  -0.6596079306  -0.589319316  
-0.03410969891  -0.767904597  -0.6396554216  
-0.2182488018  -0.2144542597  0.9520382508  
0.7880068526  0.3162216561  0.5282509484  
-0.9880794549  -0.04779949073  0.1463359134  
-0.4709804881  0.8131992886  0.3418834551  
0.4734807068  0.6082148591  0.6370955231  
0.9650566762  -0.247315724  0.08660568314  
-0.46464143  -0.3741122944  -0.8025885202  
-0.2818329853  0.9549653852  0.09279699034  
-0.6460327252  0.4136127309  0.6415342757  
-0.5486365473  0.7026931118  0.4530125049  
0.4580385928  0.07545717829  -0.8857239196  
0.1058999819  -0.1811376607  0.9777394038  
-0.2653756361  -0.818572499  -0.5094259865  
0.414163694  0.1059136947  0.9040192055  
0.2620769833  -0.8326069094  0.4879358455  
-0.04785530929  -0.9023191782  0.4284039798  
-0.5370001483  0.3598877296  0.7629624256  
0.6649908341  -0.08523059  -0.741972329  
-0.06462369999  0.9576644366  0.2805398444  
-0.739528212  -0.03978208825  0.6719489632  
0.8232647975  0.5598924306  0.09357103855  
0.4411419277  -0.2274020126  -0.8681486764  
-0.7397127502  -0.6314842156  -0.2324924359  
0.1472334109  -0.9046395741  -0.3999369497  
0.129053123  0.9865241206  -0.1005755977  
0.7236165389  0.226509736  0.6519758003  
-0.281963949  -0.3610841486  0.8888838895  
-0.03498518089  0.9879429787  -0.1508134875  
0.199333632  0.747548915  0.6335903431  
-0.5543070485  0.5312163979  -0.6407439696  
-0.5397785338  0.7349180788  -0.4105295993  
-0.1024637866  0.5809871287  -0.8074373838  
-0.5332546305  -0.2120017325  0.8189595622  
-0.3868114689  0.8959453284  0.2183090835  
0.9099180565  0.2535732059  -0.3282525852  
-0.2025054568  -0.9025977321  0.3798800784  
0.6762008716  0.7334423819  -0.06938770621  
-0.8458975255  0.3389174901  0.4118158707  
0.5333551559  -0.8263695617  -0.1806810041  
0.5156062623  0.2099178691  0.8307133504  
-0.2643916011  0.1505140981  -0.95259781  
-0.1175321695  0.9851563358  0.1251126822  
0.2271481019  0.6210123337  -0.7501649293  
0.8968277388  -0.3659975934  -0.2484869586  
-0.8366995421  -0.489993796  -0.2446220681  
-0.954591882  0.2293777015  0.1901057832  
-0.3989720097  -0.8114943718  -0.4269639563  
-0.6262654017  -0.7482478388  -0.2188991054  
-0.3380856581  -0.4932445059  0.8015035528  
0.7260293222  0.3160970709  -0.6107078394  
-0.736233102  -0.6413766745  0.2158628753  
-0.854406069  0.1721127416  0.4902728561  
-0.6125440098  0.5691930731  0.5484606472  
-0.6192451621  -0.7533217191  0.2214538707  
-0.7329405613  0.6291364422  0.2588155147  
0.3606615519  0.887406139  0.287112503  
-0.4097123157  0.7650367442  -0.4968446421  
-0.7951063569  -0.1645976637  0.5837066817  
0.1638136964  0.8294331919  -0.5340464896  
-0.3533969117  0.3583190657  0.8641285031  
-0.1382615148  -0.411402325  -0.9009061441  
-0.5818403578  0.8131410091  0.01623259883  
-0.9875799682  0.09205131759  -0.1273277709  
-0.6205460757  0.7707106169  -0.1446641383  
-0.1053942796  -0.1242752668  -0.9866345341  
0.8848533146  -0.2658660087  0.3825570246  
0.3034055777  0.406896706  0.8616148363  
0.6391995274  0.6805837906  -0.3580917036  
-0.3762715255  0.08010147158  0.9230403531  
0.5158330586  0.7024469478  0.490392232  
0.8374782226  -0.4231435168  0.3458031098  
0.4826335773  0.8566921677  0.1820531788  
0.9456910453  -0.3191044231  -0.06197430174  
0.3822016677  -0.04787023438  0.9228381905  
-0.006851023837  -0.9998890942  -0.0132235663  
-0.1569054342  0.7802277627  -0.6054959315  
-0.7424734568  0.6478325134  -0.170429459  
-0.946017127  -0.1674838592  -0.277490094  
0.08740523819  0.959619009  -0.2673792848  
0.170835147  0.9829928542  0.06738249832  
-0.1387680713  -0.05982755419  0.9885161031  
-0.7894344292  -0.610732694  0.0616348809  
-0.3023665624  0.7238960431  0.6201201341  
0.2229388836  0.8974172261  0.3807106204  
0.0550353783  0.2029873748  -0.9776334859  
-0.63422766  -0.6716424529  -0.3829512903  
0.9079528761  -0.4114477697  0.07957579759  
-0.6083602947  -0.0657334633  0.7909341715  
0.1283183093  0.6557985819  0.7439506916  
-0.9496753187  -0.09027124277  0.2999464814  
-0.49312715  -0.8312418795  0.2566370038  
0.5416090579  0.8357287035  -0.09064856616  
-0.7942578727  0.4855254892  0.3652662466  
-0.324579764  0.9436344796  -0.06482241682  
0.3171577712  -0.7206179363  0.616539324  
-0.6826882771  0.26093664  0.6825311613  
0.8273179291  0.4050667984  0.3891862445  
-0.6720699221  -0.3970816813  -0.6250185262  
0.1611659666  -0.9863747146  0.03302201579  
0.03105256743  -0.4071512952  -0.9128327124  
-0.8447495473  -0.4077248659  0.3466390575  
0.2249090003  0.538531299  0.8120344707  
-0.7834450434  0.6137411735  0.0976505803  
0.05803270749  0.9265417249  0.3716888979  
0.8339564599  -0.5076571328  -0.2163350609  
0.7487264133  -0.1201487815  0.6518995539  
-0.8402250938  0.003103642782  0.5422288808  
-0.7459990863  0.582623356  -0.3225451724  
0.2075312176  0.268627981  0.9406220291  
-0.6105671725  -0.5765447254  -0.5429584767  
-0.7938820844  0.3492798731  -0.4977497427  
0.592912022  0.3388908758  -0.7304849816  
-0.7226162793  -0.4750869846  -0.5021136026  
-0.1937410157  0.3866003492  0.901667671  
-0.8291978022  0.1895900836  -0.525819936  
-0.9613094466  0.007527183111  -0.2753679166  
-0.3249220286  -0.9364262611  -0.1324066947  
-0.1096600013  0.5352176178  0.8375659889  
-0.05149875444  0.8562001434  0.5140711942  
-0.2147111543  0.6590243206  -0.7208231857  
-0.1084368443  0.8788142102  -0.4646794968  
0.2192222321  -0.3050375854  0.9267651722  
-0.2809410446  0.2279261359  0.9322670251  
0.5199293473  0.7876294962  0.3306255444  
0.3519124797  0.8793181856  -0.3208693429  
0.7384573816  -0.4999266587  0.4524975485  
-0.4921282858  -0.4749774247  0.7295246373  
-0.004044649143  -0.8169189267  0.5767383358  
0.6276763152  -0.2116223534  0.7491584765  
0.6633679474  0.561537664  -0.4945891409  
0.968378159  -0.07733716062  -0.237197607  
0.19982376  -0.9611815418  0.1902643126  
0.03827725982  -0.6617683081  -0.748730631  
0.04179260819  0.2703554952  0.9618530471  
-0.755042287  -0.5499626854  0.3570044672  
0.04847209917  -0.7068160431  0.7057347496  
-0.2890439788  -0.9565306994  0.03876337693  
-0.2680821041  -0.7322014067  0.6261094836  
0.5766867758  -0.2110163687  -0.7892429631  
-0.315964101  0.8712506249  0.3756182044  
-0.4407491598  -0.8973204766  -0.02358262842  
