1  0  0  
0.5592745959  0.7050610229  -0.4360055968  
0.6699847038  0.7280399788  0.1451836282  
-0.2560301945  0.1154425564  -0.9597507779  
0.1807608983  -0.04666732775  -0.9824192884  
-0.8978094283  -0.3641122591  -0.247710503  
-0.5216520562  0.1283835969  -0.8434434091  
0.4379382327  0.7096871876  -0.551864295  
-0.8164202659  -0.276718107  -0.5068382766  
0.6281937233  -0.7447212146  0.2253063658  
0.111933232  0.9587183913  0.2614000722  
-0.9038891537  0.425723645  0.04175854447  
-0.05672323808  0.9559240866  -0.2880826531  
0.6584670854  0.14161065  0.739166775  
0.340194502  -0.8787455539  0.3347744799  
0.3789684806  -0.4925016652  -0.7834698465  
0.7601617799  -0.6497328391  0.001142863889  
-0.9219272414  -0.3188779682  0.2199249939  
-0.7121853109  0.1170943302  0.6921567747  
-0.8778038885  -0.113698083  -0.4653311502  
-0.4629129424  0.757599292  0.4601683611  
-0.5255167781  0.8414123841  -0.1259258346  
0.4126990344  -0.9107461106  0.01486704348  
-0.3315720107  -0.01381919364  0.9433286975  
-0.03760542178  0.8781567638  0.4768925775  
0.6602988154  -0.5807008899  0.4762267851  
0.4799896951  -0.4482846095  0.7540893856  
-0.4744409499  -0.206278468  0.8557774119  
0.7412079094  -0.4155291645  -0.5272061727  
0.9032834712  -0.2217975093  0.3672667089  
-0.9554285609  -0.2025640419  -0.2147651602  
-0.7360436083  -0.01900508378  -0.6766672841  
-0.3053518383  0.9149151242  0.2639897163  
0.9521956476  0.1663932657  -0.2561966623  
0.7735652079  0.441833202  -0.4542909758  
0.9583877583  0.2763384728  -0.07162369124  
-0.2014114299  0.434445205  -0.8778899702  
-0.5447878083  -0.07713163865  -0.8350191341  
0.9060600484  0.4207528061  -0.04496959921  
-0.005323251695  0.6303197832  -0.7763173538  
-0.7816899219  -0.609093895  -0.1340354172  
-0.5014654217  -0.6578926968  -0.5618804413  
-0.5060126506  0.2950340058  -0.8104974601  
0.06551909265  -0.7779112374  -0.6249490821  
-0.366636275  0.6282809922  0.6861784292  
-0.5095853818  0.5204934415  0.685134524  
-0.5813608016  0.5212945598  -0.6247172162  
-0.8444370673  0.5312950413  -0.06820277426  
0.7701489825  0.3141454303  -0.5551424982  
-0.4569400504  -0.2517341961  -0.8531328647  
0.1198860518  0.5390526299  -0.8336963457  
0.8330331465  -0.01975902273  0.5528701094  
0.8739566768  0.4720865014  0.1154732104  
0.9445541005  0.07405054536  0.3198969646  
0.4441700972  -0.8419296172  -0.3063779437  
-0.5871468519  0.7117468071  -0.3855840465  
0.7462605131  -0.6452027556  0.1637334744  
-0.6759903096  -0.5826428684  0.4511811047  
-0.2143259736  0.7154866482  0.6649385185  
-0.3244849559  0.8446330384  0.4257987128  
0.9565057171  -0.1581352736  -0.245132716  
-0.0710655447  0.3383332843  -0.9383391056  
-0.1355157353  -0.8634727948  0.4858499956  
-0.9079214887  0.05838090644  -0.4150545026  
0.3425731746  0.1663904915  -0.9246392942  
0.03940632923  0.06554643267  -0.997071114  
0.497164409  0.5395594134  0.6794874464  
0.225860649  0.7354553613  0.6388210851  
0.5878367117  -0.09477651784  -0.8034086208  
0.5621875186  0.5977397955  -0.5715350652  
-0.3796692129  0.9077364392  -0.178510072  
-0.8230838595  0.5160860484  -0.2370403993  
0.3555252939  0.5198268683  0.7767765396  
0.4915654873  -0.8222413508  0.2868493205  
-0.8364126169  0.1833981149  -0.5165065979  
0.03995843807  -0.4900069649  0.870802215  
0.1309415964  -0.1993186098  -0.9711469457  
-0.08953243466  -0.3913224563  0.915887918  
-0.2620475176  -0.9315306306  -0.2521542837  
0.1711049728  0.7740326962  -0.6095871336  
-0.9861485256  0.1493377834  0.07217556357  
-0.3594820865  0.3674302179  -0.8577690041  
0.2884587226  -0.9525272516  -0.09738275128  
0.8262322756  0.399533685  0.3971310379  
0.3506544608  0.930310606  -0.1075342996  
-0.4251614253  -0.8077012254  0.4084807129  
0.3282098016  -0.5128508457  0.7932605727  
0.5480258679  0.475492808  -0.6881673036  
-0.1242702767  -0.9041560957  -0.4087280917  
0.7787800198  0.02129221055  -0.6269356606  
-0.6611713334  -0.04102066441  0.749112657  
0.2726889786  0.5785510277  -0.7687128393  
0.8237207778  -0.4230970494  -0.377455914  
0.5297092255  -0.6564698319  0.5370805305  
0.7360824065  -0.2713444482  -0.6201248917  
0.5989389836  0.8007941445  -0.0009121510527  
0.5194409727  0.3463051647  -0.7811874351  
0.3829338878  -0.2108912161  0.8993811942  
-0.4300417365  -0.5937813235  0.6800645887  
-0.5398218756  -0.8275859585  -0.1539279828  
0.4920386951  -0.6482712439  -0.5810699758  
-0.9858444264  -0.03373734362  -0.1642332443  
-0.6276454789  0.533132726  0.567301198  
0.06032329588  0.2325463948  -0.9707127661  
0.06768519827  0.5805698757  0.8113922192  
0.3653490579  0.7600592198  0.53742911  
0.1200276463  -0.01162024308  0.9927025406  
0.605953512  -0.6512208087  -0.456871754  
0.08122816496  0.8177229962  0.5698518112  
-0.2463850035  -0.4395050079  0.86378804  
0.7298910381  0.4155344535  0.5427616332  
-0.9860165313  -0.1275864807  0.1072058299  
-0.5716031498  0.7477638073  0.3378152271  
-0.2196982481  -0.6184995598  -0.7544474629  
0.9450816977  -0.2542781474  0.2053368171  
-0.4781545055  -0.4053374352  -0.7791468619  
-0.1353260447  0.9899817685  0.04028597364  
0.6352454767  -0.3976377034  -0.6620781232  
-0.8750171006  0.3746472317  -0.306568957  
-0.4467123764  0.0772309209  0.8913380042  
0.09753549665  -0.1763199034  0.9794887026  
-0.4475263317  -0.8422752254  -0.3004873161  
0.4112597479  0.111030031  0.9047307621  
-0.2903140581  0.8274715238  -0.4806335662  
-0.01163594554  0.8960373108  -0.4438262525  
0.5118035415  -0.3775225309  -0.7717084123  
-0.8157598152  -0.5108306189  -0.2712710871  
0.1596704897  -0.9641398277  -0.2119899227  
0.8725408395  -0.001410871047  -0.4885391416  
0.4822665559  0.7624138117  0.4314442591  
-0.3773901625  0.3409843098  0.8609915015  
-0.9844652765  0.01280576063  0.1751117696  
0.1802479825  -0.9073599434  -0.3797480717  
0.1875851375  0.9800421759  -0.06579627311  
0.7854052631  0.1486755177  0.6008611847  
0.3675563652  0.3304408438  -0.8693164942  
0.06555261159  0.9819271506  -0.1775441521  
-0.2251504173  -0.8325372695  -0.5061511479  
-0.4398252417  0.589335197  -0.677670851  
-0.7131765511  0.622371513  -0.3225413256  
0.1640161126  -0.5789587883  0.7986898248  
-0.6081088505  -0.1945076576  0.7696560251  
-0.4353195161  0.8879563428  0.1484265886  
-0.8665020302  -0.2863694889  0.4088603031  
0.2676607016  0.8863369721  -0.3778419256  
0.6414512638  0.7513701204  -0.1548651614  
-0.8322045319  0.2840888008  0.4761608661  
0.5762303915  -0.7952124237  -0.1886683255  
0.5831584572  0.2742741748  0.7646567144  
-0.2695073077  -0.05067449354  -0.9616641341  
0.009926178308  -0.9883579174  -0.1518225879  
-0.2832580094  0.6443267647  -0.7103576003  
0.9456585076  -0.2925106029  -0.142012444  
0.8253402068  0.5641507212  -0.0233988637  
-0.2328147774  -0.9463358075  0.2241557916  
-0.1465868023  -0.1616963728  -0.9758927156  
-0.45727798  -0.8891961763  -0.01506681837  
-0.4011043477  -0.4705023098  0.7859662072  
0.727882005  0.1798478299  -0.6616967166  
-0.7579604195  -0.6306946953  0.1664938551  
-0.9009241609  0.1482295496  0.4078770121  
0.3863222167  -0.7152255483  0.5824152814  
-0.66438458  -0.6816870606  0.3064243483  
-0.7919532341  0.549181728  0.2668510907  
0.3917590995  0.9045149943  0.1684560272  
-0.4456823309  0.7795931262  -0.4400020654  
-0.906724574  -0.1353832164  0.3994019675  
0.3017079145  0.8018297988  -0.5157919232  
-0.2378276072  0.4511068066  0.860198046  
-0.05182833504  -0.4361636563  -0.8983735796  
0.5557183688  -0.8304635772  -0.03882449594  
0.9862647825  -0.1312544782  0.1002698398  
0.6922101029  -0.6640688882  -0.2825910211  
-0.008602964892  0.09670237708  0.9952761623  
-0.7363587768  0.2930405236  -0.609838506  
-0.3353428248  -0.3735667213  -0.8648659402  
0.7691219347  0.5554361049  -0.3161363361  
-0.3146904855  0.1596038732  0.9356797005  
-0.6248709736  -0.5439054974  -0.5600920248  
0.8180608357  -0.3393775944  0.4643267358  
0.616690644  0.6568108701  0.4339264113  
-0.6957849977  0.7068536327  0.1274408839  
0.4084278361  -0.04517245059  0.9116721737  
-0.02837449992  -0.9995278507  0.01178827164  
0.1149189932  -0.8334281792  0.5405470331  
-0.6547192638  0.753806248  -0.0558464506  
0.8988393611  0.2432396566  0.3645850687  
-0.1087134877  -0.9363725604  0.3337481173  
0.1542938249  0.9823168205  0.1060522499  
-0.1914399552  -0.1199832688  0.9741430895  
-0.7221826015  -0.6916079144  0.01143603328  
0.3416938946  -0.7479921751  -0.5689929598  
0.3171859386  0.8656380433  0.3873807667  
0.2177207771  0.283668421  -0.9338789483  
-0.5903876144  -0.7506864884  -0.2965000184  
0.9064329361  -0.3991458979  0.1380647841  
0.5165049581  0.05780913379  -0.8543305756  
-0.0755835356  -0.7085410422  -0.7016100916  
-0.8283886918  -0.1609121038  0.5365440057  
-0.5388424898  -0.791486055  0.2884416682  
0.5042566235  0.8523126004  -0.1388830042  
-0.9021461002  0.2937717662  0.3159597495  
-0.2598087922  0.9630581044  -0.07084122372  
0.01698218392  0.7846874647  -0.6196589289  
-0.618740439  0.2492166532  0.7450176702  
-0.7313919086  -0.5353901532  -0.4224017755  
0.6120436092  0.4173495243  0.671730597  
0.09794239462  -0.9872880253  0.1251784422  
0.08669953945  -0.5247074292  -0.8468561292  
-0.1354781259  -0.6746946637  0.7255568814  
0.206759998  0.4819977972  0.851427288  
0.8202894227  -0.5605925708  -0.1134073744  
-0.03291957822  0.9450059195  0.3253922456  
0.880425062  -0.4252395362  -0.2098166987  
0.745122055  -0.138123457  0.6524684159  
-0.8165019734  0.1376629588  0.5606901437  
0.7782746849  -0.4856982542  0.3979770353  
-0.1759802326  -0.3314824942  -0.9269036162  
-0.3672132742  -0.648114511  -0.667159645  
0.6165550585  -0.3740116427  0.6928023895  
-0.6544555014  -0.3329296264  0.6788562886  
-0.7073297879  -0.2836662397  -0.6474704902  
-0.0971476575  0.3723659686  0.9229874962  
-0.634471596  0.2159135813  -0.7421772829  
-0.9597876194  0.09578709328  -0.2638798179  
-0.9424754997  -0.3212598171  -0.09236916402  
0.2299596486  -0.5903333519  -0.773708662  
0.1922730055  -0.8259906648  -0.5298778284  
-0.2319554276  0.7565682311  -0.611392829  
0.1752688749  -0.9031446944  0.3919317319  
0.2293629434  -0.2788329  0.9325475077  
0.2428746458  -0.2977932692  -0.9232177832  
0.7124570889  0.6394498602  0.288978845  
-0.3909778812  -0.8821212355  0.2626755076  
-0.7081972085  0.4414150562  -0.5510076788  
0.8524637294  0.4141475498  -0.3190413719  
0.2966942304  0.2235335792  0.9284423906  
0.6319015651  -0.04573667249  0.7736979829  
-0.6712732063  -0.4638277476  0.5781488589  
0.9443043945  -0.005318114388  -0.3290302845  
0.22052244  -0.9467759075  0.2344893055  
-0.07576339118  0.659186051  0.7481534994  
0.02365148401  0.2691363355  0.9628116328  
-0.8537846327  -0.4895601497  0.1771515193  
0.1063597969  -0.7118751173  0.6942055971  
-0.2991964271  -0.9527390511  -0.05262887497  
-0.3031597593  -0.6925436913  0.6545818482  
0.4805741177  -0.2245552358  -0.8477166175  
-0.9586766782  0.282855156  -0.03052846861  
0.9851348733  0.1619749123  0.05721371443  
-0.7228984346  0.5490080143  0.4195331376  
