1  0  0  
0.5942722819  0.744629529  -0.3039199229  
-0.5161129829  0.4153286898  0.749085755  
-0.4087427462  0.2602041692  -0.8747703457  
-0.1477139327  -0.03545978598  0.9883942521  
0.8972117995  0.3422964266  0.279005633  
-0.478653209  0.1106657298  -0.871001838  
0.4518439417  0.8055965566  -0.3832117434  
-0.7098444473  -0.209618481  -0.6724440148  
-0.6658916642  0.7224104819  -0.1863099224  
-0.01561793018  -0.941277337  -0.3372729683  
-0.8903173074  0.4552985735  -0.006188793601  
-0.2794145837  0.916244858  -0.2870938009  
0.6695699955  0.05968590443  0.7403469551  
-0.3238136193  0.8424416258  -0.4306237883  
0.393730588  -0.3593619957  -0.8460704345  
0.7010240863  -0.7061915819  -0.09929088676  
-0.9553254252  -0.2908032293  0.05279028151  
0.7077419727  -0.01811023698  -0.7062388543  
-0.782901273  -0.06586614431  -0.6186495355  
0.4708186638  -0.6882426393  -0.5519527654  
-0.6976836226  0.6093609354  0.3767184801  
-0.4834596326  0.8752067318  -0.01673200975  
0.3022167914  0.133587456  -0.9438322958  
0.0306583891  -0.7649910638  -0.6433107612  
-0.5221134038  0.5240386073  -0.6728901334  
0.3915953828  -0.5122890886  0.7643382405  
0.8434874531  0.1899705207  -0.5024341924  
0.7328490969  -0.3468368811  -0.5853515004  
0.9583610417  -0.1042022058  0.2658684149  
-0.9564113683  -0.1933948895  -0.2188051903  
0.6182069307  -0.09345679736  0.7804396312  
0.3655086844  -0.8840166146  -0.291406978  
0.8986516261  0.06054659226  -0.4344644577  
0.8012290781  0.5306777047  -0.2764292642  
0.9850652695  0.1306308912  -0.1121694485  
0.1631694572  -0.4476878384  0.8791765054  
-0.5354671215  -0.04516889618  -0.843347338  
0.8978372909  0.4403066908  -0.004268148559  
0.1861542412  0.6796128251  -0.7095583178  
0.8169077808  0.57486124  0.04686397715  
0.3849613253  0.7095997373  0.5901465842  
0.6100169357  -0.3868173845  0.6915574085  
-0.9557941976  0.2031335956  0.2125892618  
-0.225927092  0.5900342368  0.7751235698  
-0.04965972837  0.02815907179  -0.9983691592  
-0.7196704049  0.3865862094  -0.576737038  
0.8143159155  -0.56262383  0.1426324495  
-0.7576820308  -0.4905977072  0.4303856757  
-0.3336079005  -0.3137069261  -0.8889846642  
0.2699763625  0.5583780113  -0.7844276641  
-0.7359273422  0.08946281558  -0.6711239465  
-0.9420700584  -0.3166200502  -0.1107056855  
0.8742514152  0.07517332691  0.4796180084  
-0.7658008042  0.6057874395  0.215802471  
0.5801349472  -0.7490659948  0.3199118292  
0.7211330155  -0.6267807622  0.2951491997  
-0.5523650797  -0.6947240676  0.4607073784  
0.196066259  -0.7144788028  -0.6716234528  
-0.320487519  0.7623312926  0.5622621724  
0.9014219287  -0.2296746135  -0.3669987444  
-0.0839184122  0.3163781402  -0.9449140556  
-0.07930747062  -0.7808835312  0.619621849  
-0.9089307442  0.06922356455  -0.411160553  
0.4072291751  0.2587855985  -0.8758963483  
-0.5915771642  -0.04101569878  0.8052044282  
-0.5047165492  -0.4667145886  -0.7262497489  
-0.2468822037  -0.7023265131  -0.6676725593  
-0.3515196004  0.01547106793  0.9360526783  
0.4979563095  0.6210443624  -0.6052630946  
-0.5342292875  0.8275037599  -0.1727327291  
-0.8157482842  0.4980257642  -0.2941514491  
-0.3779710286  -0.5917322214  -0.7120329204  
0.4362925166  -0.8457722683  0.3071125367  
-0.1170231674  0.9568132313  -0.2661090354  
-0.003731720666  0.4677297356  -0.8838636596  
0.04689556079  -0.09331458517  -0.9945316458  
0.1799483794  0.445580687  -0.8769700292  
0.1847757047  0.9424082945  0.2787912217  
-0.3373789315  -0.8938599887  0.2952791514  
0.9837476218  -0.1706545768  -0.05583576007  
-0.3187818867  0.4053203211  -0.8567925922  
0.4299068096  -0.8920485642  -0.1393897205  
-0.6978540669  -0.6368157569  -0.3278191469  
0.3768950338  0.925096101  0.04633937263  
-0.1723799934  -0.9215763009  0.3478250415  
-0.244668716  0.5634696802  -0.7890748627  
0.5713368022  0.4803653022  -0.6654497989  
-0.00823402826  -0.8613424746  -0.5079580123  
0.745627177  0.2634012363  -0.6120946835  
-0.8744376519  -0.4570181676  -0.1627672799  
0.2263623485  -0.6885878004  0.6889172144  
-0.7257084615  0.4858213499  0.4871599788  
0.5113014082  -0.6498874868  0.5623318632  
0.7294120075  -0.1855546076  -0.6584281365  
0.4289202407  -0.795352014  -0.4283019972  
0.628801588  0.3257151487  -0.7060582163  
0.4806780248  -0.3820568164  0.7892915973  
0.607150564  -0.5950640433  -0.5265614656  
0.61722391  0.7860231108  0.03467440302  
-0.3792238481  0.511777692  0.7708909566  
-0.9861926282  -0.03062881976  -0.162745124  
-0.8645541094  -0.3850374855  0.3229432253  
0.004156734652  0.1761007474  -0.9843633721  
-0.07339924993  -0.555564952  -0.828227103  
-0.1800108212  -0.2905370146  -0.9397788822  
-0.2231084495  -0.0002449444603  -0.9747935985  
-0.4990085497  0.562103788  0.659567888  
-0.1289163558  -0.7940621944  -0.594008253  
-0.2564526084  -0.3045456078  0.9173243878  
0.81477398  0.2156054337  0.5381985308  
-0.9869973349  0.03441854424  0.1570083586  
-0.5701625434  0.7117389338  0.4102954597  
0.5163392174  0.5895087505  0.6211869651  
0.9441575354  -0.2516659467  0.2126753385  
0.4808859333  0.3286525527  0.8128568255  
-0.2737947594  0.9498525499  0.1510515248  
-0.6299872007  0.3039022705  0.7146744273  
0.6195509395  -0.7843150176  0.03172674795  
0.4584835905  0.09819216177  -0.8832616241  
0.1588098355  -0.1550851877  0.9750528297  
-0.3063714106  -0.8802650218  -0.3623120895  
0.2848954418  0.1578273155  0.945476137  
-0.2070164068  0.8070027336  -0.553073951  
-0.04989122874  -0.9716382446  0.231149274  
0.5103191711  -0.2496496895  -0.8229516244  
0.4048530371  0.7439517562  -0.5316293848  
0.2073050051  -0.9322401005  -0.296568761  
-0.7895118191  -0.0910145753  0.6069492851  
-0.6101210801  -0.7631770245  -0.2128687317  
-0.3779042172  0.1841282007  0.9073506534  
0.941546533  0.2624670703  -0.2111898745  
-0.2765398528  0.8574633493  0.4339151005  
-0.003584330165  0.9988477181  0.04785800466  
0.5835684747  0.1980370046  0.7875463035  
0.3464027516  0.4200516451  -0.838785878  
-0.06687329177  0.9916996812  -0.1098166885  
0.2716064241  0.8103591985  0.5191800457  
-0.3811124175  0.6368425293  -0.6702125917  
-0.624320483  0.6470476986  -0.4376679223  
-0.09968096457  -0.5702475005  0.8154026573  
-0.552093265  -0.2140966028  0.8058260801  
-0.5118108818  0.8120282948  0.2804633126  
-0.9568750726  -0.0967918343  0.273900413  
0.2134860628  0.9569491944  -0.1966518251  
-0.617006891  -0.7748580448  0.1374682032  
-0.8243663882  0.3647343321  0.4328844245  
0.6462849536  -0.7183546492  -0.257453601  
-0.439614726  -0.1793682167  -0.8800942765  
0.3225795221  -0.1311483031  0.9374127024  
0.1008443669  -0.976170778  -0.1921484476  
-0.3468755261  -0.6598276454  0.6665619609  
0.9365927053  -0.3337569207  -0.1067727604  
0.829641572  0.3488334581  0.4359014573  
0.2945944642  0.8453253634  -0.4456895014  
-0.7138942379  -0.6893329283  -0.1231873816  
-0.498438274  -0.8574281478  -0.1279697558  
-0.428251348  -0.5277532883  0.7335374903  
0.8112978833  0.34475357  -0.4721659882  
0.8209424962  0.5589916107  -0.1165409677  
-0.8871757395  0.09329955244  0.4519008749  
0.003937942793  0.9235506558  -0.383456228  
-0.718059857  -0.6623927687  0.2136021107  
0.8063222759  -0.4914483772  -0.329124414  
0.4596849522  0.8418974021  0.2826632433  
-0.4763007178  0.7578188137  -0.445924065  
-0.811349916  0.06004748574  0.5814684973  
0.1276874893  0.8624605752  -0.4897526532  
-0.2644425035  0.2934148931  0.918682678  
-0.05217712177  -0.4141371883  -0.9087177434  
-0.5723958839  0.8102682906  0.1258103703  
-0.9860108905  0.1316143164  -0.1022750971  
0.7395192482  0.4830279213  0.4688233237  
0.1218708882  0.1291368998  0.984109317  
-0.8878562705  0.2224614734  -0.4027680919  
0.3612479189  0.4594395865  0.8114278818  
0.6849012865  0.6254571952  -0.3737827239  
0.2314746086  -0.1038947224  -0.9672773088  
-0.5188897114  -0.6917762134  -0.5021943229  
0.8109835199  -0.3753953035  0.4487583944  
0.571391668  0.7373331081  0.3603490661  
-0.9531779548  0.2977256001  -0.05302125505  
0.3855409383  0.02404956187  0.9223772566  
-0.1680063853  0.9853671232  0.02873129098  
0.04296382248  -0.8503702067  0.5244278993  
-0.7391864809  0.6707363708  -0.0609595555  
-0.899810328  -0.209816978  -0.3825156329  
-0.09896507516  -0.9927524195  0.06818025749  
0.05955711924  0.9803551609  0.1880337948  
-0.1567463247  -0.1903470023  0.9691225972  
-0.7276390444  -0.6843143829  0.04748943523  
0.3541624938  -0.6467334739  -0.6755033247  
0.149347725  0.8882140685  0.4344778768  
-0.07856811795  -0.333472121  0.9394803858  
0.6422656631  0.6010225497  0.4756750074  
0.8949153684  -0.416595395  0.1599211066  
-0.6788149293  -0.154256111  0.7179243302  
0.09553231675  0.6828920421  0.724245839  
-0.904135327  -0.2273320266  0.361745021  
-0.4884895059  -0.8435077648  0.2233218606  
0.5015450405  0.8636936255  -0.0498587372  
-0.8938334305  0.3581199102  0.2698368552  
0.3325215631  -0.9430937047  0.00191684297  
-0.3339060562  -0.9212603496  -0.1994645681  
-0.6177702906  0.1370286809  0.7743274557  
-0.7336364477  -0.3525701208  -0.5809232932  
0.617275923  0.344768525  0.7071810935  
0.2286279792  -0.9644158616  0.1327828795  
0.1079852834  -0.3763923236  -0.9201456392  
-0.09178498401  0.5940631518  -0.7991648693  
0.2296740128  0.5792670906  0.782112195  
0.8112741144  -0.582665388  -0.04832553037  
-0.1135634276  0.9029109348  0.4145542085  
0.8632577933  -0.4774675856  -0.1637396931  
-0.6920414385  0.2427490898  -0.6798172745  
0.8212429296  -0.2259958925  -0.5239140265  
-0.7352969897  0.519772258  -0.4349426822  
0.2094229257  0.4415652405  0.872446088  
-0.6343310175  -0.4814452463  -0.6048426532  
0.7998699626  -0.238342782  0.5508182651  
-0.6998889606  -0.4204733397  0.577371296  
-0.8820936578  0.353810303  -0.3110129393  
-0.1316262832  0.223655566  0.9657394625  
0.833058137  -0.08364466788  0.5468251182  
0.9454682762  0.06275013067  0.3196125151  
-0.4939885332  -0.3764956943  0.7837259223  
0.2476766989  -0.4496084502  -0.8582007308  
-0.1583140101  0.8193836476  0.5509510978  
-0.08993897817  0.7513937252  -0.653695992  
0.1638381645  -0.8952616569  0.4143230883  
0.2441824438  -0.284627927  0.927017733  
0.9854794573  0.1610451604  0.05380237507  
0.7841691982  0.5834947299  0.2112168761  
0.3719244961  0.9184945472  -0.1343128286  
0.636763569  -0.5277667826  0.5621337745  
-0.06414528157  0.649314282  0.7578102309  
-0.8112778302  -0.4831022455  -0.3293030558  
-0.5636439203  0.2429469392  -0.7894823087  
-0.6354050049  -0.5648601215  0.5264917122  
0.9489203514  -0.06447735202  -0.3088573098  
0.3875487354  -0.9083645522  0.1570981157  
-0.0873829926  0.5188516161  0.850386508  
0.02377867208  0.2597986831  0.9653699907  
-0.8934565256  -0.4172248355  0.1663095712  
-0.02010438468  -0.6786881547  0.7341513484  
-0.1952142915  -0.975008037  -0.1060693551  
-0.2457996606  -0.7731931749  0.5845980167  
0.4936004273  -0.07623065531  -0.8663414485  
-0.2505599837  -0.9673727283  0.03754596061  
-0.4184878958  -0.7961573979  -0.4370369307  
0.626172591  -0.4606036049  -0.6290883923  
0.3561850299  -0.7462698191  0.5623287131  
