1  0  0  
0.5322475093  0.7824754686  -0.3231790989  
-0.1014647447  0.1572342162  0.9823351296  
-0.3226210655  -0.06206766028  -0.9444910024  
-0.3320286656  -0.03773171628  0.9425143409  
0.9406483887  0.2789902961  0.1932486053  
-0.3800754428  0.4959519942  -0.780752379  
-0.5227182438  -0.7016767102  0.4841646744  
-0.7246082143  -0.2026915318  -0.6586797998  
0.7464165605  -0.5890520926  0.309644878  
0.09403645323  0.9953462153  0.02104892475  
-0.7148531301  0.6952687905  -0.07474163022  
-0.1925739759  0.9793839442  -0.06101109379  
0.6959928747  0.0451527663  0.7166276203  
-0.3000167566  0.9344197471  -0.1919627098  
0.07024078158  -0.3480703684  -0.9348332746  
-0.6696527155  0.7068216414  -0.2279658039  
0.9095439863  0.4126364332  -0.04960756942  
-0.6927760024  0.1040768025  0.7136031317  
-0.770033773  0.06823985695  -0.6343432118  
0.3038843184  -0.8475102525  -0.4351789206  
-0.3876899702  0.7174743463  -0.5787288221  
0.5867738844  -0.8016076607  0.114549408  
0.01451189529  0.01095074247  -0.9998347294  
0.1192369312  -0.9661494651  -0.2287744855  
-0.8260863925  0.175936843  -0.5353760355  
0.3178105692  -0.8222788518  0.4720740746  
-0.8590696652  -0.02623532164  0.5111858939  
0.8222576603  -0.2540662377  -0.5092569951  
-0.9034334937  0.1722462147  -0.3926056087  
0.9543889502  0.1332164796  0.2671986176  
-0.5727949286  0.0105113595  -0.819631308  
0.5997719154  -0.5330885503  -0.5967329779  
0.893022822  0.158269674  -0.4212611419  
0.8252220036  0.4312803727  -0.3646997189  
0.9865863701  0.1438172805  -0.07722644743  
0.2273571526  -0.5308822225  0.8163778482  
-0.492801975  -0.2710575441  -0.8268458267  
-0.9601021154  -0.2786059668  -0.02413800632  
0.05340596594  0.6832997745  -0.7281821345  
0.8347021221  0.5498431787  0.03073835016  
-0.3834365386  -0.7760854041  -0.5006674209  
0.4539744276  -0.3374967741  0.824623033  
-0.2622246096  -0.8052887931  0.5317407394  
-0.07796787749  -0.4325998569  -0.8982084245  
0.6535895403  -0.384594042  0.65184978  
-0.7332268206  0.4274013787  -0.5288728497  
-0.9396237793  0.3032680394  -0.1585422647  
0.7356414786  0.4386283703  -0.5161751328  
0.2080004542  0.178737801  0.9616593001  
-0.1937702759  -0.4464687458  0.873566677  
-0.6032080592  -0.1583219141  -0.7817123568  
-0.9005738499  -0.4189606029  -0.1159256402  
0.8084393923  0.08747392451  0.5820430065  
0.7884464197  -0.5168386955  -0.3335116281  
-0.5234133359  0.4471521563  -0.7253229824  
0.6007480564  -0.5307295924  0.597852718  
-0.733941035  -0.5506486991  0.3976387397  
-0.06695238025  0.5054009  0.8602832726  
-0.7033422736  0.5308507645  0.4727653879  
0.8985250294  -0.2615404179  -0.3524902571  
-0.1388292147  0.4116393554  -0.9007105474  
-0.06305611387  0.7653631276  -0.6405023102  
0.8726903751  -0.028751746  0.4874267599  
0.2376719695  0.1696161975  -0.9564216541  
-0.7068991339  -0.6641507603  -0.2433051213  
-0.4943727791  -0.5555300065  -0.6685671  
0.2546116108  0.7256636263  0.6392067186  
0.3998991716  0.1869182845  -0.8972971679  
0.5079677901  0.5963537869  -0.6215552148  
-0.6126263187  0.6930626176  -0.3799384183  
-0.8037147655  0.4565811664  -0.3815445114  
-0.2340425993  -0.6208835917  -0.7481494686  
-0.4681305238  0.7725305708  -0.4290108738  
0.006563202469  0.9691625215  -0.2463349981  
0.02666198851  0.4283002535  -0.9032430632  
-0.206297361  0.2704390137  0.9403744673  
0.228255952  0.587371258  -0.7764626363  
-0.04830055813  -0.9822224744  -0.1814002944  
-0.140903316  -0.9388100217  0.3142960368  
-0.9859696194  0.1375474221  0.09457598147  
-0.3680087918  0.2232577065  -0.9026214742  
0.4142641561  -0.855086376  -0.3117891893  
-0.6557036937  -0.6404133576  -0.3999042355  
0.4034658587  0.9094352789  -0.1007113422  
-0.4066354362  -0.8022311574  0.4371187393  
0.2050289153  -0.2611478529  0.9432735249  
-0.6202930281  -0.4606138875  0.6348790483  
-0.06087853763  0.6459371684  0.7609592487  
0.7564453857  0.0381919291  -0.6529408511  
0.3858099862  0.7122476793  -0.5863905677  
0.2754390225  0.9382276885  -0.2094329233  
0.8358489706  -0.5254893467  -0.1588000151  
0.4565620963  -0.5925861839  0.6636208759  
0.7228253889  -0.2544883577  -0.642463332  
-0.3366703266  -0.9132320423  -0.2294783825  
0.5943744758  0.3302216653  -0.7332616411  
-0.3014276454  0.6367206133  -0.7097381455  
-0.8610450952  0.4535996534  -0.2298884477  
0.4888377981  -0.8722894553  -0.01219480878  
0.4807889754  -0.5177064085  -0.7076878095  
0.956828482  -0.1631192101  0.2405647093  
-0.8258761308  -0.3036405858  0.4751115777  
-0.09879868224  0.1370554544  -0.9856239764  
0.05700226163  -0.7658976503  -0.640430739  
0.7364182329  0.6717118602  0.0805689965  
0.1643216309  0.01360302397  0.9863130129  
0.4616826904  -0.6491366936  -0.6045416829  
0.3789986714  -0.9142708545  -0.1430692552  
-0.3002595937  -0.3192396442  0.89884939  
0.8237278405  0.239660537  0.5138436258  
0.9563175857  0.1482615988  -0.2519427984  
0.3264824113  -0.743422384  -0.5837228744  
-0.36675437  -0.5403481203  -0.7573078244  
-0.985966689  0.1472868042  -0.07858934744  
-0.6205366245  -0.4604884934  -0.6347319474  
-0.2719567142  0.9228282734  0.2728140821  
-0.6060046987  0.2471408098  0.7560950504  
-0.4416356588  0.7649122253  0.468900024  
-0.1746855896  -0.004830261603  0.9846124178  
0.0354517971  -0.2855152202  0.957718241  
-0.2344505207  -0.8220987661  -0.5188319305  
0.3652677293  0.3894855213  0.8455060701  
-0.5375701995  0.6596247723  -0.5252746333  
-0.2216349737  0.9073206043  -0.3572775665  
0.6118968925  -0.3950308437  -0.6852246533  
0.9025984121  0.287219474  -0.3206572628  
0.03542409195  -0.8675651124  -0.4960603889  
0.4893619828  0.04841720649  -0.8707356797  
-0.8135064913  -0.5493738143  -0.1907763106  
-0.4837526508  0.3766372093  0.7900175855  
0.001037380971  -0.9413030503  -0.3375610926  
-0.3417345293  0.615153577  0.7104953119  
0.0325982903  -0.99540655  0.09001750804  
0.6218278113  0.3141288555  0.7173933615  
0.3460434176  0.4644953587  -0.8151674766  
-0.1320971119  -0.9811384907  0.1411297808  
0.4050455201  0.6715083736  0.620495472  
0.3004770496  -0.3813115394  0.8742511382  
-0.8289677128  0.5592951885  -0.001192979617  
-0.08402696187  -0.5631059115  0.8221016982  
-0.6328899466  -0.04746859011  0.7727852537  
-0.2577246736  -0.9654835498  0.03767635459  
-0.9467614869  -0.2838059986  0.1519764522  
0.2826576523  0.882568237  -0.3757365548  
0.6560517067  0.7252999678  -0.2086530969  
-0.8154016661  0.3911140397  0.4267902658  
0.6360572068  -0.7431159816  -0.2078698332  
-0.3556868333  -0.2291116144  -0.9060876033  
-0.2704835462  0.1051675515  -0.9569631327  
-0.1567099404  0.9067025429  0.3915769315  
0.2340981055  0.7037081229  -0.670815142  
0.9454511997  -0.2700982325  -0.1821235126  
-0.8092640769  -0.3920434301  -0.4374855458  
-0.4894417922  -0.4697383863  0.7347057782  
-0.3508455097  0.4722711863  0.8086206496  
0.6196496068  0.7736306465  0.1324008597  
-0.3731231956  -0.5979274483  0.7094095062  
0.6851193551  0.1849485936  -0.7045604921  
-0.8346378643  -0.5353057042  0.1297206172  
-0.8922771907  0.1185642632  0.435641975  
-0.4863796563  -0.8541134059  -0.18418773  
-0.6408458084  -0.6750815971  0.3654880123  
-0.5456377916  0.7643439491  0.3435952966  
-0.4405232896  -0.8289774455  -0.3445803625  
-0.4477905114  0.8807079872  -0.1543926787  
-0.9368868256  -0.01565520095  0.3492821075  
0.1329509767  0.8787705386  -0.4583518062  
0.3463215579  -0.3099133494  -0.8854462685  
0.08251569195  0.574967142  0.814004881  
-0.5141748337  0.8389333222  0.1783679379  
0.9849261775  -0.008717588995  0.1727554008  
-0.5710525272  0.6588639401  0.489691045  
-0.07588998369  -0.157593382  0.9845836868  
0.8671603498  0.4127034402  0.2787629783  
-0.2212884744  -0.336984589  -0.9151353987  
0.7625560245  0.5953981424  -0.2530007144  
-0.4139214854  0.09898075844  0.9049153626  
0.5740420379  0.6102422273  0.545967181  
0.8937566231  -0.317535471  0.3168127574  
0.5812932372  0.7579408169  0.2960133282  
-0.639648449  -0.7678103031  0.03629325338  
0.470536291  0.1075883773  0.8757969742  
-0.2323507023  0.9670491407  0.1040630131  
0.2291642681  -0.7529616547  0.6168731512  
0.8975253878  -0.4348049553  0.07343588463  
-0.8963898055  -0.1198765454  -0.4267492595  
0.04888504029  -0.9219622085  0.384182169  
0.2172395087  0.9679238958  0.1262154024  
0.4257279724  -0.05633107775  0.9030960653  
-0.7463590865  -0.6599886054  0.08580882678  
0.2076366062  -0.5709458811  -0.7942970733  
0.170452123  0.9436550312  0.2836569335  
0.1361142369  0.3054154664  -0.9424406121  
0.702404544  0.5073548056  0.4992183469  
0.9595305498  -0.2815347641  -0.006269018563  
-0.5500285526  -0.192070174  0.8127592753  
-0.2017856064  0.7022502693  0.6827350352  
-0.8016425737  -0.173520111  0.5720663905  
-0.5370870299  -0.8288176819  0.1568399581  
0.5158146309  0.856551404  0.0159674332  
-0.8791917772  0.3981442379  0.2617307486  
0.3456625823  -0.9380168177  0.02533434181  
-0.985499839  -0.1377970464  -0.09900525941  
0.5647438371  -0.093351737  -0.8199694212  
-0.8943618925  -0.2692875832  -0.3572128257  
0.4997159259  0.4201681177  0.7574580822  
-0.07336698582  0.9949367363  0.06868898074  
0.2132330176  -0.4255103373  -0.8794729291  
0.005714193373  -0.8536524662  0.5208116886  
0.2278157028  0.4863952888  0.843516229  
0.7393797973  -0.6686893923  -0.07856215352  
0.1179323177  0.8935374902  0.4332236398  
0.6654318197  -0.6510455265  -0.3651577957  
0.7308230947  -0.2493070257  0.6354082241  
0.8025949355  -0.1102470732  -0.5862482003  
0.7976040377  -0.5822882701  0.1573790632  
0.2892689403  0.8783679484  0.3805170527  
-0.7309860213  -0.3543419061  -0.5831820044  
0.8242429203  -0.3153871108  0.4702707504  
-0.7201783343  -0.3156309074  0.6178351698  
-0.6210195198  0.7824007941  0.04673064709  
0.06638281778  0.279835542  0.9577501715  
0.6599786453  -0.1288495578  0.7401526729  
-0.9423366542  0.01869697359  -0.3341437616  
-0.4533201049  -0.3320917797  0.8271734596  
-0.09146682254  -0.7013617926  -0.7069126227  
-0.7427291801  0.6286348309  0.2305897101  
-0.0690889246  0.5539892364  -0.8296521238  
0.1476400835  -0.9630220668  0.2253683756  
0.5175083478  -0.1705075068  0.8385179187  
0.2715722942  -0.129846294  -0.9536185972  
0.5206200816  0.7235956025  0.4531711979  
-0.4117323057  -0.870830021  0.2685732356  
0.6823182961  -0.5685377444  0.4595721662  
-0.9844044416  -0.00637593255  0.1758045587  
0.7707694829  0.5333220579  0.3485426613  
-0.5950181728  0.2800020968  -0.7533606041  
0.6297916098  0.5795972916  -0.5171358698  
0.9544778971  -0.128118496  -0.2693651703  
0.5322081609  -0.8004452955  0.2757567812  
-0.1845937318  0.8174307911  0.5456482896  
0.09134446328  0.8057805266  0.5851272785  
-0.8797048743  -0.4208030587  0.2214590707  
0.1343098528  -0.6627042399  0.7367387283  
-0.3761356302  -0.9239553207  -0.06948779103  
-0.1116093957  -0.784136503  0.6104697268  
0.4730493005  -0.2292373581  -0.8506906564  
-0.9089620808  0.4074160574  0.08831812803  
-0.05109231774  -0.1306244096  -0.9901145584  
-0.7231146177  0.3978508016  0.5646414697  
0.3818275533  -0.8675569172  0.3186733673  
-0.1620697723  0.8493143437  -0.502392809  
