1  0  0  
0.7754036492  0.5828504134  -0.24297032  
0.6133164705  -0.1650916285  -0.7723908734  
-0.3793468117  0.2742398393  -0.8836789615  
0.3217771702  0.05362976005  -0.9452953515  
0.9021401553  0.299772808  0.3102892259  
0.5156115995  -0.181922154  0.8372866942  
-0.5931277205  -0.7892416585  0.1590506574  
-0.7302863889  -0.02283764369  -0.6827592784  
0.5862086355  -0.7278720976  0.3557550354  
0.1196985722  -0.940933653  -0.3167271894  
-0.9058202149  0.4218692398  0.03893690781  
-0.2227313978  0.9692580485  -0.1045445355  
-0.7437485757  0.147583162  -0.6519641604  
-0.1947801291  0.9440762152  -0.2660466148  
-0.2155332019  0.6206214597  0.7539061232  
0.6336589043  -0.7726699962  0.03817682527  
0.6492254787  0.7605673097  0.006606448887  
0.7776493382  -0.2416613748  -0.5803975247  
-0.8263362004  0.04031630779  -0.5617322131  
0.372207011  -0.6095746129  -0.6999148036  
-0.7369965102  0.6638173969  -0.1272108781  
0.3851812982  -0.9126496397  -0.1367698894  
0.6706633692  0.01010356677  -0.7416930384  
0.3743066081  -0.8722345876  -0.3148037282  
-0.7195125085  0.4545562664  -0.5250527124  
0.459360266  -0.6160541777  0.6398948321  
-0.4641385704  -0.0968987802  0.8804464855  
0.7542746436  -0.4934149001  -0.4331414299  
-0.9030637671  0.2375009626  -0.3578674689  
-0.9837936438  -0.02595183027  -0.1774163715  
0.635190177  -0.08419967248  0.7677524694  
-0.03024731253  0.8160758044  0.5771528234  
0.8799450352  0.04526093694  -0.4729145617  
0.8922831636  0.3306232139  -0.3074395004  
-0.9374471027  -0.3160439898  0.1459764574  
-0.06626557974  0.5742354532  -0.8160039934  
-0.5085299757  0.02094785902  -0.8607894348  
-0.9565402706  -0.2907955567  -0.02164844042  
0.1919187792  0.721750732  -0.6650135811  
0.9008344466  0.4333540904  -0.02648645232  
-0.5028326751  -0.6335292509  -0.5880476078  
0.5122317566  -0.336738009  0.7900798319  
-0.5769031532  -0.6939868242  0.430772608  
0.1413622745  -0.5060840046  -0.8508205966  
0.7725478564  0.5925975354  0.2280306353  
-0.4968377341  0.4816118353  -0.721943423  
-0.8183528458  0.5340404194  -0.2123663113  
-0.8956655752  -0.19119192  0.4015330959  
-0.2603338741  -0.3308361914  -0.9070687341  
0.2211365726  0.4499299304  -0.8652523759  
-0.4785440014  -0.144327562  -0.8661207731  
0.9157351404  0.3724312087  0.1507453066  
0.699181265  0.1938219788  0.6881704724  
-0.5645850002  -0.8143775681  -0.1342868352  
0.440147921  -0.7920401135  0.4230156808  
0.7124342312  -0.639792917  0.2882750243  
-0.8086862604  -0.4655748956  0.3595365751  
0.1215288236  -0.7275099815  -0.6752480817  
-0.7238986919  0.6585344855  0.2056769681  
0.9191418809  -0.2630202332  -0.2932551103  
0.08079701655  -0.4308834944  0.8987832088  
-0.1584536576  -0.8297339985  0.5351952262  
0.8042287859  0.1323695526  0.5793913716  
0.3466706841  0.2143766401  -0.9131604968  
-0.620198262  -0.4448910267  0.6460852035  
-0.6535573402  -0.3529007597  -0.6695699044  
0.4405786878  0.5398804357  0.7172304616  
-0.08523365226  0.1087509995  -0.9904082212  
0.6066297308  0.5774586083  -0.5463899024  
-0.4783254264  0.834735333  -0.2728034278  
-0.8743971828  0.3897637913  -0.288987463  
-0.2750056606  -0.5840500763  -0.7637129009  
0.3544907612  -0.9149247682  0.1929999188  
-0.03207991722  0.9428882661  -0.331560849  
0.06528228756  0.3723444566  -0.9257957812  
-0.1595583902  0.2412791274  0.9572489242  
0.05417088832  0.2151841569  -0.9750698916  
0.02689935499  0.9602459808  0.2778562236  
0.278147719  0.8576197895  -0.4325761703  
0.987512581  -0.1423141653  -0.06756908161  
-0.3503290254  0.5735579742  -0.7404733784  
-0.2409174847  0.9687010474  0.05980841266  
-0.7530037932  -0.5302037658  -0.3897040597  
0.3071356339  0.9385824961  0.157259659  
0.528585673  0.7937965931  -0.3008058428  
0.223769668  -0.4869003113  0.8443075403  
0.4974469549  0.4132334675  -0.7627480767  
-0.1247112231  -0.6204499226  -0.7742667528  
0.4879584985  0.2614913954  -0.8327777338  
0.9822230481  0.1634709635  -0.09227745076  
0.2140055638  0.593952198  -0.7755142843  
0.686338753  -0.6246599222  -0.3724769761  
-0.5388120248  0.6761024012  -0.5025605883  
0.6098357535  -0.4396542788  -0.6593970495  
-0.9568380514  -0.2111931127  -0.1996457178  
0.6165484702  0.2986848838  -0.7284609283  
0.3720202407  -0.4271545687  0.824099457  
0.2586619755  -0.7185120487  0.6456271511  
0.9592534256  -0.2803751978  0.03496589531  
-0.3916894913  0.3522505856  0.8499993337  
0.9081499026  -0.07895726371  0.4111319799  
-0.7250048216  -0.4614923196  0.5112659265  
-0.1036705168  -0.3564622121  -0.9285403143  
0.4349284107  -0.7020006905  -0.5639435327  
-0.4636369732  0.4741740572  0.7484649094  
0.2223706082  0.0006403591042  0.9749620006  
0.4807148487  -0.7816121389  -0.3974867276  
-0.07457533204  -0.05811278634  -0.9955206798  
-0.1964633481  -0.1356523429  0.9710821771  
0.8692174215  0.2224495283  0.441562319  
-0.9863575097  -0.01965087347  0.1634402221  
-0.5683311394  0.6717578483  0.4751222044  
-0.5139178154  -0.4014953926  -0.7580830619  
-0.9860025968  0.1300246916  -0.1043669425  
-0.3224764321  -0.1828938639  -0.9287404294  
0.1031715709  -0.9822406275  -0.1567130393  
-0.5186641074  0.5792598745  0.6288446084  
0.2286801104  0.9653228122  -0.1259256738  
-0.4014851174  0.07668522883  0.9126494816  
0.09228417482  -0.2758706596  0.9567544148  
-0.3872306464  -0.7494989159  -0.5369392903  
0.1730004417  0.1841438791  0.9675545871  
0.2780443645  -0.8207146242  0.4991180591  
0.000990123788  -0.8737061473  0.4864530684  
0.5402138477  -0.3308021683  -0.7737822201  
-0.03220273739  0.8964770086  0.4419184957  
0.1806246466  -0.8254144573  -0.5348511107  
-0.7328716961  0.117289235  0.6701808058  
0.8493912739  0.5176272629  0.102939208  
0.4757648256  -0.2050700796  -0.8553327383  
-0.9653652187  0.1234555181  0.2298450121  
0.05614906832  0.7288502107  0.6823669486  
-0.2005497158  -0.9787741945  -0.04220056377  
0.5725016507  0.2505781011  0.780674372  
-0.3605896463  -0.3676237453  0.8572210268  
0.07139189334  0.9953437385  -0.06476140628  
-0.1201347011  -0.8303847226  -0.5440853482  
-0.2055212185  0.6205612129  -0.756746199  
-0.6691455399  0.5969056593  -0.4426600054  
-0.07752758089  -0.51931081  0.851061547  
-0.2086209507  -0.2984018498  0.9313611732  
-0.2542479029  0.9403877172  0.2258958725  
-0.9515509195  -0.1797030115  0.2495148796  
0.1266493155  0.9136911364  -0.3861715399  
0.7193051941  0.6843138615  -0.1196435403  
-0.7396629261  0.3896711543  0.5486849252  
0.6286571797  -0.7668344113  -0.1294416316  
0.614184582  0.08503694082  0.7845674082  
0.2322161346  -0.1736513907  0.9570375444  
-0.1303424783  -0.9083883634  -0.3972926121  
-0.7414148494  0.6699427509  0.03848027636  
-0.9499242684  0.2828227417  0.1328728006  
0.7126651154  0.4486542269  0.5392752711  
-0.9441528637  0.2615443594  -0.2004243448  
0.07995834388  -0.1067722879  -0.991063238  
-0.6773733046  -0.7129536022  -0.1812803555  
-0.3607325358  -0.5132415746  0.7787522865  
0.7129834982  0.169914733  -0.6802819377  
-0.8214347387  -0.5654894631  0.07393671038  
-0.8553357352  0.2579967165  0.4492643702  
0.9877506436  0.1412816293  0.06624324285  
-0.2545889648  -0.9276261992  0.273302202  
0.8272580879  -0.5497062531  -0.1160477977  
-0.4305492967  -0.8681883602  -0.2467311782  
-0.321220916  0.880004624  -0.3498699542  
-0.8401550648  0.09907462201  0.5332201106  
-0.435670979  -0.7798822538  0.4494156964  
0.3097223317  -0.4956581319  -0.8114154876  
0.2642397948  0.8328777568  0.4863044036  
-0.5137105501  0.8565365079  0.04946393995  
0.9584149628  -0.09988870341  0.2673256554  
-0.5032333401  0.8353369144  0.2212881488  
0.02915990175  0.502346269  0.8641747081  
0.8370297558  -0.1976802711  0.5101996651  
0.3536957531  0.4453559012  0.8225311152  
0.8219801982  0.3325983629  -0.4623060488  
-0.2303242556  0.0714306497  0.9704887426  
-0.5364893228  -0.7150906651  -0.4481345191  
0.8219316455  -0.3528766443  0.4471089845  
0.5578442116  0.7754129642  0.2958793177  
-0.1694172091  -0.9598835294  -0.2234310166  
0.3662270308  0.03547233719  0.929849168  
0.08517398097  -0.9963423088  0.006884523192  
0.03536755653  0.780107686  -0.6246448065  
-0.6180516903  0.7601854902  -0.2003250571  
0.9438859974  0.09698611489  0.3157101796  
-0.09501883825  -0.9687924269  0.2289381007  
0.05032411379  0.9931736468  0.1052311312  
-0.5934851576  -0.1406035677  0.7924682987  
-0.8677291436  -0.4567165385  0.1961023633  
-0.2802505692  0.7270936165  0.6267331899  
0.2826914783  0.9003283203  0.3308994467  
-0.07082936646  -0.04712820351  0.9963744945  
0.637101936  0.5896122001  0.4964459454  
0.9021489085  -0.4122139241  0.127306825  
-0.5445534788  0.03542490398  0.8379776757  
-0.2335672273  0.8863350237  0.39982068  
-0.8153941931  -0.1868294934  0.5479297859  
-0.3905868156  -0.8642925997  0.3169230846  
-0.5166055189  -0.8551118586  0.04361705169  
-0.8446057209  0.3893229299  0.3675171186  
0.3756464961  -0.9262666309  0.03032883836  
0.415379321  0.818810551  0.3962439921  
-0.6693964556  0.2907158653  0.6836612253  
-0.8183244175  -0.3836033888  -0.4280112006  
0.422328825  0.2997906805  0.8554320028  
0.5034046818  -0.856400522  0.1147252033  
0.2345468418  -0.3735946903  -0.8974490439  
0.3173513594  0.7616427247  -0.5649676757  
-0.214426277  -0.7350995446  -0.6431563039  
0.8337979715  -0.5498770538  0.04915453647  
0.3519188622  0.6649048963  0.6588281971  
0.8866864579  -0.4139596488  -0.2059721694  
0.7432802088  -0.3041513026  0.5958410159  
0.9147200701  -0.1134519804  -0.387834812  
0.7816517606  -0.5009628146  0.3715599326  
0.1906228181  0.4789413604  0.8569002944  
-0.7717307432  -0.2935603225  -0.5641400509  
-0.6292074539  0.3987317279  -0.6671663879  
-0.7291500638  -0.3215011322  0.6041334343  
-0.5863633553  -0.5002014137  -0.6371629001  
-0.06440380872  0.3759260509  0.9244088671  
-0.6380798299  0.2470091881  -0.7292740169  
-0.8877021818  -0.06781495725  -0.4553964953  
-0.4911382408  -0.5519146581  0.6739239116  
-0.01645543964  -0.2319239672  -0.9725947213  
-0.6043090166  0.738248303  0.2996665739  
-0.1297298785  0.8095890495  -0.5724820779  
0.1574680877  -0.8929948152  0.4216207554  
-0.2353122091  0.3380313475  -0.9112425431  
0.3161272221  -0.2179705737  -0.923337646  
0.6658288803  0.6618530998  0.3444159934  
0.4196089877  0.8917682702  -0.1693447658  
0.5983739804  -0.5423624523  0.5897385437  
0.4701488802  0.6749860198  -0.5686421577  
-0.8476500759  -0.4549757911  -0.2729219273  
-0.375591025  0.1192070979  -0.9190870741  
0.7028142776  0.5863315684  -0.4028242584  
0.9458943164  0.03331914074  -0.3227596274  
0.06359278857  -0.9832802744  0.1706336989  
-0.3437579926  0.8049642393  0.4835938544  
-0.04381431836  0.6250348759  0.7793662229  
-0.661908288  -0.6945121514  0.2820111519  
-0.06282078428  -0.6595323839  0.7490464496  
-0.3479156081  -0.9369571723  0.0326494567  
-0.3458851362  -0.6458577246  0.680610955  
0.786254807  0.03568584555  -0.6168710553  
-0.7989631931  0.533126671  0.278269238  
-0.7602204814  -0.6473985157  -0.05422159548  
0.6462614077  -0.5425611179  -0.5366317417  
-0.3897952092  0.7281208087  -0.5638260217  
0.08812803877  -0.7102943774  0.6983661978  
0.4394038931  0.8941397228  0.08624601336  
