1  0  0  
0.592998929  0.6761199875  -0.4372802679  
0.8384157171  0.4826743189  0.2531493378  
-0.3499450342  0.2057231342  -0.9139017809  
0.1697941617  -0.1088236857  -0.9794525757  
-0.9096359125  -0.3431292267  -0.2341470487  
-0.4990760585  0.2367134901  -0.8336005107  
-0.4945985402  -0.7859712961  0.3709735917  
-0.7734489216  -0.1423160028  -0.6176754172  
-0.615461176  0.7367404367  -0.280037622  
-0.1496185513  -0.9524485949  -0.2654354217  
0.9014551077  -0.4320665221  -0.02640472173  
-0.07193867523  0.9528822534  -0.2946866781  
0.7034806745  0.01758481872  0.7104968084  
0.1982699765  -0.8999608245  0.3882776466  
0.3657136042  -0.4824377822  -0.7959317471  
0.6288728682  -0.776505444  -0.03947418308  
-0.9379166235  -0.2456825106  0.2448520193  
0.7062069805  -0.146030635  -0.6927818952  
-0.8147416319  0.01269639489  -0.5796851515  
0.4441464522  -0.7636266636  -0.4686237804  
-0.266942664  0.6173816811  -0.7399874823  
-0.3689872169  0.9170191437  -0.1514078064  
-0.2922751835  0.002566495323  0.9563308163  
0.02600648078  -0.8688146453  -0.4944540171  
0.5502719707  -0.6111400124  0.5689539906  
-0.3863612888  0.502212094  -0.7736329667  
-0.7525534834  -0.1422379343  0.6429864887  
-0.7270672281  0.4336501916  0.532278834  
-0.9462288049  0.2490978457  -0.206400853  
0.9588357725  0.1931640188  0.2081384713  
0.6119553066  -0.1175211779  0.7821121885  
0.2667873889  -0.919329115  -0.289237735  
0.8794263911  -0.0475665568  -0.4736524521  
0.8691890122  0.3195184644  -0.3773836404  
-0.9856876266  -0.1302592227  0.1070160628  
-0.09609919918  0.4376550514  -0.8939927292  
-0.5749222126  -0.03724852543  -0.8173597719  
0.8972670855  0.4365696019  -0.06571727342  
0.1695155549  0.6202563657  -0.7658632498  
0.7939311117  0.5975818749  0.1121128571  
0.3830473513  0.7117697636  0.5887771483  
0.6376071047  -0.4229075397  0.6438993655  
0.3130934377  0.417774702  -0.8528990548  
0.2301502962  -0.5800931728  -0.7813595536  
-0.4737333508  0.7959178971  -0.3769501472  
-0.7395556965  0.4175886954  -0.5278987149  
-0.7406227078  0.6716464917  -0.01920923817  
-0.8055177535  -0.4722086072  0.357994665  
0.3735420643  0.2169038691  0.9018974652  
0.4260983197  0.6224908014  -0.6564643358  
-0.7331319904  0.1338035082  -0.6667939005  
-0.8808166333  -0.4639154816  -0.09457528392  
0.8713993794  0.1082547524  0.4784809611  
0.7137772884  0.7001007228  -0.01951820747  
0.4415179446  -0.7281452279  0.5242770562  
0.7363980755  -0.6512781467  0.1831792838  
0.5646804154  0.5931348726  -0.5738702392  
0.2066565305  -0.7097520939  -0.6734575291  
0.3090319498  -0.8473346462  -0.431883377  
0.8974367384  -0.3226621175  -0.300826293  
-0.06848068433  0.2789268672  -0.9578675267  
0.1286559464  0.7451962081  -0.6543166351  
0.9014606005  -0.04837563626  0.4301494898  
-0.5065055025  -0.227976407  0.8315521233  
-0.9076669181  -0.1491286815  0.392302692  
0.4822791413  0.469434657  0.7396201273  
-0.2374853474  -0.7147099742  -0.6578680434  
0.4488081781  -0.05315597137  -0.8920457735  
0.766106042  0.4015135456  -0.5018649271  
0.4979996772  -0.8383614363  0.2216899267  
-0.8215578589  0.5189550081  -0.2360686003  
-0.3678402866  -0.6004023916  -0.7100778068  
0.3501518863  -0.8834061504  0.3114277283  
0.07656264194  0.9305313532  -0.3581194808  
-0.1754525978  -0.4869867811  0.8556052016  
-0.04193154241  0.2128702092  0.9761803214  
0.027617224  0.5419459757  -0.8399594326  
-0.2942559773  -0.9365691132  -0.190398834  
0.9537109044  0.2880946988  -0.08623778416  
-0.9847967476  0.1627979767  0.06059855349  
-0.6711837045  0.5517530974  -0.4950565163  
0.2388830362  -0.9643742799  -0.1136536107  
-0.742290702  -0.4097429187  -0.5302030312  
0.4694818784  0.8812704445  -0.05430625743  
-0.3585352881  -0.8828597641  0.303333289  
0.2447547973  -0.4762429377  0.8445636468  
-0.6919849806  -0.543513699  0.4751311878  
-0.1255345738  -0.8928693926  -0.4324642396  
0.638457163  0.1867085768  -0.7466675018  
-0.05495237997  0.7728422938  0.632214382  
0.3443799879  0.9271887517  -0.1473887466  
0.7129984582  -0.5565816049  -0.4264388768  
-0.4063877387  0.6329692596  -0.6589377226  
0.7248960956  -0.2959348959  -0.622051596  
-0.9595939501  0.08617023128  -0.2678696365  
-0.5909138777  -0.3453674019  0.7290693704  
0.5155078874  -0.3803421308  0.7678486059  
-0.7167824787  0.6811989262  0.1489661078  
-0.4355536012  -0.8936074251  -0.1084381402  
-0.3580251859  0.6242891141  0.6943205803  
-0.9862105005  -0.03560109852  -0.1616211943  
-0.8202919088  -0.2495884595  0.5146132385  
-0.03431537537  0.1128959422  -0.9930140791  
-0.06476034352  -0.581831174  -0.8107271939  
0.003062960123  -0.05381832771  -0.9985460459  
0.1562443544  -0.002918197448  0.9877141215  
0.4783385457  -0.6513807841  -0.5889781912  
-0.1015536254  -0.8071182211  -0.5815900948  
0.2033946465  0.3209950775  -0.9249825825  
0.8180431864  0.2629914722  0.5115083878  
-0.986204142  0.03675910342  0.161400615  
0.5486150786  -0.7588265732  -0.3510038851  
-0.5104596853  -0.5852134777  -0.6300445184  
0.9570439275  -0.2869394973  0.04162506086  
-0.4253022795  -0.346393838  -0.8361395099  
-0.0968994753  0.9941116644  0.04850247799  
-0.6169759429  0.4085060472  0.672654068  
-0.9028799728  0.4060086111  -0.1412967177  
0.406691667  0.1070626166  -0.9072703479  
0.1938016042  -0.1665624694  0.9667977462  
-0.3879681611  -0.804497446  -0.4497383299  
0.4283302305  0.06413563779  0.9013433495  
-0.1714796177  0.822806907  -0.5418334933  
-0.1045966595  -0.8489973062  0.5179412253  
0.4921228822  -0.3753176099  -0.7854627684  
0.9549752283  -0.180407469  -0.2355322874  
-0.1207507565  0.9661455099  0.2279958519  
0.6774443244  0.0201113293  -0.7352990696  
-0.7464876359  -0.6091296954  -0.2678007163  
-0.3578966861  0.3256819653  0.8751235453  
-0.4473140455  -0.7170497963  0.5345556419  
-0.148802387  0.9060229086  0.3962074441  
0.1938171593  0.9771293324  -0.08748243593  
-0.6536062121  -0.1710895228  -0.7372430364  
-0.0551529473  -0.386655635  0.9205735019  
-0.06180267412  -0.9792380387  0.193062925  
0.2492905582  0.8152261774  0.5227432421  
-0.5196833662  0.514208745  -0.6822892096  
0.5857851089  -0.6870549292  0.4298968836  
0.1220996463  -0.5856420611  0.8013208176  
-0.360286634  -0.2644466525  0.8945733672  
-0.3762415431  0.9097448322  0.1755182085  
0.9615701526  0.09036145095  -0.2592636684  
0.2217354056  0.8843409562  -0.4108217169  
-0.7256852376  -0.6656564784  0.1740183574  
0.8228860384  -0.3189496955  -0.4702442552  
0.5019675712  -0.8583448495  -0.1061728626  
-0.5195453757  -0.192586039  -0.8324561371  
-0.3141147487  0.0479710575  -0.9481722957  
-0.0258478791  -0.9866955101  -0.1605112378  
-0.9424583275  0.3078092221  0.1304828866  
-0.8742435041  0.4445938096  0.1950247166  
0.8404992108  0.3771742895  0.388973819  
-0.5906713769  0.7804951173  0.2047796288  
-0.5858527419  0.1003383365  0.8041820584  
0.6349288744  0.7202096025  0.2795772756  
0.2477723398  0.1587856983  -0.9557175156  
0.7140966348  0.3022551768  -0.6314331353  
-0.8174814908  -0.5741252407  0.04587178032  
-0.8968446444  0.1929390438  0.3980505109  
-0.5171615937  -0.7727315447  -0.3680079426  
0.8185308213  0.5366377263  -0.2050054762  
-0.6759215827  0.6682497427  0.3107608332  
0.4099566357  0.8671199261  0.2829109236  
-0.3232129356  0.8239775547  -0.4653970215  
-0.7853522201  0.02600074611  0.6185029116  
-0.2864928895  -0.6838579695  0.6710142337  
-0.2304563061  0.4276842325  0.8740572568  
-0.1926410005  -0.4541588406  -0.8698443495  
-0.3742912293  0.9272466953  0.01093808489  
0.9862843507  -0.1275118538  0.104804135  
-0.5902387042  0.6578912889  0.4677577621  
0.124135659  0.1651221558  0.9784298707  
0.908330074  -0.2031543284  0.3656019634  
0.3341389803  0.4718988227  0.8158815128  
0.7180192166  0.6124335255  -0.3307167693  
-0.3336976082  0.1621635049  0.9286274301  
0.5199518829  0.6876170911  0.506786716  
0.7905834352  -0.4746497775  0.3868920014  
0.5420231076  0.8171847099  0.1960104607  
-0.9448536611  -0.3189574607  -0.07428120437  
0.4701841438  -0.08750363928  0.8782197811  
-0.04766843244  -0.9986704862  0.01962092105  
-0.02269720089  0.7939050126  -0.607618028  
-0.6311519547  0.7658595625  -0.1229078541  
-0.9027061486  -0.2280229351  -0.3648659348  
-0.2112137976  -0.9441702114  0.2528464823  
0.1720200169  0.9810577441  0.08907758753  
-0.1278960242  -0.05308455949  0.9903659104  
-0.683443665  -0.7179879765  -0.1319015632  
-0.3300297506  0.7464052218  0.577892385  
0.271050259  0.8915240158  0.3629279354  
-0.0869852496  -0.2188832268  0.9718660913  
0.6417462562  0.546966545  0.5375772887  
0.833302676  -0.5475962013  0.07579611155  
-0.5509973886  -0.0654479119  0.8319365653  
0.08325857365  0.7029963096  0.7063031917  
0.8475242688  0.09329520303  -0.5224926975  
-0.6171663502  -0.7360677619  0.2780466618  
0.6084201475  0.7845128606  -0.1198519742  
-0.8157124338  0.445861194  0.3685390358  
0.2319120189  -0.9710327484  0.05755186309  
-0.2690537716  -0.1164641634  -0.9560576168  
-0.6069931023  0.2615208739  0.7504440061  
0.7071113921  0.2946514932  0.6427861049  
0.5736067487  0.3227183196  0.7528799267  
-0.08580655685  0.9883385363  -0.1257941674  
0.0390522106  0.4495228549  0.8924147734  
0.2238522248  -0.3249083318  0.9188714586  
0.2186155974  0.5955054279  0.7730333149  
0.8198499795  -0.5653786261  -0.09051530428  
0.001452187433  0.9423942083  0.3345011919  
0.7845454578  -0.5638529337  -0.2579889411  
0.744534759  -0.2802147855  0.6059271133  
-0.8133841935  0.17722496  0.5540735216  
-0.7123895874  0.6128179589  -0.3419871707  
0.2524787131  0.3105779034  0.9164037676  
-0.6196052915  -0.4390153187  -0.6506572313  
-0.83451105  0.3142744067  -0.4525736456  
-0.6454422334  -0.4548189615  0.6136318404  
0.5088147745  -0.8587640303  0.06026496057  
0.08605083139  -0.3614036602  -0.9284302068  
0.8349364013  -0.1657231016  0.524801924  
-0.9431593963  -0.07168138511  -0.3245183079  
-0.5055533968  -0.4956967152  0.706187319  
0.09735019112  -0.5211447199  -0.8478980606  
-0.1845600177  0.821205915  0.5399615218  
0.143949293  -0.7151883475  0.6839475336  
0.04608030917  -0.8876293884  0.4582473939  
0.3738981291  -0.3578234796  0.8556649733  
0.2119874058  -0.2653791503  -0.9405505018  
-0.64570415  -0.6416900496  -0.4138840791  
0.490270225  0.8447627065  -0.214501926  
0.8808635345  -0.3656374415  0.3006471269  
0.3624199776  0.8157897769  -0.4507092186  
0.7548875188  0.5157219858  0.4051859664  
-0.6328752639  0.2708473755  -0.7253348189  
0.4534668945  0.385309225  -0.8036818877  
-0.9418708551  0.04259736779  0.3332637944  
0.2211079977  -0.9489869289  0.2248000493  
-0.0740741191  0.6553261581  0.7517051626  
-0.09364397394  -0.3125943053  -0.9452595445  
-0.8904085598  -0.3957626508  0.2248210863  
-0.008246679887  -0.6746607735  0.7380818606  
-0.3177618708  -0.9480328092  -0.01616125748  
-0.3334808898  -0.5472388623  0.7676718855  
0.4776327223  -0.2165668267  -0.8514492305  
-0.4306032309  0.8487190427  0.3070127752  
-0.4935425237  0.5209765778  0.6964188271  
0.6116201757  -0.5413858982  -0.5769073322  
0.2911368378  -0.736894259  0.6101034279  
-0.2587468641  -0.7874272578  0.5594715131  
-0.583290495  -0.8113654598  -0.03818755216  
0.9851812544  0.1643260146  0.04914119399  
