1  0  0  
-0.5442299635  -0.7721141715  0.3281058563  
-0.4897518107  0.7599393691  -0.427358537  
0.4972359613  -0.1676060677  0.8512723447  
-0.3238038306  0.0406877871  0.945248953  
-0.8977979866  -0.4007519823  -0.1826379586  
-0.6040754907  0.266785205  -0.7509450419  
0.5867754676  0.6699555893  -0.4548121139  
-0.8981098834  -0.02625157984  -0.4389868927  
0.438062436  -0.8850819257  0.157261842  
-0.09040171421  0.9336598395  0.3465643289  
0.8283583684  -0.5594940902  0.02808516681  
0.1751348788  -0.9791467859  0.1029531244  
0.8322012628  -0.08160965339  0.5484349757  
-0.1805754547  0.8400234515  -0.5116181253  
-0.1248952206  0.263655236  0.9564973081  
0.7007456007  -0.7127391076  0.03096074329  
0.9138065174  0.3892885806  -0.1158104048  
0.6725130512  -0.1725377798  -0.7196922331  
-0.8982398587  0.1452796257  -0.4147999357  
0.235141625  -0.8811084368  -0.4103124893  
0.9475367089  -0.3137832825  -0.06094454006  
-0.3547482691  0.9253029465  0.1340452266  
0.3810956435  -0.05219935408  0.9230608528  
-0.05970040333  -0.9587233497  -0.2780025189  
-0.7043639401  0.5499448199  -0.4488119148  
0.3408718792  -0.8110304602  0.475432387  
-0.8698291577  -0.14830459  0.4705347862  
0.7316402228  -0.4352165333  -0.5246800487  
0.904936139  -0.3565052252  0.2323674005  
-0.9872064463  -0.1546085956  -0.03898223459  
0.6309989934  -0.1113807778  0.7677464377  
0.6284873792  -0.5735758595  -0.5253706763  
0.9092256509  0.009082612121  -0.4162045433  
0.8038343463  0.4216226303  -0.4196244765  
-0.9374615278  -0.2509694145  0.2412057976  
-0.264961647  0.5146538962  -0.8154303727  
-0.6421710247  -0.04712704009  -0.7651113756  
-0.8794451639  -0.4753876345  -0.02414126405  
-0.07241379207  -0.5929741273  0.8019588063  
0.7921341538  0.610346124  0.001044640362  
0.3550031023  0.6710896656  0.6508544062  
0.4347686658  -0.696492586  0.5708539961  
-0.8439345163  0.4999641392  -0.1944489439  
0.3647954564  -0.5903593916  -0.7200000442  
0.8821090377  0.2752838203  -0.38223352  
-0.5768117831  0.6334304058  -0.5158043116  
-0.7620983912  0.6305752127  -0.146904538  
-0.711989127  -0.4243847479  0.5594363849  
0.5553020491  0.1633092945  0.8154567485  
0.1851444081  0.4687241449  -0.863724044  
0.7464340335  -0.01549454117  0.6652790038  
0.8202867304  0.5487501435  0.1612543333  
-0.8758768804  -0.1959605114  -0.4409525693  
0.3595328019  0.8514652852  0.381763058  
-0.3648180247  0.6128208153  -0.700969655  
0.6547893827  -0.7264992748  0.2084458395  
-0.7056992232  -0.5535280293  0.4422616049  
-0.07377887044  0.5341522579  0.842162718  
-0.831346423  0.4022176228  0.383515461  
-0.8836177127  0.4581419308  0.09656971057  
-0.1509744225  0.4073414419  -0.9007106491  
-0.05526474026  -0.739756849  0.6706009341  
0.9543298133  -0.04080539781  0.2959552788  
0.3808455949  0.1063814934  -0.9184985632  
-0.06456206984  -0.9023531292  -0.4261344498  
0.5903704886  0.4500332103  0.670024474  
-0.2137772758  -0.6427435512  -0.7356493756  
-0.2249791223  -0.5914965724  0.7742843143  
-0.4800726929  -0.658685944  0.5793643385  
0.3907122681  -0.8613947803  0.3245657962  
-0.8175228495  0.4563282566  -0.3513131263  
-0.3405015887  -0.5439495801  -0.7669273254  
0.2350498595  -0.899284408  0.36883481  
0.04291463262  0.9537675002  -0.2974657794  
0.0220737754  0.4532351857  -0.8911176213  
0.02213755707  0.3037270237  0.9525018759  
0.02804060213  -0.3063521491  0.9515051683  
0.05026682168  0.9910301927  0.123824084  
-0.105021966  -0.8942340672  0.4351043779  
-0.985259355  0.05113275739  0.1632465755  
-0.4634977933  0.324622201  -0.8244939189  
0.3715583597  -0.8756149129  -0.3086145001  
-0.4989983175  -0.7649952419  -0.4071645356  
0.4169804419  0.9071198715  -0.05710385039  
0.3916426012  0.8579578172  -0.3324521872  
0.418778942  -0.474363547  0.7743406376  
0.6028036684  0.4102581899  -0.6843361418  
-0.06949048598  -0.7200097582  -0.6904759377  
0.7773803086  0.1408998093  -0.6130473877  
-0.9582506934  0.2127009661  0.1910861264  
0.3534223042  0.4964960566  -0.7928331102  
0.8246920267  -0.5046328917  -0.2553991108  
-0.282068882  0.738607444  -0.6122876689  
0.7090975155  -0.31139278  -0.6326256793  
-0.9430457339  0.2024406862  -0.2639744541  
0.5765176174  0.2638847094  -0.7732996166  
0.5099774423  -0.5622615918  0.6509876425  
0.2206252804  0.9203142389  -0.3230266045  
-0.738251567  0.5416117948  0.4020463748  
-0.332008157  0.4611029528  0.8228940701  
0.9855153456  -0.1030652647  0.1346738833  
0.7988305583  0.2885072381  -0.5278572844  
-0.04046779011  -0.03256880376  0.9986499041  
0.07959312739  -0.6627806493  -0.7445715177  
0.5316666483  0.1168835699  -0.8388496923  
-0.2319690996  0.09827092935  -0.9677464344  
0.4815121032  -0.4665802175  -0.7419224994  
0.2142249807  -0.9740623864  -0.07287060538  
0.2649898657  0.2234670111  -0.9379993955  
-0.7884665879  -0.257442495  -0.558608809  
0.9849275472  0.09979022264  -0.1412785837  
0.3721057687  -0.8027830094  -0.4659149458  
-0.4788180747  -0.567836968  -0.6695479289  
-0.9594935837  0.2623228654  -0.1027559109  
-0.5691207665  -0.3066818971  -0.762920551  
-0.2362525804  0.9390229582  0.2498411539  
-0.5860065389  0.3257027038  0.7419663639  
0.5057267956  -0.6986885517  -0.5060382554  
0.1149006717  0.02018830705  0.9931718219  
0.1959335191  -0.2592353959  0.9457309689  
-0.2165453563  -0.8517607156  -0.4770867763  
-0.4165687544  -0.1170418511  -0.9015385061  
0.3128117025  -0.3705468126  0.8745535424  
-0.1560170989  -0.9708263492  0.1820847728  
0.4466980488  -0.3323999245  -0.8306450165  
0.3610385618  0.6305877958  -0.6870299765  
-0.0867718247  0.8649335638  0.4943284138  
0.7310051923  -0.01580332309  -0.6821888769  
0.7339673248  0.6131669751  0.2920928393  
-0.4080027879  0.1884777858  0.8933139702  
0.4442335424  0.7689277435  -0.4597898271  
-0.3727355902  0.7061824015  0.6019755773  
-0.2569854741  -0.964853385  0.05492186686  
0.8173566885  0.09446879264  0.5683341367  
-0.1404880977  -0.333269667  0.932305971  
0.006665293073  -0.9898699247  0.141820683  
0.2165189671  0.7592922415  0.6136732265  
0.5625674122  -0.4177086807  0.713468545  
-0.5306102172  0.8035767903  -0.2696611569  
0.1015577157  -0.542298508  0.8340253945  
-0.4307091189  -0.250370208  0.8670665567  
0.1113023801  0.9936370195  -0.01724104677  
-0.948938856  -0.1005200841  0.299016321  
-0.2818745199  -0.8459231278  0.4527259844  
0.6840647631  0.7291496213  -0.01990551867  
-0.8145991331  0.2916329376  0.5013765871  
0.4856012671  -0.8528175078  -0.1920773484  
-0.709033737  -0.1618130601  -0.6863582835  
-0.5186885547  0.004817047014  -0.854949694  
0.08343448598  -0.7735963783  -0.6281618661  
0.6032726424  0.7881761464  0.1218215134  
-0.7953786706  0.5945131108  0.1180124211  
0.8181087634  0.369099841  0.440979998  
-0.5032783803  0.5900757855  0.6312855449  
-0.8264519197  -0.4692334301  -0.3111225041  
-0.6211382176  -0.7332830276  -0.2765561717  
-0.3125601538  -0.3643982932  0.8772229102  
-0.6649377047  -0.1278047628  0.7358830012  
-0.8386366147  -0.5264959444  0.1396089146  
-0.9018377192  0.2532453841  0.3500792821  
-0.1475009572  -0.1877109011  -0.9710860339  
-0.6753612068  -0.6673063382  0.3139896356  
-0.4983306164  0.7875000274  0.3626434938  
0.4917962201  0.8312740712  0.2590750787  
-0.1236977515  0.9577484815  -0.2596472846  
-0.782785631  0.1596510724  0.6014633746  
-0.3294832423  -0.7488159528  0.5750786571  
-0.2892051476  0.3337141255  0.8972152836  
-0.4364840961  -0.2792562911  -0.8552763049  
0.4616459684  -0.8869688537  -0.01300970645  
-0.9869143213  0.1585791785  0.02920216796  
-0.5861039845  0.8072683147  0.06928194151  
0.2972612035  0.2345985708  0.925526492  
0.8699483321  -0.3052424194  0.3873202355  
0.4609005708  0.4325433121  0.774904476  
0.7846504827  0.5447356812  -0.2959504311  
0.154650824  -0.07987158488  -0.9847353211  
0.4950842947  0.676933748  0.5446579127  
0.7685197069  -0.40210818  0.4976810944  
-0.3484133777  -0.907988518  -0.2327336878  
-0.9440040369  -0.3263217163  -0.04868794288  
0.2691958078  0.06932720038  0.9605869853  
-0.06400719032  0.997877198  0.0120073853  
-0.0541185404  0.663104368  -0.7465680014  
-0.5747895536  0.8126484687  -0.09601789086  
0.9417929303  0.12857813  0.3106344167  
-0.3270630039  -0.9239487837  0.1983644036  
-0.1979562633  -0.966920339  -0.1608675725  
-0.2111934238  -0.07556315131  0.9745191368  
-0.7414258249  -0.6514977986  0.1607431632  
0.2185854153  -0.5635804875  -0.7966162503  
0.211413838  0.9211816218  0.3266934477  
0.09133891141  0.1880438185  -0.9779042518  
-0.6133796963  -0.5629066961  -0.5539868226  
0.9072287301  -0.415207715  0.0673690188  
-0.6114416581  0.02634169735  0.7908509428  
-0.2324770169  0.797572628  0.5566258525  
-0.8306638618  0.003483241249  0.556763339  
0.6231447218  0.7613256192  -0.1790920357  
-0.5582457259  -0.8287893574  0.03833941282  
0.9035796019  -0.3625719328  -0.2282224717  
0.09498306047  -0.9776861908  -0.1873711037  
-0.7208831848  -0.678810501  -0.1397989185  
-0.5466696671  0.1823301299  0.817256385  
0.9555540036  0.2311241052  0.1830251193  
0.6820866471  0.3119046177  0.6614176558  
-0.3246780765  0.9447393685  -0.04529538937  
0.1485206395  -0.4125069799  -0.8987656042  
0.1636060608  0.811921249  -0.5603721463  
0.07046008716  0.5954091581  0.8003270023  
0.6948780507  -0.7083682619  -0.1239310297  
0.06727569737  0.8225811814  0.5646540361  
0.7233515289  -0.6354407706  -0.2701436521  
0.6970380012  -0.3383915118  0.6321623285  
0.874306515  -0.1426101895  -0.4639509152  
0.7429399151  -0.597521138  0.3016766019  
0.3224629604  0.3977496942  0.8589603134  
-0.7153592722  -0.4261295467  -0.5537821964  
-0.6454819329  0.4889441318  -0.5867594995  
-0.6981420307  -0.279221321  0.6592671377  
0.7309383303  0.5284705809  0.4317962511  
-0.04212829056  -0.4459641392  -0.8940588312  
-0.8113254482  0.2464535838  -0.530105318  
-0.9842888004  -0.05745327124  -0.1669571171  
-0.4723039852  -0.3888934371  0.79100622  
-0.1778800534  -0.3497310151  -0.9198080798  
-0.6239335791  0.6744147069  0.3948058915  
-0.07522312749  0.1498083059  -0.9858493559  
0.06823936132  -0.9090591218  0.4110412421  
-0.3516546367  0.2151805282  -0.9110633111  
0.2608588729  -0.1885794444  -0.9467789824  
0.6237484484  0.6581552427  0.4216272639  
-0.4854511524  -0.8522255905  0.1950608148  
0.6242519358  -0.6890342678  0.3681593384  
-0.4896783405  -0.5282881727  0.6936329933  
0.8985232335  0.3036043004  0.3169864787  
-0.7316893205  0.1805768112  -0.657284378  
0.6058366122  0.5486375434  -0.576158698  
0.9468490234  -0.09373145194  -0.3077195831  
-0.2888731099  0.9332764004  -0.2134185719  
-0.2298555639  0.6912271955  0.6851068413  
0.1957092554  0.5020365561  0.8424115287  
-0.8724736655  -0.4066894824  0.2709121036  
0.212227051  -0.6459830187  0.733256857  
0.3255563252  0.9422340139  0.07879176484  
0.2055931861  0.7065367783  -0.6771537659  
0.4749365388  -0.03480867668  -0.8793313597  
-0.6045290943  0.7573833718  0.2468096477  
0.006459232218  -0.139998756  -0.9901306109  
-0.6147444387  0.456629738  0.6431007367  
0.1195315715  -0.7611959445  0.6374111213  
-0.005970241173  0.8373072861  -0.5466999771  
-0.4709306536  -0.8761570552  -0.1028257464  
0.965654154  0.2445449856  -0.08780549464  
-0.361329184  -0.7726347019  -0.5219931399  
